LIDAR/se2589_DTM_2M.asc
ncols 500
nrows 500
xllcorner    425000
yllcorner    489000
cellsize     2
NODATA_value -9999
[rows 160 to 191 of 500, columns 73 to 145 of 500]
50.115 50.06 49.98 49.895 49.845 49.765 49.645 49.533 49.413 49.315 49.213 49.105 48.995 48.89 48.755 48.643 48.52 48.373 48.205 48.058 47.933 47.765 47.605 47.515 47.37 47.268 47.178 47.073 46.97 46.835 46.758 46.645 46.523 46.49 46.478 46.488 46.488 46.493 46.57 46.628 46.608 46.633 46.66 46.673 46.69 46.705 46.7 46.673 46.648 46.628 46.603 46.578 46.59 46.535 46.468 46.395 46.413 46.453 46.515 46.523 46.548 46.375 46.308 46.253 46.215 46.173 46.105 46 45.923 45.865 45.823 45.718 45.668
50.155 50.073 50.003 49.935 49.885 49.793 49.69 49.578 49.45 49.363 49.225 49.128 49.023 48.928 48.785 48.663 48.515 48.415 48.228 48.1 47.968 47.8 47.65 47.54 47.403 47.29 47.198 47.083 46.983 46.868 46.77 46.665 46.54 46.493 46.498 46.478 46.48 46.503 46.57 46.615 46.623 46.633 46.64 46.668 46.698 46.698 46.668 46.633 46.645 46.618 46.615 46.55 46.565 46.558 46.5 46.43 46.45 46.465 46.54 46.53 46.573 46.443 46.313 46.288 46.248 46.218 46.118 46.05 45.958 45.895 45.893 45.81 45.725
50.173 50.133 50.025 49.975 49.905 49.85 49.72 49.6 49.49 49.385 49.26 49.178 49.063 48.945 48.84 48.703 48.59 48.45 48.273 48.11 47.995 47.835 47.66 47.565 47.433 47.32 47.205 47.083 46.998 46.908 46.778 46.67 46.57 46.498 46.49 46.485 46.485 46.523 46.55 46.6 46.603 46.608 46.665 46.665 46.67 46.675 46.62 46.628 46.638 46.615 46.623 46.568 46.573 46.565 46.505 46.433 46.435 46.49 46.553 46.535 46.578 46.485 46.325 46.318 46.29 46.243 46.165 46.1 46.025 45.948 45.898 45.85 45.783
50.215 50.173 50.06 49.995 49.948 49.873 49.745 49.633 49.513 49.418 49.32 49.218 49.1 48.988 48.865 48.745 48.59 48.488 48.313 48.14 48.02 47.845 47.675 47.59 47.468 47.35 47.235 47.118 47.025 46.93 46.843 46.71 46.603 46.488 46.495 46.488 46.5 46.525 46.543 46.573 46.58 46.593 46.633 46.63 46.62 46.628 46.625 46.638 46.605 46.583 46.58 46.573 46.563 46.533 46.51 46.445 46.43 46.5 46.55 46.558 46.615 46.54 46.353 46.335 46.315 46.275 46.198 46.128 46.06 46.003 45.94 45.9 45.798
50.283 50.185 50.083 50.023 49.98 49.9 49.778 49.66 49.525 49.458 49.345 49.24 49.143 49.005 48.888 48.79 48.623 48.5 48.353 48.188 48.038 47.873 47.715 47.588 47.463 47.363 47.265 47.133 47.03 46.925 46.843 46.708 46.593 46.5 46.483 46.498 46.49 46.503 46.538 46.558 46.56 46.585 46.6 46.613 46.608 46.618 46.623 46.62 46.585 46.593 46.57 46.55 46.563 46.54 46.505 46.415 46.435 46.503 46.568 46.565 46.64 46.535 46.363 46.34 46.335 46.3 46.21 46.168 46.105 46.01 46.015 45.918 45.843
50.258 50.195 50.123 50.075 50.01 49.923 49.82 49.693 49.545 49.48 49.383 49.288 49.155 49.02 48.903 48.785 48.658 48.5 48.37 48.203 48.053 47.9 47.738 47.608 47.49 47.38 47.29 47.158 47.043 46.953 46.868 46.703 46.618 46.52 46.498 46.475 46.483 46.495 46.498 46.515 46.535 46.525 46.575 46.583 46.585 46.603 46.613 46.595 46.598 46.593 46.578 46.543 46.545 46.533 46.49 46.418 46.44 46.483 46.583 46.575 46.638 46.6 46.373 46.375 46.37 46.323 46.275 46.208 46.143 46.07 46.013 45.918 45.863
50.293 50.245 50.173 50.118 50.043 49.953 49.838 49.71 49.583 49.515 49.408 49.31 49.178 49.06 48.935 48.81 48.68 48.538 48.385 48.218 48.078 47.91 47.773 47.648 47.52 47.413 47.298 47.198 47.098 46.968 46.885 46.76 46.645 46.54 46.483 46.49 46.48 46.475 46.488 46.518 46.54 46.51 46.543 46.543 46.553 46.56 46.573 46.58 46.6 46.583 46.57 46.515 46.555 46.515 46.483 46.41 46.42 46.505 46.578 46.585 46.645 46.608 46.395 46.4 46.38 46.355 46.3 46.215 46.133 46.118 46.05 45.98 45.908
50.308 50.268 50.228 50.13 50.068 50.003 49.868 49.775 49.655 49.535 49.438 49.34 49.223 49.093 48.955 48.84 48.698 48.515 48.375 48.22 48.083 47.94 47.77 47.67 47.533 47.43 47.318 47.22 47.108 46.99 46.898 46.785 46.65 46.545 46.5 46.475 46.453 46.45 46.458 46.475 46.48 46.478 46.475 46.495 46.5 46.525 46.53 46.545 46.548 46.573 46.563 46.518 46.528 46.533 46.46 46.4 46.41 46.483 46.563 46.575 46.63 46.55 46.438 46.415 46.39 46.373 46.298 46.24 46.15 46.138 46.085 46.04 45.968
50.338 50.285 50.223 50.158 50.088 50.01 49.908 49.82 49.683 49.533 49.44 49.335 49.24 49.085 49.003 48.878 48.71 48.535 48.403 48.243 48.103 47.93 47.803 47.678 47.555 47.455 47.35 47.238 47.123 47.018 46.925 46.785 46.658 46.568 46.49 46.485 46.448 46.445 46.425 46.443 46.458 46.42 46.443 46.46 46.45 46.47 46.485 46.505 46.523 46.523 46.505 46.493 46.49 46.5 46.465 46.398 46.413 46.458 46.525 46.553 46.61 46.618 46.473 46.45 46.395 46.378 46.33 46.275 46.193 46.145 46.1 46.055 45.988
50.365 50.288 50.243 50.158 50.105 50.03 49.923 49.808 49.688 49.545 49.46 49.358 49.22 49.088 48.995 48.875 48.725 48.585 48.43 48.243 48.103 47.963 47.825 47.688 47.56 47.483 47.358 47.255 47.148 47.053 46.928 46.823 46.683 46.565 46.503 46.453 46.418 46.393 46.39 46.388 46.378 46.368 46.38 46.38 46.405 46.413 46.433 46.445 46.49 46.473 46.46 46.468 46.465 46.49 46.453 46.38 46.375 46.433 46.498 46.56 46.595 46.673 46.488 46.45 46.418 46.34 46.33 46.298 46.233 46.198 46.143 46.08 46.01
50.375 50.315 50.248 50.175 50.13 50.058 49.968 49.838 49.69 49.548 49.485 49.34 49.213 49.098 49.008 48.868 48.72 48.583 48.43 48.263 48.138 47.993 47.843 47.708 47.583 47.465 47.388 47.29 47.148 47.053 46.958 46.825 46.683 46.57 46.48 46.423 46.423 46.375 46.37 46.355 46.338 46.328 46.318 46.33 46.335 46.345 46.37 46.383 46.41 46.415 46.418 46.405 46.413 46.458 46.405 46.365 46.335 46.38 46.47 46.528 46.618 46.7 46.485 46.473 46.43 46.373 46.345 46.298 46.258 46.203 46.158 46.103 46.058
50.403 50.338 50.25 50.188 50.138 50.045 49.965 49.843 49.723 49.568 49.478 49.348 49.23 49.098 49.008 48.86 48.74 48.585 48.448 48.273 48.12 48.003 47.853 47.685 47.58 47.45 47.383 47.263 47.175 47.045 46.958 46.83 46.668 46.565 46.483 46.418 46.373 46.353 46.32 46.308 46.278 46.27 46.265 46.275 46.28 46.3 46.298 46.308 46.328 46.363 46.375 46.363 46.38 46.425 46.383 46.315 46.325 46.365 46.433 46.518 46.558 46.66 46.535 46.465 46.438 46.38 46.355 46.31 46.255 46.2 46.158 46.125 46.07
50.408 50.34 50.245 50.19 50.118 50.04 49.963 49.828 49.71 49.563 49.453 49.348 49.238 49.123 48.998 48.875 48.72 48.583 48.453 48.268 48.103 47.98 47.815 47.668 47.563 47.458 47.375 47.245 47.16 47.058 46.95 46.833 46.705 46.565 46.473 46.398 46.368 46.318 46.268 46.238 46.215 46.2 46.19 46.2 46.193 46.22 46.215 46.248 46.285 46.295 46.315 46.313 46.325 46.365 46.37 46.308 46.265 46.34 46.418 46.478 46.503 46.55 46.48 46.443 46.395 46.353 46.313 46.29 46.22 46.218 46.158 46.115 46.083
50.403 50.303 50.23 50.165 50.108 50.045 49.963 49.825 49.695 49.555 49.455 49.348 49.245 49.113 48.995 48.88 48.72 48.58 48.45 48.268 48.103 47.978 47.818 47.698 47.583 47.488 47.39 47.275 47.19 47.048 46.975 46.858 46.713 46.558 46.45 46.373 46.345 46.258 46.205 46.16 46.15 46.133 46.128 46.133 46.12 46.128 46.135 46.2 46.198 46.24 46.25 46.26 46.28 46.313 46.318 46.265 46.233 46.29 46.378 46.455 46.5 46.565 46.45 46.355 46.338 46.305 46.258 46.26 46.228 46.175 46.133 46.115 46.045
50.385 50.298 50.245 50.155 50.115 50.028 49.925 49.823 49.705 49.56 49.435 49.353 49.208 49.09 48.985 48.848 48.708 48.58 48.408 48.24 48.078 47.958 47.828 47.683 47.573 47.47 47.375 47.273 47.185 47.06 46.983 46.86 46.71 46.573 46.435 46.343 46.31 46.235 46.15 46.125 46.098 46.085 46.068 46.063 46.055 46.083 46.083 46.145 46.143 46.193 46.193 46.208 46.245 46.295 46.288 46.238 46.203 46.275 46.358 46.425 46.425 46.43 46.403 46.315 46.283 46.238 46.175 46.178 46.145 46.135 46.095 46.035 45.993
50.373 50.285 50.233 50.138 50.078 49.998 49.92 49.805 49.7 49.545 49.448 49.33 49.203 49.065 48.975 48.795 48.655 48.55 48.403 48.255 48.093 47.94 47.793 47.673 47.565 47.448 47.363 47.26 47.168 47.05 46.983 46.86 46.733 46.573 46.435 46.34 46.298 46.208 46.113 46.045 46.015 46.02 45.995 45.995 45.978 46.025 46.035 46.1 46.068 46.113 46.138 46.18 46.21 46.273 46.265 46.228 46.165 46.245 46.315 46.365 46.375 46.448 46.375 46.258 46.198 46.158 46.103 46.108 46.075 46.048 46.013 45.978 45.943
50.338 50.253 50.193 50.115 50.073 49.983 49.9 49.813 49.685 49.543 49.428 49.315 49.165 49.075 48.95 48.795 48.605 48.53 48.368 48.23 48.085 47.935 47.783 47.668 47.543 47.453 47.358 47.26 47.173 47.065 46.988 46.87 46.743 46.56 46.433 46.335 46.255 46.178 46.073 45.998 45.978 45.943 45.948 45.943 45.94 45.983 45.99 46.025 46.033 46.078 46.128 46.163 46.188 46.225 46.255 46.225 46.123 46.185 46.268 46.328 46.323 46.44 46.265 46.145 46.11 46.075 46.045 45.983 45.978 45.96 45.925 45.89 45.858
50.31 50.223 50.153 50.093 50.038 49.935 49.898 49.768 49.645 49.538 49.388 49.29 49.165 49.023 48.92 48.798 48.615 48.523 48.363 48.243 48.078 47.955 47.798 47.658 47.555 47.445 47.385 47.253 47.183 47.065 47.005 46.888 46.733 46.58 46.425 46.325 46.21 46.148 46.045 45.98 45.958 45.918 45.915 45.92 45.915 45.968 45.97 46.008 46.015 46.055 46.085 46.15 46.15 46.218 46.22 46.223 46.13 46.143 46.223 46.275 46.28 46.28 46.16 46.02 46.005 45.963 45.915 45.87 45.85 45.805 45.81 45.778 45.73
50.278 50.198 50.125 50.063 49.98 49.923 49.878 49.753 49.615 49.535 49.385 49.288 49.188 49.025 48.92 48.79 48.635 48.523 48.398 48.235 48.083 47.938 47.82 47.68 47.54 47.423 47.368 47.255 47.17 47.078 46.983 46.88 46.738 46.58 46.415 46.285 46.185 46.113 46.003 45.933 45.898 45.883 45.888 45.893 45.893 45.943 45.95 45.978 45.988 46.068 46.068 46.14 46.138 46.195 46.188 46.208 46.11 46.13 46.145 46.233 46.245 46.228 46.068 45.928 45.905 45.825 45.8 45.755 45.74 45.698 45.675 45.66 45.608
50.238 50.17 50.085 50.008 49.95 49.903 49.825 49.76 49.62 49.49 49.395 49.3 49.183 49.045 48.903 48.778 48.638 48.515 48.39 48.25 48.063 47.96 47.793 47.673 47.563 47.423 47.345 47.273 47.183 47.088 46.98 46.868 46.738 46.57 46.403 46.273 46.155 46.073 45.975 45.905 45.873 45.87 45.855 45.855 45.89 45.923 45.955 45.98 45.99 46.045 46.063 46.118 46.135 46.178 46.193 46.173 46.098 46.09 46.128 46.165 46.183 46.19 46.038 45.825 45.823 45.76 45.713 45.638 45.623 45.593 45.56 45.563 45.535
50.185 50.113 50.048 49.98 49.935 49.883 49.835 49.733 49.623 49.49 49.368 49.268 49.175 49.038 48.905 48.773 48.653 48.528 48.4 48.258 48.103 47.973 47.823 47.678 47.565 47.438 47.34 47.283 47.183 47.083 46.98 46.835 46.715 46.57 46.39 46.25 46.125 46.043 45.945 45.875 45.855 45.865 45.85 45.865 45.88 45.94 45.97 45.983 45.993 46.048 46.078 46.14 46.158 46.178 46.163 46.148 46.055 46.06 46.113 46.158 46.145 46.255 46.003 45.755 45.73 45.655 45.598 45.545 45.553 45.503 45.46 45.468 45.423
50.178 50.1 50.018 49.943 49.925 49.873 49.805 49.723 49.62 49.49 49.365 49.253 49.175 49.035 48.923 48.795 48.675 48.54 48.418 48.27 48.105 48.01 47.855 47.69 47.583 47.468 47.373 47.3 47.173 47.063 46.955 46.833 46.688 46.533 46.36 46.215 46.1 46.013 45.908 45.853 45.853 45.863 45.87 45.888 45.898 45.953 45.963 45.995 46.03 46.085 46.093 46.133 46.173 46.19 46.158 46.135 46.075 46.038 46.073 46.13 46.093 46.09 45.908 45.678 45.63 45.578 45.528 45.49 45.475 45.408 45.395 45.395 45.35
50.145 50.08 50.003 49.945 49.9 49.865 49.778 49.69 49.59 49.478 49.363 49.243 49.158 49.053 48.94 48.78 48.678 48.548 48.428 48.275 48.12 47.96 47.833 47.705 47.565 47.463 47.37 47.295 47.163 47.045 46.938 46.815 46.655 46.488 46.323 46.168 46.05 45.97 45.853 45.798 45.843 45.865 45.883 45.903 45.905 45.988 45.995 46.045 46.04 46.098 46.135 46.183 46.183 46.228 46.175 46.143 46.05 46.033 46.055 46.103 46.063 46.028 45.82 45.585 45.545 45.508 45.46 45.388 45.393 45.34 45.328 45.313 45.295
50.108 50.063 49.973 49.918 49.873 49.858 49.758 49.698 49.583 49.478 49.35 49.26 49.148 49.06 48.918 48.81 48.685 48.568 48.418 48.275 48.123 47.988 47.848 47.685 47.56 47.435 47.325 47.238 47.15 47.023 46.895 46.79 46.615 46.425 46.273 46.113 45.993 45.905 45.84 45.78 45.818 45.883 45.908 45.928 45.96 45.998 46.015 46.065 46.083 46.135 46.17 46.205 46.225 46.225 46.21 46.138 46.05 46.01 46.03 46.068 46.053 46.018 45.765 45.528 45.453 45.413 45.393 45.32 45.305 45.275 45.24 45.258 45.248
50.063 50.02 49.94 49.915 49.855 49.803 49.75 49.69 49.595 49.458 49.345 49.263 49.15 49.043 48.923 48.815 48.69 48.568 48.42 48.27 48.125 47.975 47.843 47.665 47.543 47.43 47.295 47.22 47.115 46.983 46.828 46.72 46.563 46.368 46.178 46.04 45.913 45.848 45.813 45.8 45.81 45.89 45.918 45.938 45.975 46.003 46.028 46.103 46.13 46.185 46.228 46.245 46.253 46.268 46.228 46.19 46.075 46.018 46.043 46.053 46.028 46.015 45.76 45.493 45.403 45.36 45.32 45.258 45.233 45.195 45.165 45.2 45.178
50.04 50.008 49.953 49.898 49.84 49.79 49.738 49.683 49.59 49.485 49.345 49.243 49.128 49.05 48.923 48.79 48.67 48.548 48.383 48.253 48.11 47.965 47.83 47.655 47.53 47.418 47.295 47.213 47.075 46.92 46.775 46.638 46.475 46.295 46.108 45.985 45.858 45.785 45.75 45.77 45.82 45.89 45.913 45.968 45.988 46.053 46.073 46.13 46.195 46.238 46.258 46.275 46.285 46.28 46.238 46.19 46.088 46.028 46.048 46.048 46.028 46.03 45.773 45.448 45.373 45.303 45.253 45.198 45.163 45.118 45.098 45.11 45.125
50 49.978 49.91 49.86 49.798 49.788 49.715 49.653 49.583 49.48 49.34 49.225 49.118 49.03 48.898 48.763 48.655 48.538 48.375 48.23 48.085 47.93 47.813 47.623 47.51 47.375 47.25 47.123 47.01 46.838 46.695 46.558 46.368 46.16 46.01 45.908 45.785 45.735 45.715 45.755 45.818 45.918 45.92 45.973 46.02 46.06 46.128 46.155 46.215 46.268 46.295 46.29 46.333 46.333 46.268 46.2 46.093 46.008 46.008 46.04 46.028 46.043 45.72 45.41 45.303 45.253 45.203 45.135 45.098 45.08 45.03 45.045 45.05
49.998 49.953 49.923 49.86 49.8 49.773 49.703 49.643 49.558 49.465 49.355 49.213 49.113 49.003 48.88 48.763 48.62 48.505 48.345 48.193 48.025 47.883 47.768 47.585 47.46 47.333 47.208 47.068 46.94 46.773 46.61 46.418 46.243 46.06 45.91 45.845 45.725 45.688 45.7 45.725 45.795 45.875 45.945 46 46.018 46.06 46.123 46.178 46.225 46.288 46.313 46.328 46.345 46.338 46.288 46.245 46.133 46.038 45.998 46.015 46.005 46.028 45.713 45.398 45.278 45.218 45.16 45.053 45.023 45.018 44.975 44.985 44.99
49.993 49.905 49.873 49.863 49.795 49.758 49.72 49.638 49.545 49.44 49.313 49.175 49.088 48.978 48.885 48.745 48.595 48.463 48.315 48.158 47.993 47.855 47.723 47.585 47.418 47.27 47.13 46.983 46.83 46.655 46.498 46.333 46.145 45.993 45.855 45.775 45.688 45.67 45.683 45.72 45.795 45.883 45.943 45.998 46.045 46.095 46.133 46.193 46.22 46.288 46.343 46.35 46.348 46.348 46.298 46.24 46.13 46.035 45.99 46.003 46.003 46.005 45.723 45.383 45.263 45.183 45.11 45.013 44.983 44.958 44.933 44.943 44.943
49.95 49.91 49.86 49.825 49.77 49.74 49.678 49.643 49.528 49.405 49.298 49.158 49.053 48.945 48.833 48.705 48.583 48.413 48.268 48.115 47.975 47.803 47.67 47.518 47.33 47.213 47.063 46.885 46.695 46.538 46.365 46.195 46.065 45.918 45.823 45.77 45.675 45.658 45.658 45.71 45.775 45.888 45.95 45.97 46.043 46.095 46.14 46.198 46.235 46.265 46.335 46.363 46.353 46.36 46.333 46.233 46.11 46.028 46.005 46 45.98 45.98 45.738 45.428 45.228 45.163 45.085 44.98 44.895 44.88 44.875 44.893 44.88
49.948 49.888 49.835 49.793 49.76 49.733 49.698 49.595 49.483 49.398 49.28 49.133 49.013 48.905 48.788 48.683 48.518 48.383 48.21 48.075 47.92 47.768 47.615 47.465 47.288 47.143 46.96 46.793 46.61 46.423 46.24 46.095 45.978 45.89 45.798 45.74 45.683 45.65 45.658 45.705 45.775 45.87 45.95 45.998 46.018 46.078 46.145 46.19 46.22 46.268 46.323 46.363 46.353 46.33 46.323 46.25 46.1 46.03 45.97 45.988 45.98 45.978 45.775 45.388 45.195 45.12 45.055 44.943 44.838 44.833 44.805 44.805 44.828
49.9 49.88 49.82 49.773 49.723 49.698 49.638 49.585 49.458 49.363 49.223 49.098 48.98 48.838 48.725 48.598 48.453 48.33 48.173 48.03 47.885 47.71 47.56 47.398 47.195 47.068 46.883 46.68 46.495 46.305 46.16 46.02 45.935 45.843 45.775 45.72 45.673 45.668 45.67 45.713 45.788 45.863 45.915 46.003 46.015 46.088 46.138 46.165 46.208 46.228 46.275 46.32 46.323 46.298 46.295 46.228 46.1 46.018 45.963 45.985 45.968 45.95 45.793 45.363 45.133 45.088 44.995 44.885 44.788 44.795 44.733 44.723 44.765
