LIDAR/se2586_DTM_2M.asc
ncols 500
nrows 500
xllcorner    425000
yllcorner    486000
cellsize     2
NODATA_value -9999
[rows 0 to 33 of 500, columns 375 to 449 of 500]
47.398 47.41 47.418 47.448 47.493 47.568 47.713 48.033 48.615 48.775 48.818 48.885 48.963 49.033 49.11 49.16 49.213 49.31 49.355 49.45 49.545 49.62 49.69 49.793 49.873 49.938 50.025 50.075 50.103 50.15 50.193 50.285 50.308 50.365 50.383 50.383 50.38 50.403 50.44 50.45 50.49 50.508 50.533 50.558 50.623 50.645 50.725 50.795 50.803 50.85 50.93 51.003 51.068 51.173 51.28 51.378 51.47 51.548 51.658 51.74 51.818 51.888 51.998 52.088 52.14 52.213 52.278 52.358 52.413 52.483 52.545 52.6 52.623 52.64 52.66
47.303 47.338 47.343 47.373 47.413 47.443 47.54 47.725 48.18 48.75 48.83 48.87 48.945 49 49.108 49.18 49.26 49.305 49.393 49.493 49.553 49.64 49.735 49.825 49.908 49.975 50.078 50.12 50.178 50.24 50.315 50.368 50.423 50.458 50.483 50.478 50.493 50.5 50.515 50.57 50.6 50.623 50.638 50.66 50.653 50.698 50.745 50.78 50.845 50.88 50.908 50.975 51.063 51.13 51.205 51.325 51.41 51.46 51.595 51.67 51.778 51.843 51.953 52.058 52.105 52.183 52.263 52.328 52.38 52.468 52.505 52.545 52.593 52.655 52.685
47.243 47.258 47.28 47.295 47.32 47.378 47.423 47.533 47.803 48.463 48.85 48.913 48.953 49.005 49.098 49.178 49.238 49.338 49.423 49.465 49.533 49.643 49.753 49.865 49.968 50.028 50.143 50.22 50.28 50.305 50.393 50.46 50.49 50.535 50.57 50.59 50.59 50.62 50.598 50.63 50.665 50.698 50.688 50.728 50.735 50.71 50.755 50.79 50.823 50.863 50.923 50.975 51.033 51.108 51.168 51.233 51.318 51.445 51.528 51.608 51.71 51.815 51.895 51.945 52.075 52.153 52.215 52.263 52.365 52.438 52.468 52.525 52.545 52.603 52.645
47.2 47.188 47.208 47.21 47.245 47.278 47.323 47.41 47.57 48.043 48.648 48.885 48.978 49.043 49.133 49.17 49.238 49.333 49.398 49.488 49.553 49.688 49.763 49.883 50 50.098 50.175 50.25 50.378 50.4 50.478 50.518 50.583 50.603 50.665 50.673 50.683 50.703 50.693 50.693 50.71 50.73 50.745 50.755 50.773 50.748 50.765 50.805 50.838 50.883 50.913 50.965 51.023 51.073 51.123 51.2 51.293 51.37 51.485 51.58 51.665 51.743 51.838 51.898 52 52.103 52.155 52.228 52.285 52.373 52.435 52.483 52.545 52.56 52.62
47.118 47.125 47.115 47.125 47.15 47.175 47.23 47.33 47.463 47.69 48.138 48.77 48.958 49.04 49.073 49.18 49.253 49.335 49.388 49.465 49.583 49.678 49.773 49.89 50.018 50.105 50.223 50.323 50.4 50.483 50.56 50.583 50.62 50.695 50.75 50.745 50.778 50.8 50.755 50.75 50.735 50.763 50.76 50.795 50.813 50.805 50.82 50.813 50.86 50.878 50.923 50.948 50.983 51.045 51.1 51.165 51.228 51.315 51.398 51.51 51.6 51.705 51.778 51.86 51.96 52.01 52.105 52.183 52.243 52.325 52.383 52.455 52.488 52.53 52.588
47.045 47.023 47.03 47.07 47.068 47.113 47.17 47.253 47.358 47.52 47.785 48.343 48.91 49.03 49.133 49.175 49.263 49.35 49.418 49.515 49.575 49.675 49.775 49.89 50.048 50.128 50.218 50.373 50.465 50.535 50.598 50.65 50.673 50.74 50.783 50.828 50.845 50.853 50.828 50.803 50.783 50.783 50.815 50.833 50.863 50.85 50.828 50.845 50.873 50.913 50.935 50.943 50.993 51.008 51.083 51.135 51.17 51.27 51.33 51.433 51.525 51.635 51.73 51.798 51.87 51.965 52.05 52.13 52.198 52.26 52.33 52.408 52.47 52.495 52.568
46.98 46.963 46.993 47.018 47.04 47.073 47.15 47.218 47.323 47.463 47.633 47.933 48.573 48.948 49.168 49.2 49.253 49.34 49.435 49.52 49.6 49.678 49.79 49.923 50.053 50.178 50.253 50.385 50.5 50.57 50.64 50.705 50.753 50.753 50.788 50.848 50.91 50.9 50.873 50.873 50.8 50.81 50.84 50.86 50.86 50.845 50.838 50.828 50.83 50.89 50.903 50.94 50.95 51.025 51.05 51.108 51.14 51.213 51.298 51.37 51.498 51.55 51.645 51.735 51.82 51.883 51.985 52.093 52.16 52.215 52.283 52.32 52.398 52.46 52.528
46.958 46.938 46.96 46.953 46.985 47.035 47.093 47.16 47.258 47.405 47.523 47.773 48.15 48.765 49.17 49.193 49.28 49.35 49.443 49.533 49.638 49.718 49.798 49.903 50.058 50.178 50.28 50.395 50.523 50.61 50.678 50.763 50.8 50.81 50.853 50.895 50.9 50.92 50.908 50.91 50.888 50.85 50.85 50.833 50.858 50.86 50.86 50.863 50.855 50.88 50.898 50.915 50.945 50.983 51.01 51.078 51.133 51.135 51.265 51.338 51.418 51.498 51.568 51.675 51.765 51.83 51.925 52.005 52.098 52.155 52.205 52.27 52.355 52.423 52.48
46.985 46.96 46.93 46.928 46.968 46.985 47.055 47.143 47.22 47.353 47.458 47.618 47.895 48.278 48.903 49.193 49.328 49.385 49.465 49.535 49.635 49.685 49.8 49.928 50.055 50.16 50.32 50.428 50.538 50.608 50.685 50.793 50.848 50.86 50.895 50.875 50.923 50.95 50.938 50.923 50.9 50.923 50.908 50.85 50.883 50.893 50.878 50.853 50.858 50.863 50.898 50.908 50.91 50.96 50.99 51.028 51.108 51.165 51.24 51.29 51.378 51.423 51.513 51.605 51.69 51.758 51.83 51.93 52.015 52.108 52.14 52.238 52.3 52.388 52.458
46.985 46.943 46.9 46.888 46.903 46.96 47.038 47.13 47.185 47.283 47.393 47.503 47.68 47.933 48.458 49.138 49.333 49.43 49.5 49.575 49.673 49.743 49.833 49.953 50.053 50.173 50.308 50.45 50.555 50.683 50.713 50.813 50.91 50.933 50.925 50.89 50.928 50.915 50.925 50.948 50.953 50.948 50.94 50.92 50.898 50.895 50.878 50.888 50.86 50.868 50.855 50.89 50.945 50.953 50.978 51.01 51.065 51.123 51.168 51.243 51.303 51.358 51.428 51.515 51.583 51.673 51.788 51.868 51.955 52.065 52.138 52.203 52.263 52.33 52.413
46.885 46.835 46.785 46.803 46.805 46.853 46.948 47.055 47.143 47.213 47.318 47.42 47.555 47.753 48.04 48.738 49.188 49.423 49.563 49.61 49.7 49.798 49.9 49.983 50.07 50.198 50.325 50.473 50.575 50.688 50.765 50.843 50.923 50.923 50.918 50.915 50.91 50.885 50.893 50.983 50.975 50.975 50.96 50.928 50.91 50.9 50.888 50.905 50.915 50.885 50.873 50.878 50.92 50.963 50.998 51.013 51.058 51.098 51.125 51.168 51.228 51.303 51.35 51.45 51.513 51.603 51.705 51.785 51.908 51.983 52.07 52.145 52.195 52.26 52.363
46.83 46.848 46.815 46.779 46.781 46.791 46.845 46.943 47.078 47.178 47.27 47.34 47.47 47.608 47.828 48.055 48.725 49.305 49.548 49.66 49.725 49.845 49.95 50.005 50.128 50.238 50.318 50.473 50.593 50.698 50.75 50.845 50.91 50.913 50.933 50.97 50.968 50.925 50.91 50.983 50.965 50.988 50.975 50.968 50.918 50.905 50.893 50.89 50.898 50.875 50.868 50.888 50.878 50.94 50.96 51.01 51.015 51.065 51.098 51.133 51.18 51.238 51.293 51.385 51.453 51.543 51.65 51.728 51.84 51.935 51.983 52.09 52.133 52.193 52.285
46.813 46.791 46.746 46.746 46.749 46.755 46.803 46.833 46.978 47.108 47.2 47.27 47.395 47.485 47.67 47.87 48.235 48.918 49.518 49.685 49.74 49.833 49.945 50.055 50.178 50.263 50.383 50.473 50.59 50.668 50.793 50.848 50.885 50.905 50.933 50.96 50.948 50.945 50.943 50.963 50.953 50.975 50.968 50.95 50.938 50.89 50.873 50.915 50.913 50.898 50.89 50.893 50.913 50.945 50.96 50.978 50.958 51.003 51.06 51.113 51.135 51.178 51.218 51.303 51.358 51.453 51.555 51.663 51.783 51.873 51.915 51.983 52.105 52.15 52.21
46.775 46.731 46.753 46.757 46.759 46.763 46.737 46.783 46.85 47.048 47.15 47.243 47.325 47.433 47.55 47.78 48.005 48.508 49.183 49.598 49.795 49.9 50.003 50.1 50.223 50.338 50.43 50.493 50.61 50.69 50.785 50.84 50.883 50.923 50.935 50.93 50.95 50.955 50.968 50.978 50.943 50.938 50.975 50.94 50.928 50.903 50.9 50.895 50.88 50.873 50.865 50.885 50.88 50.895 50.91 50.918 50.913 50.96 50.995 51.055 51.065 51.098 51.155 51.238 51.288 51.388 51.475 51.583 51.708 51.805 51.85 51.925 52.018 52.105 52.143
46.788 46.7 46.758 46.766 46.769 46.736 46.653 46.65 46.7 46.93 47.14 47.223 47.293 47.375 47.523 47.675 47.883 48.208 48.748 49.403 49.84 49.965 50.03 50.108 50.243 50.368 50.438 50.538 50.6 50.67 50.753 50.833 50.853 50.895 50.948 50.945 50.925 50.93 50.96 50.988 50.973 50.965 50.978 50.95 50.98 50.945 50.913 50.875 50.87 50.875 50.855 50.85 50.87 50.888 50.885 50.88 50.893 50.915 50.95 50.985 51.015 51.025 51.09 51.143 51.233 51.31 51.403 51.47 51.598 51.69 51.773 51.82 51.923 52.02 52.09
46.8 46.728 46.79 46.811 46.825 46.742 46.608 46.554 46.597 46.87 47.07 47.218 47.28 47.348 47.493 47.618 47.8 48.01 48.46 49.175 49.798 49.988 50.075 50.17 50.325 50.418 50.47 50.588 50.625 50.683 50.743 50.8 50.863 50.883 50.925 50.96 50.928 50.935 50.99 50.98 50.978 50.98 50.988 50.983 50.973 50.943 50.923 50.905 50.883 50.85 50.843 50.843 50.828 50.823 50.818 50.825 50.848 50.873 50.895 50.91 50.955 50.968 51.028 51.098 51.155 51.218 51.308 51.4 51.468 51.55 51.653 51.763 51.833 51.955 52.045
46.913 46.773 46.843 46.843 46.795 46.651 46.649 46.627 46.658 46.825 46.985 47.163 47.285 47.345 47.458 47.613 47.75 47.968 48.353 48.868 49.448 49.75 49.935 50.218 50.425 50.463 50.515 50.603 50.645 50.71 50.758 50.785 50.818 50.848 50.885 50.92 50.938 50.94 50.968 50.958 50.978 50.985 50.96 50.965 50.975 50.948 50.955 50.928 50.875 50.835 50.82 50.793 50.775 50.773 50.795 50.783 50.79 50.8 50.813 50.843 50.903 50.955 50.97 51.025 51.098 51.178 51.203 51.31 51.425 51.463 51.583 51.655 51.75 51.828 51.955
46.983 46.863 46.865 46.775 46.561 46.61 46.612 46.616 46.688 46.843 47 47.178 47.26 47.345 47.453 47.563 47.718 47.94 48.268 48.713 49.215 49.563 49.78 50.198 50.378 50.505 50.558 50.62 50.653 50.708 50.738 50.773 50.793 50.815 50.84 50.895 50.923 50.91 50.93 50.953 50.933 50.975 50.965 50.96 50.955 50.968 50.938 50.92 50.873 50.82 50.805 50.778 50.758 50.74 50.748 50.758 50.735 50.745 50.765 50.808 50.8 50.84 50.915 50.945 51.005 51.063 51.118 51.213 51.31 51.393 51.498 51.603 51.663 51.75 51.888
47.05 46.983 46.893 46.68 46.53 46.668 46.608 46.571 46.765 46.873 47.063 47.203 47.27 47.37 47.45 47.565 47.683 47.89 48.208 48.61 49.073 49.508 49.718 49.898 50.2 50.483 50.633 50.66 50.708 50.708 50.753 50.753 50.763 50.8 50.828 50.86 50.908 50.913 50.893 50.923 50.948 50.973 50.973 50.918 50.92 50.928 50.933 50.89 50.845 50.795 50.778 50.763 50.71 50.683 50.688 50.698 50.653 50.705 50.7 50.743 50.768 50.785 50.855 50.865 50.9 50.955 51.045 51.103 51.21 51.305 51.378 51.49 51.57 51.693 51.768
47.068 47.07 47.025 46.958 46.763 46.775 46.75 46.68 46.778 46.948 47.17 47.253 47.313 47.4 47.453 47.543 47.628 47.81 48.12 48.47 48.995 49.408 49.645 49.828 50.023 50.325 50.625 50.698 50.743 50.755 50.753 50.755 50.763 50.78 50.79 50.838 50.883 50.913 50.915 50.925 50.943 50.955 50.943 50.905 50.893 50.9 50.905 50.85 50.813 50.763 50.733 50.693 50.678 50.673 50.64 50.628 50.633 50.63 50.615 50.635 50.68 50.708 50.743 50.785 50.845 50.898 50.945 51.02 51.07 51.178 51.265 51.375 51.468 51.595 51.673
47.133 47.09 47.073 47.048 47.033 47.005 46.978 46.908 46.895 47.06 47.225 47.303 47.34 47.413 47.473 47.545 47.635 47.748 47.995 48.363 48.818 49.273 49.6 49.768 49.88 50.123 50.59 50.688 50.718 50.765 50.763 50.755 50.753 50.738 50.78 50.81 50.84 50.885 50.89 50.918 50.91 50.938 50.913 50.9 50.9 50.855 50.838 50.798 50.773 50.72 50.678 50.625 50.623 50.633 50.593 50.55 50.565 50.555 50.555 50.558 50.615 50.628 50.698 50.72 50.765 50.813 50.84 50.915 50.958 51.073 51.143 51.258 51.36 51.49 51.573
47.185 47.153 47.135 47.1 47.103 47.125 47.115 47.135 47.095 47.078 47.255 47.32 47.358 47.425 47.473 47.54 47.6 47.715 47.885 48.248 48.643 49.093 49.513 49.705 49.808 49.913 50.36 50.683 50.738 50.775 50.785 50.755 50.81 50.753 50.785 50.79 50.838 50.863 50.868 50.878 50.903 50.898 50.878 50.865 50.878 50.855 50.788 50.773 50.728 50.69 50.675 50.615 50.573 50.553 50.533 50.5 50.503 50.463 50.498 50.463 50.51 50.543 50.61 50.63 50.65 50.715 50.73 50.773 50.85 50.96 51.035 51.16 51.278 51.4 51.483
47.32 47.26 47.22 47.175 47.183 47.178 47.185 47.233 47.228 47.138 47.215 47.365 47.405 47.433 47.455 47.518 47.575 47.705 47.835 48.088 48.398 48.888 49.32 49.623 49.753 49.815 50.12 50.5 50.738 50.74 50.778 50.74 50.798 50.805 50.745 50.763 50.818 50.855 50.848 50.843 50.87 50.865 50.835 50.838 50.84 50.785 50.745 50.718 50.655 50.628 50.598 50.575 50.538 50.493 50.468 50.438 50.395 50.44 50.425 50.415 50.433 50.468 50.505 50.51 50.535 50.588 50.615 50.66 50.75 50.873 50.963 51.078 51.208 51.328 51.428
47.385 47.363 47.305 47.265 47.263 47.255 47.263 47.295 47.353 47.3 47.23 47.363 47.43 47.433 47.473 47.493 47.59 47.708 47.815 47.995 48.24 48.673 49.133 49.47 49.648 49.743 49.833 50.21 50.645 50.745 50.758 50.755 50.773 50.75 50.753 50.768 50.785 50.8 50.813 50.803 50.813 50.808 50.795 50.778 50.768 50.713 50.683 50.663 50.618 50.588 50.538 50.533 50.468 50.413 50.373 50.348 50.333 50.333 50.313 50.34 50.335 50.37 50.388 50.413 50.42 50.445 50.51 50.56 50.61 50.74 50.855 50.953 51.098 51.24 51.325
47.423 47.438 47.415 47.375 47.36 47.345 47.35 47.353 47.39 47.413 47.31 47.318 47.448 47.463 47.43 47.525 47.6 47.705 47.78 47.905 48.118 48.478 48.925 49.308 49.568 49.66 49.705 49.953 50.383 50.728 50.728 50.723 50.718 50.718 50.77 50.768 50.745 50.753 50.773 50.773 50.78 50.755 50.775 50.753 50.73 50.685 50.658 50.613 50.578 50.523 50.478 50.503 50.445 50.383 50.318 50.303 50.293 50.24 50.228 50.255 50.263 50.27 50.238 50.308 50.323 50.345 50.398 50.473 50.538 50.623 50.75 50.873 50.965 51.105 51.248
47.51 47.54 47.545 47.513 47.475 47.458 47.45 47.423 47.453 47.463 47.43 47.288 47.393 47.455 47.493 47.56 47.58 47.665 47.73 47.845 48.018 48.31 48.675 49.08 49.405 49.573 49.643 49.76 50.178 50.745 50.715 50.723 50.725 50.77 50.748 50.758 50.748 50.733 50.738 50.728 50.73 50.74 50.74 50.705 50.66 50.633 50.61 50.55 50.498 50.465 50.433 50.413 50.36 50.305 50.275 50.235 50.22 50.17 50.158 50.158 50.143 50.148 50.143 50.168 50.193 50.203 50.285 50.345 50.435 50.538 50.653 50.783 50.875 50.998 51.113
47.603 47.615 47.635 47.63 47.598 47.553 47.568 47.495 47.483 47.5 47.52 47.408 47.268 47.495 47.563 47.568 47.585 47.633 47.695 47.805 47.948 48.173 48.48 48.843 49.218 49.453 49.573 49.7 49.915 50.438 50.713 50.715 50.738 50.753 50.738 50.718 50.733 50.725 50.69 50.69 50.685 50.703 50.678 50.648 50.628 50.598 50.553 50.49 50.443 50.37 50.348 50.323 50.27 50.245 50.243 50.163 50.12 50.11 50.06 49.998 49.998 50.043 50.048 50.018 50.065 50.143 50.183 50.228 50.323 50.428 50.545 50.658 50.775 50.905 50.988
47.693 47.68 47.718 47.703 47.685 47.648 47.63 47.565 47.525 47.498 47.533 47.515 47.298 47.475 47.608 47.593 47.588 47.64 47.685 47.76 47.863 48.033 48.318 48.625 49.01 49.323 49.508 49.593 49.725 50.035 50.533 50.665 50.668 50.703 50.72 50.715 50.703 50.685 50.695 50.653 50.638 50.638 50.618 50.563 50.563 50.535 50.498 50.438 50.388 50.31 50.288 50.268 50.22 50.2 50.153 50.09 50.013 49.97 49.963 49.915 49.87 49.903 49.908 49.913 49.958 50.028 50.103 50.148 50.225 50.313 50.46 50.51 50.623 50.765 50.875
47.773 47.748 47.748 47.735 47.72 47.708 47.66 47.615 47.593 47.535 47.528 47.58 47.438 47.31 47.585 47.61 47.603 47.628 47.66 47.715 47.788 47.935 48.158 48.448 48.833 49.19 49.398 49.543 49.625 49.805 50.11 50.538 50.665 50.668 50.698 50.693 50.663 50.653 50.655 50.623 50.598 50.58 50.555 50.53 50.513 50.475 50.423 50.398 50.333 50.293 50.24 50.185 50.13 50.11 50.075 49.995 49.97 49.925 49.87 49.82 49.768 49.768 49.79 49.82 49.853 49.915 50 50.095 50.148 50.185 50.313 50.398 50.515 50.643 50.758
47.848 47.818 47.805 47.768 47.74 47.705 47.71 47.675 47.655 47.603 47.593 47.645 47.603 47.365 47.493 47.675 47.643 47.62 47.665 47.7 47.758 47.838 48.01 48.293 48.688 49.008 49.278 49.478 49.548 49.683 49.898 50.513 50.68 50.653 50.665 50.665 50.665 50.658 50.615 50.603 50.565 50.515 50.49 50.465 50.423 50.398 50.363 50.328 50.258 50.238 50.163 50.105 50.07 50.033 49.963 49.94 49.89 49.785 49.73 49.718 49.695 49.645 49.698 49.728 49.783 49.793 49.873 49.953 49.995 50.1 50.19 50.295 50.39 50.52 50.64
47.87 47.885 47.843 47.808 47.783 47.743 47.753 47.723 47.658 47.685 47.643 47.61 47.673 47.568 47.338 47.608 47.658 47.635 47.625 47.663 47.693 47.785 47.945 48.188 48.523 48.875 49.155 49.363 49.49 49.585 49.743 50.105 50.75 50.67 50.61 50.63 50.62 50.638 50.568 50.56 50.523 50.465 50.423 50.405 50.365 50.35 50.32 50.263 50.208 50.195 50.138 50.08 50.01 49.94 49.875 49.838 49.81 49.705 49.665 49.623 49.613 49.585 49.615 49.633 49.673 49.733 49.75 49.845 49.9 49.95 50.043 50.145 50.29 50.418 50.513
47.915 47.908 47.903 47.86 47.823 47.785 47.755 47.735 47.673 47.775 47.715 47.64 47.648 47.615 47.435 47.455 47.663 47.638 47.628 47.645 47.685 47.735 47.875 48.09 48.42 48.778 49.028 49.245 49.42 49.528 49.64 49.858 50.325 50.708 50.608 50.595 50.585 50.57 50.548 50.503 50.458 50.41 50.378 50.338 50.32 50.278 50.24 50.223 50.16 50.133 50.088 50.028 49.948 49.865 49.803 49.768 49.705 49.638 49.555 49.5 49.495 49.515 49.503 49.523 49.55 49.625 49.65 49.688 49.788 49.858 49.958 50.058 50.198 50.278 50.383
47.953 47.943 47.925 47.908 47.863 47.818 47.795 47.815 47.78 47.82 47.765 47.693 47.668 47.675 47.623 47.335 47.593 47.635 47.603 47.608 47.663 47.728 47.848 48.01 48.285 48.66 48.935 49.125 49.328 49.473 49.588 49.738 49.998 50.475 50.538 50.575 50.553 50.57 50.558 50.47 50.438 50.393 50.31 50.275 50.27 50.223 50.168 50.135 50.088 50.043 49.983 49.948 49.878 49.78 49.715 49.653 49.578 49.555 49.505 49.41 49.413 49.415 49.415 49.44 49.448 49.518 49.57 49.583 49.628 49.76 49.848 49.948 50.068 50.175 50.27
48.03 48.01 47.988 47.94 47.885 47.855 47.88 47.865 47.848 47.828 47.798 47.763 47.693 47.665 47.718 47.493 47.445 47.63 47.608 47.595 47.66 47.688 47.8 47.953 48.205 48.575 48.813 49.023 49.238 49.433 49.533 49.643 49.823 50.01 50.313 50.548 50.538 50.51 50.505 50.473 50.418 50.335 50.285 50.233 50.203 50.173 50.12 50.088 50.025 49.978 49.92 49.855 49.778 49.71 49.628 49.555 49.51 49.45 49.42 49.385 49.338 49.305 49.325 49.348 49.343 49.375 49.47 49.503 49.54 49.635 49.73 49.848 49.955 50.048 50.205
