LIDAR/se2585_DTM_2M.asc
ncols 500
nrows 500
xllcorner    425000
yllcorner    485000
cellsize     2
NODATA_value -9999
[rows 374 to 407 of 500, columns 0 to 76 of 500]
70.961 71.036 71.105 71.219 71.32 71.403 71.476 71.538 71.589 71.711 71.783 71.84 71.956 72.032 72.066 72.193 72.274 72.316 72.328 72.327 72.376 72.468 72.435 72.438 72.482 72.518 72.538 72.638 72.578 72.583 72.596 72.559 72.485 72.524 72.543 72.529 72.509 72.566 72.637 72.71 72.729 72.731 72.736 72.649 72.733 72.946 72.874 72.743 72.537 72.382 72.377 72.355 72.284 72.216 72.174 71.922 71.745 71.638 71.611 71.526 71.468 71.401 71.333 71.296 71.152 70.973 70.999 70.897 70.656 70.523 70.428 70.339 70.252 70.139 70.041 69.911 69.659
71.039 71.117 71.241 71.317 71.446 71.556 71.614 71.688 71.756 71.803 71.885 72.001 72.074 72.152 72.237 72.28 72.37 72.499 72.515 72.477 72.587 72.689 72.687 72.685 72.688 72.685 72.804 72.903 72.85 72.748 72.716 72.741 72.821 72.762 72.702 72.742 72.778 72.794 73.003 73.085 73.264 73.369 73.394 73.176 73.265 73.142 73.03 72.911 72.782 72.761 72.785 72.761 72.667 72.571 72.464 72.206 72.147 71.983 71.929 71.886 71.821 71.692 71.608 71.577 71.446 71.428 71.393 71.229 70.985 70.732 70.708 70.66 70.578 70.477 70.374 70.233 70.011
71.142 71.236 71.306 71.419 71.577 71.647 71.727 71.808 71.852 71.958 72.103 72.148 72.211 72.327 72.383 72.404 72.531 72.583 72.621 72.715 72.792 72.877 72.923 72.932 72.875 72.964 73.008 73.007 73.019 73.029 72.94 72.912 73.05 73.032 72.952 72.954 72.96 72.997 73.185 73.446 73.668 73.843 73.837 73.613 73.392 73.224 73.104 72.993 72.975 73.017 73.05 73.03 72.885 72.757 72.663 72.469 72.422 72.419 72.21 72.173 72.124 71.955 71.855 71.785 71.734 71.744 71.79 71.6 71.401 71.16 71.046 70.994 70.901 70.805 70.703 70.594 70.406
71.273 71.353 71.417 71.532 71.638 71.704 71.847 71.92 71.961 72.094 72.216 72.25 72.399 72.464 72.465 72.583 72.691 72.693 72.742 72.851 72.933 73.069 73.149 73.101 73.158 73.247 73.284 73.267 73.205 73.175 73.209 73.19 73.178 73.189 73.162 73.128 73.174 73.174 73.33 73.644 73.842 73.984 73.838 73.629 73.457 73.327 73.202 73.126 73.185 73.229 73.271 73.271 73.131 72.99 72.985 72.892 72.741 72.635 72.453 72.425 72.369 72.185 72.136 72.053 72.062 72.036 71.983 71.803 71.62 71.48 71.34 71.167 71.229 71.134 71.034 70.935 70.778
71.332 71.424 71.586 71.646 71.716 71.797 71.915 72.002 72.136 72.225 72.303 72.437 72.557 72.593 72.668 72.704 72.735 72.844 72.905 72.982 73.076 73.2 73.252 73.336 73.38 73.386 73.445 73.549 73.461 73.366 73.398 73.421 73.423 73.414 73.398 73.334 73.403 73.502 73.653 73.805 73.987 74.006 73.851 73.739 73.72 73.617 73.505 73.469 73.47 73.475 73.496 73.507 73.381 73.265 73.304 73.281 73.079 72.899 72.799 72.703 72.853 72.465 72.457 72.421 72.339 72.247 72.316 72.007 71.899 71.793 71.703 71.521 71.425 71.349 71.273 71.229 71.12
71.377 71.531 71.652 71.707 71.824 71.885 71.928 72.099 72.238 72.303 72.432 72.521 72.592 72.724 72.833 72.863 72.91 73.005 73.014 73.162 73.282 73.322 73.409 73.545 73.572 73.578 73.596 73.646 73.701 73.651 73.613 73.636 73.628 73.6 73.583 73.578 73.557 73.668 73.809 73.956 74.102 74.023 73.957 73.928 73.939 73.961 73.852 73.82 73.827 73.828 73.798 73.701 73.624 73.536 73.444 73.4 73.275 73.139 73.012 72.97 72.969 72.882 72.926 72.82 72.599 72.445 72.343 72.536 72.28 72.02 71.974 71.92 71.768 71.676 71.644 71.538 71.382
71.453 71.548 71.669 71.759 71.87 71.949 72.083 72.221 72.3 72.434 72.519 72.553 72.641 72.785 72.887 72.984 73.055 73.158 73.208 73.323 73.405 73.463 73.599 73.642 73.675 73.781 73.805 73.823 73.879 73.915 73.872 73.871 73.881 73.806 73.765 73.784 73.867 73.925 73.995 74.109 74.201 74.143 74.132 74.121 74.11 74.179 74.203 74.178 74.142 74.067 73.984 73.892 73.821 73.814 73.751 73.622 73.434 73.335 73.258 73.128 73.178 73.164 73.168 73.068 72.939 72.723 72.569 72.581 72.58 72.386 72.245 72.27 72.171 72.062 71.945 71.764 71.624
71.534 71.643 71.748 71.833 71.92 72.043 72.193 72.283 72.407 72.542 72.569 72.618 72.747 72.834 72.981 73.115 73.2 73.291 73.386 73.428 73.544 73.667 73.741 73.808 73.852 73.904 73.985 74.05 74.051 74.033 74.044 74.019 74.043 74.034 74.005 74.175 74.227 74.279 74.331 74.356 74.336 74.338 74.327 74.316 74.304 74.299 74.442 74.421 74.329 74.237 74.152 74.072 74.057 74.062 74.032 73.91 73.786 73.641 73.491 73.391 73.403 73.422 73.296 73.141 73.053 72.99 72.874 72.814 72.793 72.716 72.583 72.464 72.367 72.229 72.075 71.977 71.893
71.556 71.694 71.821 71.891 72.07 72.202 72.249 72.357 72.518 72.594 72.656 72.751 72.866 72.969 73.142 73.206 73.305 73.422 73.503 73.566 73.712 73.771 73.849 73.989 74.031 74.066 74.123 74.153 74.212 74.25 74.232 74.185 74.212 74.285 74.418 74.555 74.607 74.628 74.604 74.579 74.511 74.472 74.499 74.517 74.51 74.53 74.612 74.668 74.576 74.476 74.379 74.304 74.262 74.269 74.258 74.161 74.042 73.896 73.737 73.71 73.54 73.498 73.462 73.332 73.202 73.157 73.1 73.073 73.034 72.927 72.839 72.684 72.528 72.432 72.348 72.163 72.301
71.593 71.715 71.826 71.989 72.14 72.236 72.34 72.468 72.548 72.684 72.813 72.877 72.997 73.156 73.271 73.332 73.451 73.516 73.612 73.765 73.86 73.929 74.014 74.065 74.085 74.213 74.205 74.19 74.322 74.385 74.366 74.376 74.36 74.525 74.829 74.902 74.876 74.836 74.806 74.793 74.717 74.616 74.606 74.64 74.689 74.738 74.802 74.854 74.822 74.739 74.689 74.65 74.526 74.389 74.369 74.285 74.173 74.064 73.975 73.939 73.802 73.706 73.613 73.622 73.571 73.399 73.254 73.252 73.263 73.158 73.049 72.924 72.832 72.719 72.634 72.567 72.465
71.662 71.751 71.891 72.106 72.166 72.272 72.435 72.516 72.615 72.766 72.859 72.935 73.172 73.263 73.366 73.453 73.521 73.629 73.775 73.877 73.944 74.074 74.166 74.197 74.238 74.313 74.313 74.33 74.406 74.463 74.539 74.572 74.609 74.841 75.055 75.105 75.068 75.034 75.019 75.006 74.886 74.816 74.724 74.761 74.915 74.905 74.927 74.982 74.969 74.947 75.018 74.993 74.836 74.673 74.53 74.423 74.375 74.285 74.187 74.14 74.053 73.955 73.907 74.003 73.952 73.776 73.574 73.447 73.483 73.496 73.287 73.277 73.136 72.995 72.92 72.836 72.751
71.678 71.802 71.938 72.092 72.229 72.368 72.445 72.571 72.731 72.82 72.902 73.057 73.242 73.337 73.47 73.572 73.663 73.843 73.93 73.982 74.104 74.188 74.243 74.329 74.366 74.383 74.393 74.402 74.476 74.585 74.639 74.666 74.796 74.989 75.183 75.253 75.256 75.236 75.218 75.192 75.098 74.991 74.896 74.984 75.15 75.07 75.065 75.11 75.11 75.109 75.162 75.251 75.114 74.961 74.81 74.699 74.627 74.558 74.509 74.415 74.318 74.259 74.261 74.244 74.159 73.997 73.817 73.717 73.739 73.776 73.716 73.648 73.438 73.261 73.207 73.122 73.037
71.685 71.867 71.974 72.099 72.274 72.39 72.487 72.665 72.789 72.901 73.018 73.115 73.29 73.429 73.525 73.662 73.865 73.998 74.07 74.207 74.32 74.343 74.389 74.457 74.465 74.492 74.52 74.567 74.667 74.729 74.717 74.801 74.974 75.157 75.297 75.368 75.406 75.346 75.317 75.304 75.194 75.098 75.167 75.305 75.366 75.336 75.306 75.239 75.281 75.287 75.322 75.309 75.23 75.107 75.047 74.984 74.904 74.829 74.764 74.681 74.627 74.594 74.567 74.497 74.391 74.222 74.118 74.002 74.015 74.012 74.019 73.951 73.738 73.526 73.487 73.408 73.323
71.737 71.876 72.037 72.211 72.314 72.438 72.605 72.77 72.861 73.03 73.17 73.205 73.395 73.53 73.6 73.81 73.988 74.089 74.192 74.296 74.367 74.446 74.511 74.52 74.544 74.552 74.596 74.718 74.771 74.795 74.836 74.897 75.094 75.359 75.433 75.512 75.569 75.478 75.409 75.423 75.393 75.281 75.382 75.497 75.601 75.645 75.617 75.559 75.506 75.519 75.547 75.449 75.332 75.283 75.269 75.24 75.185 75.108 75.046 74.957 74.9 74.852 74.86 74.794 74.627 74.509 74.397 74.288 74.292 74.328 74.277 74.177 73.992 73.802 73.756 73.695 73.609
71.771 71.912 72.091 72.246 72.359 72.528 72.664 72.82 72.977 73.096 73.213 73.308 73.432 73.601 73.771 73.959 74.068 74.161 74.283 74.356 74.423 74.467 74.51 74.601 74.634 74.634 74.714 74.802 74.814 74.888 74.911 75.017 75.308 75.639 75.604 75.656 75.735 75.624 75.521 75.541 75.592 75.573 75.539 75.639 75.748 75.86 75.85 75.838 75.79 75.741 75.757 75.64 75.507 75.462 75.445 75.433 75.448 75.446 75.439 75.265 75.114 75.116 75.155 75.236 75.077 74.857 74.693 74.58 74.582 74.501 74.472 74.4 74.223 74.114 74.049 73.973 73.813
71.811 72.043 72.18 72.264 72.435 72.578 72.65 72.864 73.012 73.13 73.296 73.395 73.48 73.706 73.864 74.024 74.142 74.215 74.318 74.43 74.503 74.55 74.589 74.705 74.715 74.774 74.798 74.835 74.919 75.056 75.25 75.513 75.788 75.866 75.754 75.813 75.948 75.825 75.648 75.698 75.763 75.755 75.762 75.811 75.917 76.026 75.992 75.958 75.976 75.982 75.967 75.876 75.774 75.673 75.613 75.604 75.678 75.763 75.586 75.406 75.41 75.457 75.4 75.371 75.336 75.213 75.045 74.886 74.869 74.825 74.727 74.626 74.526 74.453 74.378 74.241 74.178
71.849 72.043 72.187 72.337 72.458 72.614 72.749 72.933 73.038 73.205 73.349 73.443 73.626 73.836 73.923 74.076 74.201 74.235 74.348 74.478 74.548 74.653 74.734 74.819 74.841 74.909 74.857 74.913 75.077 75.233 75.384 75.661 75.977 76.049 76.053 76.034 76.167 76.077 76.025 75.987 75.948 75.956 76.001 76.035 76.091 76.191 76.152 76.076 76.057 76.074 76.112 76.079 75.999 75.91 75.818 75.787 75.97 76.033 75.936 75.851 75.875 75.793 75.624 75.492 75.387 75.345 75.223 75.115 75.102 75.069 74.974 74.887 74.827 74.763 74.694 74.586 74.535
71.902 72.005 72.192 72.389 72.493 72.679 72.858 72.996 73.142 73.26 73.38 73.529 73.707 73.805 73.994 74.135 74.226 74.287 74.392 74.498 74.596 74.693 74.775 74.872 74.925 74.936 74.974 75.058 75.196 75.378 75.56 75.777 76.022 76.104 76.08 76.231 76.348 76.297 76.184 76.096 76.061 76.175 76.223 76.266 76.306 76.358 76.312 76.234 76.163 76.187 76.258 76.232 76.155 76.078 76.004 75.971 76.105 76.188 76.184 76.179 76.156 76.015 75.836 75.708 75.579 75.459 75.355 75.335 75.368 75.329 75.234 75.159 75.103 75.044 74.98 74.914 74.785
71.945 72.101 72.245 72.406 72.573 72.767 72.888 73.092 73.241 73.32 73.469 73.648 73.786 73.89 74.111 74.224 74.305 74.385 74.469 74.554 74.694 74.739 74.83 74.938 74.965 74.985 75.097 75.247 75.437 75.582 75.75 75.956 76.19 76.225 76.267 76.353 76.354 76.28 76.172 76.116 76.188 76.354 76.393 76.467 76.512 76.53 76.514 76.442 76.374 76.383 76.448 76.384 76.311 76.245 76.222 76.249 76.316 76.309 76.305 76.299 76.305 76.213 76.051 75.91 75.794 75.655 75.544 75.555 75.581 75.584 75.497 75.433 75.378 75.322 75.262 75.144 74.971
71.992 72.15 72.296 72.463 72.632 72.809 72.942 73.143 73.305 73.416 73.572 73.719 73.854 74.003 74.155 74.299 74.394 74.457 74.55 74.65 74.738 74.816 74.927 74.988 75.021 75.12 75.24 75.572 75.725 75.846 75.971 76.126 76.238 76.292 76.338 76.368 76.325 76.263 76.193 76.195 76.319 76.519 76.618 76.663 76.653 76.689 76.722 76.658 76.616 76.626 76.606 76.552 76.489 76.468 76.483 76.505 76.492 76.44 76.422 76.424 76.437 76.405 76.266 76.123 75.964 75.866 75.84 75.82 75.809 75.821 75.765 75.708 75.639 75.561 75.498 75.357 75.188
72.006 72.123 72.32 72.508 72.645 72.822 72.987 73.115 73.333 73.532 73.647 73.8 73.954 74.053 74.194 74.353 74.481 74.554 74.624 74.713 74.79 74.879 74.962 75.029 75.135 75.261 75.524 75.821 75.975 76.091 76.195 76.299 76.251 76.33 76.378 76.349 76.312 76.289 76.265 76.315 76.491 76.671 76.811 76.83 76.833 76.838 76.883 76.897 76.862 76.841 76.786 76.729 76.739 76.731 76.778 76.777 76.698 76.611 76.541 76.557 76.57 76.557 76.428 76.265 76.155 76.125 76.12 76.097 76.084 76.072 75.988 75.887 75.779 75.738 75.735 75.586 75.407
72.065 72.189 72.38 72.515 72.646 72.85 72.967 73.139 73.325 73.52 73.696 73.87 73.981 74.106 74.271 74.388 74.496 74.607 74.669 74.748 74.872 74.902 74.97 75.088 75.23 75.482 75.753 75.999 76.053 76.175 76.299 76.379 76.436 76.34 76.357 76.414 76.396 76.343 76.344 76.476 76.679 76.87 76.943 76.968 76.976 76.981 77.023 77.064 77.06 77.055 77.037 77.021 76.961 76.908 76.97 77.033 76.937 76.815 76.708 76.692 76.705 76.693 76.564 76.477 76.451 76.425 76.4 76.376 76.359 76.342 76.296 76.154 75.997 75.998 75.954 75.805 75.656
72.055 72.274 72.39 72.523 72.668 72.898 73.015 73.195 73.319 73.478 73.742 73.933 74.028 74.189 74.329 74.417 74.526 74.608 74.692 74.779 74.874 74.928 75.022 75.132 75.438 75.657 75.918 76.156 76.14 76.224 76.355 76.514 76.595 76.556 76.537 76.504 76.491 76.452 76.474 76.614 76.922 77.037 77.07 77.083 77.077 77.07 77.08 77.155 77.213 77.191 77.165 77.179 77.162 77.109 77.14 77.14 77.111 77.001 76.883 76.841 76.839 76.82 76.743 76.753 76.731 76.705 76.681 76.64 76.625 76.639 76.582 76.477 76.379 76.287 76.168 76.026 75.879
72.125 72.271 72.421 72.554 72.647 72.926 73.091 73.197 73.391 73.579 73.728 73.902 74.079 74.228 74.318 74.413 74.513 74.592 74.711 74.805 74.875 74.977 75.15 75.307 75.65 75.87 76.09 76.313 76.276 76.272 76.415 76.562 76.733 76.731 76.662 76.571 76.54 76.537 76.623 76.763 77.085 77.19 77.185 77.178 77.167 77.152 77.133 77.274 77.345 77.335 77.344 77.336 77.312 77.276 77.254 77.218 77.217 77.179 77.065 77.004 76.986 76.967 76.973 76.996 76.999 76.947 76.876 76.853 76.919 77.109 77.016 76.743 76.623 76.528 76.407 76.261 76.135
72.086 72.236 72.442 72.646 72.755 73.003 73.152 73.239 73.462 73.681 73.816 73.957 74.093 74.21 74.329 74.397 74.516 74.606 74.698 74.816 74.911 74.989 75.228 75.488 75.75 76.012 76.268 76.467 76.423 76.356 76.513 76.696 76.693 76.714 76.691 76.662 76.601 76.629 76.815 77.037 77.245 77.399 77.334 77.28 77.248 77.243 77.323 77.428 77.482 77.501 77.507 77.483 77.435 77.437 77.397 77.362 77.319 77.294 77.246 77.168 77.159 77.177 77.213 77.233 77.21 77.126 77.065 77.096 77.154 77.243 77.129 76.955 76.833 76.766 76.642 76.499 76.426
72.073 72.276 72.469 72.668 72.843 72.984 73.177 73.409 73.574 73.685 73.848 73.991 74.085 74.234 74.371 74.43 74.539 74.613 74.682 74.811 74.937 75.091 75.306 75.566 75.84 76.118 76.392 76.53 76.455 76.402 76.46 76.634 76.634 76.669 76.688 76.699 76.706 76.821 77.01 77.189 77.401 77.559 77.59 77.455 77.379 77.343 77.469 77.546 77.603 77.658 77.654 77.602 77.563 77.577 77.573 77.524 77.476 77.427 77.384 77.343 77.42 77.467 77.453 77.444 77.411 77.337 77.335 77.362 77.343 77.351 77.233 77.131 77.093 77.031 76.902 76.808 76.726
72.11 72.275 72.491 72.69 72.882 73.005 73.193 73.403 73.589 73.691 73.793 73.954 74.109 74.228 74.337 74.442 74.519 74.607 74.719 74.787 74.898 75.152 75.392 75.714 76.003 76.267 76.482 76.519 76.459 76.447 76.453 76.536 76.585 76.609 76.643 76.766 76.971 77.083 77.16 77.242 77.427 77.556 77.658 77.615 77.504 77.527 77.602 77.619 77.684 77.747 77.758 77.717 77.701 77.717 77.726 77.686 77.638 77.589 77.548 77.546 77.711 77.737 77.601 77.655 77.636 77.598 77.616 77.682 77.567 77.467 77.413 77.384 77.288 77.324 77.231 77.103 77.027
72.117 72.279 72.524 72.693 72.861 73.072 73.253 73.353 73.524 73.644 73.715 73.93 74.1 74.152 74.297 74.437 74.509 74.596 74.709 74.783 75.009 75.281 75.598 75.874 76.087 76.352 76.531 76.519 76.432 76.425 76.506 76.506 76.544 76.558 76.707 76.924 77.137 77.237 77.314 77.376 77.426 77.497 77.59 77.678 77.633 77.654 77.682 77.723 77.758 77.822 77.838 77.842 77.857 77.858 77.874 77.848 77.8 77.752 77.784 77.853 77.949 77.949 77.967 77.935 77.897 77.862 77.822 77.808 77.736 77.621 77.548 77.558 77.562 77.548 77.43 77.317 77.247
72.105 72.28 72.517 72.737 72.89 73.057 73.272 73.408 73.522 73.637 73.74 73.945 74.104 74.16 74.258 74.378 74.491 74.615 74.743 74.907 75.201 75.488 75.691 75.86 76.028 76.295 76.538 76.501 76.436 76.406 76.429 76.582 76.638 76.731 76.849 77.038 77.258 77.38 77.453 77.514 77.55 77.569 77.61 77.659 77.71 77.77 77.906 77.913 77.901 77.908 77.942 78.027 78.102 78.042 78.017 78.01 77.972 77.959 78.048 78.095 78.082 78.124 78.159 78.158 78.148 78.115 77.953 77.866 77.814 77.772 77.77 77.789 77.793 77.713 77.594 77.497 77.461
72.16 72.37 72.503 72.757 72.938 73.009 73.248 73.423 73.534 73.662 73.776 73.878 74.003 74.169 74.257 74.368 74.464 74.646 74.835 74.996 75.358 75.526 75.646 75.787 75.955 76.147 76.407 76.367 76.422 76.498 76.502 76.58 76.671 76.923 77.01 77.183 77.368 77.487 77.582 77.652 77.684 77.684 77.715 77.757 77.785 77.939 78.089 78.092 78.069 78.05 78.092 78.239 78.341 78.302 78.224 78.154 78.21 78.251 78.284 78.231 78.205 78.251 78.315 78.335 78.334 78.266 78.095 77.987 78.012 77.995 77.991 78.051 77.982 77.857 77.741 77.688 77.653
72.083 72.34 72.542 72.733 72.868 73.037 73.265 73.38 73.505 73.61 73.727 73.841 73.947 74.073 74.26 74.413 74.57 74.774 75.036 75.228 75.391 75.545 75.694 75.799 75.906 76.051 76.247 76.274 76.386 76.513 76.553 76.595 76.701 76.942 77.119 77.292 77.476 77.593 77.69 77.784 77.818 77.829 77.841 77.843 77.859 78.014 78.112 78.157 78.175 78.209 78.268 78.392 78.441 78.369 78.268 78.303 78.402 78.468 78.466 78.417 78.331 78.379 78.445 78.503 78.453 78.323 78.204 78.175 78.301 78.302 78.309 78.232 78.152 78.039 77.929 77.88 77.845
71.964 72.193 72.479 72.724 72.859 73.02 73.251 73.344 73.456 73.56 73.662 73.8 73.899 74.038 74.187 74.399 74.667 74.96 75.217 75.399 75.472 75.573 75.716 75.858 75.959 76.056 76.148 76.291 76.413 76.532 76.557 76.606 76.732 76.956 77.188 77.404 77.57 77.677 77.769 77.83 77.933 78.023 77.993 77.939 77.933 78.037 78.09 78.143 78.22 78.343 78.424 78.473 78.42 78.357 78.339 78.4 78.469 78.544 78.606 78.599 78.495 78.499 78.565 78.592 78.551 78.438 78.418 78.522 78.613 78.592 78.529 78.424 78.314 78.201 78.112 78.087 78.068
71.966 72.163 72.331 72.618 72.882 73 73.187 73.318 73.392 73.541 73.682 73.775 73.891 74.072 74.166 74.514 74.783 75.097 75.403 75.575 75.648 75.721 75.795 75.898 76.021 76.117 76.187 76.346 76.489 76.625 76.686 76.748 76.807 77.037 77.338 77.545 77.646 77.734 77.779 77.822 78.004 78.098 78.063 78.017 77.983 78.103 78.192 78.25 78.376 78.51 78.556 78.536 78.491 78.438 78.39 78.417 78.481 78.56 78.641 78.707 78.717 78.673 78.65 78.632 78.61 78.588 78.686 78.754 78.748 78.77 78.727 78.586 78.44 78.337 78.289 78.303 78.317
71.978 72.167 72.292 72.511 72.829 73.03 73.186 73.282 73.387 73.524 73.683 73.779 73.876 74.015 74.248 74.61 74.914 75.194 75.565 75.711 75.78 75.871 75.921 75.958 76.054 76.111 76.148 76.302 76.481 76.593 76.739 76.913 76.993 77.191 77.392 77.566 77.667 77.751 77.768 77.814 77.993 78.101 78.06 78.035 78.056 78.2 78.388 78.55 78.669 78.701 78.659 78.635 78.586 78.534 78.49 78.472 78.537 78.628 78.73 78.792 78.819 78.851 78.761 78.715 78.707 78.765 78.851 78.867 78.814 78.827 78.768 78.681 78.564 78.498 78.444 78.443 78.496
