LIDAR/se2587_DTM_2M.asc
ncols 500
nrows 500
xllcorner    425000
yllcorner    487000
cellsize     2
NODATA_value -9999
[rows 384 to 415 of 500, columns 360 to 431 of 500]
49.313 49.258 49.218 49.141 49.118 49.073 49.041 48.978 48.968 48.943 48.886 48.846 48.801 48.786 48.766 48.733 48.713 48.666 48.646 48.653 48.666 48.643 48.626 48.633 48.591 48.553 48.541 48.523 48.516 48.508 48.496 48.471 48.486 48.548 48.546 48.546 48.501 48.513 48.456 48.443 48.378 48.36 48.345 48.303 48.278 48.305 48.298 48.283 48.265 48.263 48.265 48.283 48.27 48.238 48.248 48.243 48.298 48.28 48.14 48.16 48.185 48.265 48.248 48.193 48.178 48.128 48.145 48.138 48.168 48.155 48.13 48.155
49.303 49.228 49.168 49.166 49.111 49.063 49.008 48.986 48.951 48.901 48.866 48.823 48.793 48.791 48.778 48.721 48.711 48.673 48.676 48.653 48.683 48.668 48.646 48.641 48.613 48.573 48.558 48.541 48.523 48.513 48.493 48.491 48.548 48.541 48.578 48.568 48.521 48.511 48.486 48.426 48.393 48.368 48.325 48.29 48.32 48.313 48.3 48.283 48.288 48.275 48.27 48.253 48.268 48.26 48.235 48.245 48.273 48.303 48.21 48.18 48.193 48.218 48.265 48.253 48.21 48.193 48.163 48.13 48.155 48.16 48.15 48.135
49.273 49.198 49.161 49.123 49.091 49.063 48.996 48.963 48.936 48.883 48.871 48.826 48.781 48.763 48.756 48.716 48.693 48.706 48.676 48.653 48.651 48.651 48.643 48.636 48.603 48.561 48.551 48.533 48.506 48.506 48.511 48.506 48.548 48.548 48.561 48.578 48.546 48.551 48.483 48.446 48.413 48.365 48.33 48.333 48.325 48.328 48.328 48.298 48.308 48.348 48.293 48.298 48.288 48.263 48.27 48.29 48.278 48.323 48.243 48.158 48.175 48.2 48.24 48.28 48.26 48.22 48.225 48.183 48.185 48.16 48.2 48.193
49.218 49.191 49.143 49.091 49.088 49.028 49.006 48.928 48.886 48.876 48.853 48.813 48.786 48.773 48.736 48.753 48.721 48.686 48.683 48.661 48.668 48.638 48.658 48.648 48.623 48.586 48.538 48.556 48.553 48.516 48.526 48.521 48.533 48.548 48.556 48.558 48.556 48.531 48.461 48.448 48.4 48.383 48.38 48.35 48.305 48.33 48.375 48.35 48.323 48.315 48.305 48.325 48.315 48.315 48.29 48.31 48.31 48.313 48.305 48.213 48.188 48.2 48.23 48.293 48.31 48.268 48.235 48.23 48.223 48.25 48.243 48.25
49.223 49.148 49.093 49.061 49.036 48.991 48.978 48.933 48.883 48.851 48.833 48.826 48.788 48.773 48.763 48.753 48.746 48.716 48.693 48.661 48.651 48.638 48.658 48.631 48.608 48.588 48.566 48.578 48.548 48.543 48.528 48.533 48.518 48.528 48.528 48.548 48.538 48.516 48.473 48.426 48.393 48.383 48.373 48.388 48.35 48.353 48.373 48.385 48.345 48.328 48.32 48.34 48.34 48.345 48.348 48.325 48.343 48.34 48.435 48.333 48.193 48.183 48.273 48.285 48.338 48.305 48.285 48.288 48.278 48.268 48.295 48.28
49.163 49.103 49.088 49.031 49.006 48.978 48.951 48.916 48.908 48.853 48.843 48.831 48.798 48.783 48.753 48.743 48.746 48.776 48.713 48.656 48.673 48.643 48.623 48.611 48.638 48.626 48.591 48.568 48.556 48.543 48.548 48.558 48.533 48.553 48.546 48.531 48.521 48.496 48.508 48.443 48.4 48.378 48.37 48.385 48.4 48.39 48.39 48.405 48.393 48.368 48.355 48.363 48.37 48.375 48.408 48.413 48.39 48.403 48.413 48.395 48.268 48.205 48.263 48.295 48.325 48.328 48.338 48.328 48.353 48.335 48.378 48.31
49.103 49.068 49.081 49.008 48.983 48.963 48.936 48.871 48.873 48.871 48.836 48.848 48.803 48.766 48.778 48.758 48.756 48.788 48.723 48.713 48.678 48.653 48.648 48.623 48.641 48.651 48.606 48.563 48.528 48.546 48.546 48.583 48.558 48.573 48.551 48.541 48.526 48.521 48.498 48.436 48.413 48.395 48.368 48.378 48.425 48.435 48.393 48.408 48.433 48.418 48.395 48.385 48.383 48.388 48.428 48.473 48.465 48.458 48.43 48.47 48.375 48.245 48.288 48.318 48.4 48.433 48.445 48.41 48.365 48.355 48.365 48.4
49.103 49.041 49.058 48.996 48.971 48.936 48.943 48.896 48.881 48.896 48.876 48.861 48.818 48.811 48.801 48.793 48.736 48.741 48.718 48.701 48.683 48.671 48.686 48.668 48.681 48.673 48.638 48.611 48.588 48.548 48.563 48.563 48.566 48.566 48.553 48.576 48.561 48.541 48.506 48.471 48.435 48.435 48.428 48.425 48.433 48.463 48.47 48.468 48.475 48.473 48.455 48.433 48.393 48.445 48.433 48.475 48.538 48.523 48.543 48.568 48.485 48.31 48.313 48.32 48.46 48.463 48.46 48.468 48.448 48.428 48.515 48.505
49.116 49.038 49.013 49.006 48.981 48.916 48.938 48.886 48.888 48.888 48.906 48.858 48.841 48.806 48.813 48.806 48.766 48.731 48.733 48.738 48.693 48.686 48.671 48.681 48.701 48.698 48.681 48.643 48.636 48.563 48.581 48.558 48.541 48.568 48.593 48.596 48.603 48.558 48.536 48.493 48.485 48.488 48.49 48.463 48.47 48.498 48.495 48.493 48.5 48.493 48.53 48.518 48.493 48.505 48.498 48.528 48.58 48.628 48.635 48.623 48.538 48.383 48.36 48.368 48.428 48.473 48.525 48.533 48.538 48.555 48.588 48.583
49.111 49.051 49.048 49.013 48.976 48.956 48.931 48.896 48.883 48.903 48.903 48.886 48.858 48.848 48.818 48.776 48.808 48.803 48.748 48.748 48.728 48.723 48.718 48.713 48.686 48.701 48.661 48.656 48.661 48.606 48.593 48.616 48.601 48.603 48.621 48.618 48.643 48.611 48.598 48.561 48.528 48.505 48.523 48.543 48.558 48.53 48.538 48.55 48.558 48.538 48.583 48.575 48.565 48.595 48.61 48.588 48.63 48.698 48.74 48.73 48.655 48.495 48.408 48.408 48.48 48.51 48.548 48.585 48.648 48.663 48.653 48.668
49.121 49.083 49.066 49.011 49.001 48.981 48.938 48.898 48.886 48.901 48.891 48.881 48.876 48.851 48.828 48.781 48.783 48.781 48.753 48.728 48.736 48.748 48.721 48.696 48.723 48.711 48.701 48.673 48.663 48.641 48.628 48.631 48.651 48.656 48.676 48.663 48.678 48.658 48.641 48.606 48.603 48.543 48.578 48.615 48.613 48.598 48.595 48.63 48.655 48.63 48.623 48.658 48.645 48.675 48.698 48.693 48.71 48.78 48.833 48.813 48.748 48.595 48.5 48.535 48.585 48.57 48.665 48.695 48.753 48.755 48.8 48.81
49.131 49.118 49.093 49.031 49.038 49.016 48.971 48.938 48.951 48.918 48.908 48.901 48.878 48.863 48.841 48.808 48.813 48.798 48.781 48.756 48.748 48.728 48.726 48.711 48.736 48.723 48.693 48.708 48.658 48.681 48.673 48.663 48.671 48.706 48.716 48.688 48.673 48.703 48.656 48.628 48.625 48.608 48.668 48.67 48.693 48.705 48.695 48.735 48.76 48.74 48.753 48.773 48.75 48.765 48.793 48.81 48.785 48.865 48.923 48.943 48.92 48.738 48.623 48.67 48.688 48.735 48.83 48.893 48.9 48.903 49.005 48.973
49.161 49.161 49.123 49.101 49.108 49.036 49.013 48.973 49.006 48.971 48.963 48.908 48.888 48.883 48.891 48.846 48.833 48.811 48.786 48.796 48.786 48.781 48.748 48.756 48.726 48.721 48.711 48.713 48.688 48.681 48.711 48.723 48.736 48.758 48.783 48.763 48.766 48.758 48.723 48.693 48.685 48.67 48.695 48.718 48.733 48.773 48.79 48.808 48.838 48.838 48.863 48.865 48.885 48.905 48.9 48.89 48.895 48.915 49.005 49.058 49.028 48.973 48.905 48.908 48.888 48.923 49.048 49.118 49.013 49.028 49.083 49.058
49.186 49.146 49.163 49.151 49.151 49.086 49.043 49.003 48.983 49.001 48.993 48.923 48.943 48.916 48.901 48.893 48.876 48.851 48.816 48.801 48.808 48.808 48.773 48.778 48.778 48.738 48.733 48.746 48.741 48.726 48.723 48.771 48.793 48.793 48.818 48.831 48.821 48.798 48.773 48.766 48.77 48.745 48.773 48.785 48.818 48.848 48.858 48.875 48.948 48.953 48.97 48.965 48.973 48.983 48.993 48.98 49.003 49.013 49.043 49.083 49.113 49.115 49.073 49.118 49.05 49.02 49.06 49.058 49.05 49.01 48.998 49.035
49.236 49.193 49.201 49.163 49.138 49.101 49.071 49.061 49.073 49.023 49.046 48.973 48.948 48.988 48.966 48.933 48.921 48.883 48.866 48.858 48.841 48.821 48.811 48.796 48.786 48.781 48.781 48.793 48.788 48.796 48.788 48.831 48.868 48.876 48.903 48.901 48.903 48.873 48.841 48.831 48.84 48.84 48.888 48.888 48.905 48.93 48.97 49 49.028 49.058 49.05 49.043 49.033 49.045 49.038 49.033 49.098 49.08 49.053 49.085 49.133 49.16 49.115 49.13 49.103 49.053 49.03 48.998 49.005 49.023 49.025 49.035
49.331 49.271 49.248 49.248 49.161 49.168 49.138 49.118 49.106 49.056 49.081 49.053 49.008 49.011 49.003 48.958 48.956 48.926 48.921 48.891 48.876 48.856 48.828 48.803 48.821 48.848 48.831 48.841 48.881 48.891 48.893 48.893 48.911 48.956 48.958 48.978 48.983 48.953 48.958 48.953 48.953 48.933 48.975 48.968 48.993 49.008 49.068 49.1 49.075 49.053 49.105 49.11 49.085 49.09 49.115 49.085 49.105 49.128 49.125 49.115 49.118 49.12 49.105 49.088 49.06 49.04 49.048 49.018 49.038 49.038 49.068 49.075
49.373 49.376 49.306 49.276 49.258 49.221 49.213 49.166 49.153 49.136 49.116 49.093 49.058 49.043 49.053 49.038 49.013 48.993 48.966 48.956 48.921 48.911 48.883 48.863 48.896 48.891 48.921 48.898 48.916 48.973 48.968 48.993 48.971 49.006 49.023 49.056 49.073 49.083 49.061 49.046 49.053 49.056 49.071 49.056 49.078 49.131 49.138 49.126 49.156 49.148 49.141 49.163 49.141 49.158 49.151 49.161 49.183 49.151 49.161 49.118 49.131 49.118 49.131 49.096 49.078 49.051 49.058 49.076 49.083 49.083 49.121 49.143
49.471 49.463 49.398 49.323 49.316 49.321 49.281 49.243 49.203 49.203 49.161 49.138 49.123 49.113 49.091 49.086 49.068 49.076 49.041 49.016 48.961 48.963 48.911 48.926 48.931 48.933 48.996 49.016 49.033 49.028 49.068 49.058 49.081 49.118 49.111 49.131 49.138 49.133 49.131 49.121 49.136 49.141 49.131 49.146 49.171 49.178 49.208 49.228 49.213 49.223 49.211 49.216 49.213 49.211 49.201 49.188 49.183 49.233 49.211 49.208 49.181 49.151 49.161 49.126 49.128 49.118 49.148 49.138 49.106 49.176 49.223 49.208
49.576 49.538 49.503 49.423 49.413 49.391 49.338 49.336 49.258 49.213 49.226 49.206 49.186 49.186 49.171 49.121 49.131 49.131 49.101 49.078 49.058 49.048 49.051 49.016 49.011 49.018 49.063 49.096 49.111 49.133 49.158 49.166 49.171 49.226 49.233 49.251 49.221 49.233 49.223 49.223 49.228 49.223 49.241 49.206 49.211 49.198 49.228 49.273 49.283 49.258 49.238 49.246 49.251 49.248 49.243 49.236 49.236 49.261 49.258 49.266 49.246 49.193 49.153 49.171 49.193 49.191 49.221 49.251 49.226 49.251 49.258 49.273
49.701 49.626 49.606 49.563 49.531 49.463 49.396 49.413 49.341 49.281 49.301 49.268 49.263 49.236 49.238 49.256 49.203 49.211 49.228 49.186 49.161 49.131 49.116 49.123 49.121 49.156 49.163 49.176 49.243 49.231 49.243 49.261 49.273 49.291 49.323 49.328 49.321 49.306 49.308 49.298 49.313 49.283 49.288 49.286 49.268 49.251 49.281 49.301 49.311 49.291 49.293 49.263 49.253 49.276 49.276 49.266 49.276 49.318 49.308 49.316 49.286 49.303 49.258 49.251 49.266 49.261 49.273 49.298 49.313 49.318 49.321 49.331
49.846 49.781 49.718 49.683 49.631 49.543 49.508 49.471 49.428 49.401 49.391 49.346 49.358 49.338 49.333 49.356 49.338 49.331 49.301 49.306 49.288 49.243 49.251 49.276 49.261 49.253 49.276 49.306 49.336 49.346 49.356 49.361 49.358 49.381 49.398 49.406 49.378 49.393 49.401 49.413 49.393 49.366 49.388 49.386 49.378 49.381 49.376 49.353 49.363 49.346 49.336 49.336 49.323 49.333 49.338 49.331 49.326 49.346 49.361 49.356 49.366 49.373 49.366 49.341 49.363 49.366 49.361 49.358 49.373 49.338 49.353 49.378
50.001 49.906 49.866 49.796 49.721 49.688 49.623 49.543 49.513 49.498 49.453 49.441 49.443 49.423 49.423 49.446 49.438 49.448 49.408 49.381 49.403 49.371 49.376 49.376 49.401 49.403 49.418 49.418 49.451 49.481 49.488 49.488 49.458 49.478 49.451 49.441 49.473 49.506 49.511 49.501 49.476 49.446 49.438 49.451 49.443 49.456 49.426 49.398 49.398 49.393 49.403 49.388 49.358 49.396 49.318 49.383 49.383 49.368 49.413 49.398 49.398 49.436 49.413 49.411 49.406 49.423 49.408 49.421 49.408 49.406 49.426 49.416
50.153 50.061 49.971 49.921 49.863 49.808 49.733 49.686 49.651 49.623 49.568 49.568 49.533 49.551 49.548 49.538 49.538 49.551 49.553 49.511 49.506 49.493 49.501 49.491 49.516 49.533 49.536 49.526 49.526 49.563 49.586 49.573 49.546 49.566 49.566 49.538 49.551 49.553 49.576 49.533 49.528 49.538 49.538 49.493 49.508 49.513 49.521 49.503 49.471 49.476 49.461 49.491 49.461 49.438 49.391 49.418 49.436 49.446 49.463 49.436 49.448 49.463 49.431 49.471 49.446 49.476 49.438 49.428 49.473 49.466 49.466 49.471
50.316 50.213 50.151 50.063 49.966 49.903 49.843 49.798 49.736 49.723 49.711 49.703 49.671 49.656 49.653 49.658 49.656 49.663 49.696 49.636 49.623 49.611 49.611 49.626 49.623 49.643 49.656 49.646 49.636 49.656 49.668 49.648 49.676 49.688 49.676 49.678 49.628 49.643 49.633 49.626 49.608 49.583 49.576 49.581 49.553 49.566 49.576 49.591 49.576 49.553 49.533 49.531 49.528 49.538 49.516 49.501 49.491 49.508 49.488 49.501 49.473 49.468 49.451 49.486 49.483 49.483 49.476 49.481 49.488 49.496 49.508 49.528
50.518 50.396 50.288 50.191 50.156 50.046 49.963 49.933 49.878 49.826 49.813 49.786 49.788 49.753 49.741 49.758 49.763 49.763 49.771 49.743 49.733 49.731 49.731 49.738 49.726 49.736 49.736 49.768 49.763 49.746 49.726 49.753 49.743 49.761 49.751 49.738 49.713 49.703 49.683 49.693 49.686 49.643 49.606 49.631 49.611 49.648 49.636 49.643 49.623 49.601 49.601 49.576 49.581 49.581 49.578 49.566 49.536 49.543 49.531 49.506 49.506 49.488 49.476 49.481 49.496 49.486 49.496 49.511 49.501 49.508 49.498 49.523
50.653 50.543 50.448 50.331 50.256 50.198 50.116 50.068 50.018 49.941 49.931 49.881 49.896 49.893 49.856 49.878 49.846 49.836 49.863 49.876 49.861 49.838 49.803 49.823 49.838 49.833 49.833 49.868 49.858 49.843 49.836 49.851 49.843 49.838 49.831 49.806 49.803 49.768 49.746 49.751 49.743 49.736 49.691 49.693 49.683 49.678 49.636 49.678 49.661 49.673 49.636 49.621 49.663 49.636 49.618 49.591 49.573 49.583 49.543 49.511 49.521 49.508 49.483 49.461 49.476 49.506 49.516 49.513 49.488 49.523 49.516 49.526
50.763 50.681 50.571 50.486 50.363 50.331 50.226 50.181 50.156 50.096 50.036 49.988 50.016 50.008 50.021 49.961 49.941 49.936 49.951 49.968 49.963 49.921 49.928 49.911 49.906 49.921 49.921 49.926 49.918 49.896 49.921 49.928 49.908 49.951 49.893 49.866 49.868 49.828 49.823 49.798 49.803 49.771 49.763 49.738 49.738 49.726 49.681 49.716 49.696 49.706 49.696 49.686 49.673 49.668 49.673 49.631 49.601 49.578 49.538 49.491 49.478 49.468 49.473 49.471 49.461 49.476 49.503 49.468 49.483 49.501 49.511 49.518
50.868 50.801 50.688 50.603 50.491 50.441 50.346 50.306 50.263 50.216 50.166 50.108 50.091 50.113 50.103 50.081 50.053 50.046 50.016 50.036 50.033 50.028 49.991 49.998 49.976 49.988 49.981 49.966 49.961 49.991 50.021 49.983 49.971 49.996 49.983 49.963 49.938 49.921 49.896 49.853 49.856 49.818 49.791 49.768 49.758 49.758 49.728 49.738 49.708 49.718 49.738 49.718 49.733 49.728 49.703 49.658 49.613 49.561 49.516 49.483 49.451 49.421 49.423 49.456 49.446 49.438 49.461 49.463 49.438 49.456 49.496 49.513
50.933 50.876 50.798 50.663 50.573 50.496 50.456 50.393 50.358 50.313 50.286 50.233 50.206 50.193 50.206 50.191 50.171 50.136 50.101 50.113 50.123 50.101 50.076 50.056 50.036 50.058 50.021 50.023 50.008 50.028 50.068 50.076 50.046 50.041 50.018 49.991 49.963 49.983 49.926 49.881 49.871 49.846 49.826 49.761 49.758 49.741 49.738 49.758 49.738 49.766 49.763 49.776 49.776 49.718 49.718 49.658 49.601 49.553 49.491 49.453 49.446 49.406 49.373 49.411 49.391 49.383 49.386 49.411 49.428 49.436 49.443 49.511
50.968 50.978 50.888 50.768 50.686 50.613 50.526 50.486 50.433 50.383 50.373 50.363 50.331 50.288 50.288 50.288 50.243 50.228 50.211 50.168 50.173 50.158 50.138 50.128 50.121 50.096 50.108 50.096 50.118 50.121 50.118 50.136 50.118 50.076 50.048 50.026 50.023 50.003 49.961 49.916 49.896 49.848 49.858 49.796 49.778 49.756 49.723 49.733 49.751 49.766 49.738 49.768 49.753 49.686 49.683 49.648 49.546 49.501 49.471 49.411 49.371 49.353 49.326 49.323 49.346 49.351 49.356 49.378 49.373 49.363 49.376 49.446
51.001 50.988 50.936 50.843 50.721 50.653 50.616 50.533 50.513 50.478 50.438 50.423 50.398 50.366 50.368 50.356 50.331 50.298 50.286 50.238 50.228 50.213 50.196 50.211 50.181 50.171 50.181 50.186 50.196 50.161 50.151 50.161 50.148 50.123 50.136 50.081 50.056 50.013 49.976 49.963 49.918 49.893 49.846 49.816 49.788 49.758 49.706 49.738 49.708 49.723 49.741 49.748 49.743 49.668 49.626 49.611 49.533 49.473 49.406 49.341 49.311 49.296 49.273 49.278 49.286 49.288 49.273 49.291 49.281 49.296 49.328 49.368
51.056 51.016 50.938 50.866 50.778 50.703 50.651 50.583 50.563 50.546 50.473 50.468 50.451 50.428 50.428 50.428 50.383 50.373 50.341 50.323 50.288 50.286 50.258 50.251 50.263 50.263 50.251 50.246 50.271 50.241 50.191 50.193 50.176 50.151 50.148 50.113 50.076 50.041 50.021 49.933 49.916 49.853 49.826 49.771 49.748 49.721 49.713 49.688 49.683 49.691 49.688 49.678 49.681 49.641 49.608 49.553 49.511 49.436 49.393 49.291 49.268 49.226 49.246 49.238 49.233 49.221 49.211 49.221 49.238 49.228 49.261 49.288
