LIDAR/se2589_DTM_2M.asc
ncols 500
nrows 500
xllcorner    425000
yllcorner    489000
cellsize     2
NODATA_value -9999
[rows 384 to 415 of 500, columns 73 to 145 of 500]
49.148 49.148 49.23 49.243 49.375 49.513 49.543 49.305 49.4 49.645 49.74 49.425 49.568 49.58 49.505 49.293 49.028 48.98 48.883 48.795 48.725 48.658 48.425 48.278 48.32 48.358 48.273 47.998 47.923 47.958 47.803 47.703 47.775 47.695 47.503 47.5 47.625 47.69 47.68 47.738 47.548 47.4 47.345 47.29 47.285 47.375 47.54 47.633 47.56 47.455 47.428 47.388 47.32 47.315 47.22 47.058 46.93 46.895 46.8 46.848 46.83 46.723 46.455 46.283 46.328 46.363 46.383 46.2 46.03 45.878 45.74 45.575 45.523
50.32 50.38 50.465 50.38 50.435 50.553 50.715 50.638 50.49 50.618 50.533 50.435 50.56 50.573 50.588 50.493 50.458 50.378 50.16 49.928 49.735 49.53 49.22 49.033 48.905 48.805 48.565 48.323 48.278 48.14 48.07 47.953 47.853 47.825 47.698 47.685 47.835 47.83 47.808 47.823 47.723 47.575 47.538 47.46 47.42 47.495 47.57 47.575 47.47 47.505 47.47 47.355 47.29 47.188 47.093 46.993 46.885 46.673 46.638 46.665 46.605 46.563 46.368 46.258 46.265 46.148 46.15 45.943 45.573 45.695 45.685 45.548 45.475
51.668 51.718 51.8 51.948 51.84 51.893 51.893 51.88 51.79 51.788 51.653 51.588 51.668 51.638 51.668 51.76 51.618 51.325 51.043 50.725 50.288 49.918 49.7 49.498 49.228 48.95 48.735 48.545 48.365 48.18 48.07 47.958 47.9 47.855 47.863 47.84 47.855 47.775 47.745 47.715 47.71 47.673 47.673 47.598 47.488 47.46 47.475 47.47 47.398 47.398 47.37 47.23 47.208 47.133 47.06 46.995 46.87 46.648 46.56 46.59 46.528 46.403 46.3 46.205 46.193 46.145 46.075 45.888 45.635 45.698 45.71 45.61 45.365
53.355 53.24 53.393 53.523 53.565 53.49 53.478 53.363 53.23 53.558 53.45 53.315 53.203 52.775 52.57 52.395 52.173 51.825 51.503 51.24 50.775 50.335 50.013 49.683 49.425 49.11 48.853 48.603 48.413 48.268 48.153 48.04 47.97 47.918 47.885 47.86 47.885 47.838 47.78 47.743 47.763 47.74 47.703 47.57 47.463 47.488 47.473 47.435 47.408 47.398 47.29 47.24 47.175 47.12 47.053 46.958 46.865 46.68 46.593 46.605 46.515 46.42 46.29 46.225 46.138 46.038 46 45.943 45.848 45.818 45.75 45.678 45.443
54.998 55.038 55.128 54.955 54.948 54.8 54.803 54.57 54.633 54.69 54.44 54.093 53.855 53.49 53.173 52.89 52.638 52.275 51.883 51.538 51.108 50.718 50.31 49.908 49.61 49.335 49.065 48.793 48.615 48.43 48.275 48.163 48.073 47.978 47.93 47.93 47.938 47.94 47.873 47.843 47.823 47.753 47.695 47.54 47.478 47.52 47.52 47.455 47.443 47.378 47.27 47.263 47.208 47.12 47.013 46.93 46.848 46.713 46.698 46.635 46.49 46.373 46.268 46.175 46.1 46.005 45.97 45.92 45.855 45.793 45.73 45.633 45.488
55.905 55.8 55.728 55.57 55.465 55.303 55.138 55.013 54.953 54.84 54.668 54.403 54.16 53.893 53.685 53.378 53.018 52.653 52.308 51.9 51.49 51.14 50.708 50.3 49.903 49.57 49.323 49.048 48.823 48.615 48.463 48.303 48.195 48.11 48.083 48.03 48.028 48.02 48.01 47.958 47.908 47.803 47.655 47.55 47.528 47.498 47.52 47.505 47.468 47.37 47.3 47.323 47.228 47.16 47.063 46.99 46.913 46.788 46.718 46.668 46.51 46.398 46.26 46.183 46.11 46.058 45.985 45.878 45.823 45.748 45.688 45.575 45.445
56.033 55.928 55.785 55.678 55.565 55.513 55.37 55.198 55.088 54.963 54.808 54.553 54.403 54.165 53.888 53.59 53.273 52.963 52.613 52.253 51.855 51.518 51.055 50.693 50.278 49.875 49.54 49.3 49.04 48.823 48.625 48.46 48.328 48.28 48.213 48.208 48.155 48.15 48.133 48.085 48.023 47.888 47.71 47.608 47.57 47.583 47.608 47.598 47.505 47.44 47.38 47.323 47.278 47.213 47.113 47.023 46.898 46.768 46.785 46.705 46.558 46.425 46.308 46.235 46.113 46.038 45.96 45.888 45.815 45.708 45.615 45.538 45.405
56.258 56.183 55.965 55.848 55.775 55.665 55.555 55.343 55.205 55.088 54.89 54.703 54.555 54.353 54.105 53.873 53.583 53.28 52.925 52.57 52.178 51.753 51.328 50.928 50.555 50.198 49.773 49.483 49.265 49.065 48.83 48.653 48.505 48.425 48.378 48.368 48.333 48.32 48.26 48.195 48.118 48.01 47.83 47.71 47.643 47.678 47.665 47.623 47.59 47.535 47.425 47.38 47.353 47.263 47.135 47.025 46.915 46.768 46.743 46.688 46.538 46.438 46.343 46.258 46.14 46.028 45.94 45.88 45.773 45.708 45.585 45.523 45.41
56.185 56.143 55.95 55.823 55.718 55.61 55.495 55.38 55.305 55.195 55.06 54.938 54.75 54.55 54.373 54.12 53.883 53.565 53.243 52.865 52.453 52.023 51.61 51.178 50.8 50.433 50.058 49.673 49.468 49.238 48.988 48.818 48.68 48.548 48.5 48.515 48.485 48.45 48.405 48.308 48.22 48.083 47.948 47.828 47.755 47.755 47.733 47.728 47.68 47.6 47.48 47.448 47.413 47.313 47.155 47.023 46.898 46.823 46.753 46.685 46.558 46.458 46.353 46.255 46.16 46.06 45.95 45.85 45.763 45.67 45.545 45.423 45.27
56.083 55.988 55.925 55.843 55.76 55.695 55.62 55.553 55.473 55.38 55.25 55.125 54.935 54.765 54.565 54.33 54.08 53.79 53.45 53.103 52.69 52.295 51.89 51.445 51.03 50.655 50.295 49.945 49.64 49.438 49.21 49.018 48.83 48.723 48.655 48.635 48.635 48.62 48.563 48.508 48.403 48.203 48.05 47.958 47.895 47.855 47.833 47.8 47.76 47.668 47.578 47.545 47.458 47.308 47.178 47.04 46.923 46.84 46.755 46.65 46.578 46.468 46.353 46.253 46.178 46.075 45.943 45.778 45.65 45.565 45.453 45.35 45.203
56.095 56.013 55.94 55.878 55.783 55.723 55.683 55.623 55.553 55.493 55.393 55.278 55.128 54.948 54.758 54.533 54.283 54.005 53.67 53.315 52.93 52.545 52.143 51.7 51.27 50.915 50.545 50.195 49.825 49.615 49.383 49.173 49.005 48.915 48.83 48.803 48.79 48.768 48.743 48.655 48.525 48.375 48.195 48.103 48.023 48.013 47.965 47.9 47.833 47.733 47.65 47.633 47.475 47.358 47.215 47.068 46.948 46.808 46.755 46.675 46.575 46.46 46.345 46.28 46.215 46.083 45.943 45.798 45.67 45.568 45.483 45.368 45.245
56.203 56.098 56.013 55.955 55.883 55.788 55.735 55.66 55.598 55.533 55.43 55.325 55.203 55.035 54.84 54.62 54.393 54.11 53.828 53.495 53.153 52.743 52.325 51.913 51.51 51.15 50.768 50.395 50.035 49.773 49.593 49.355 49.203 49.105 48.995 48.945 48.925 48.915 48.868 48.778 48.688 48.563 48.38 48.26 48.153 48.133 48.085 48.005 47.918 47.823 47.748 47.66 47.558 47.39 47.258 47.08 46.968 46.855 46.773 46.66 46.543 46.433 46.358 46.273 46.175 46.07 45.968 45.84 45.688 45.545 45.47 45.398 45.29
56.163 56.093 56.033 55.99 55.933 55.865 55.81 55.743 55.695 55.633 55.528 55.393 55.258 55.075 54.91 54.703 54.478 54.188 53.883 53.575 53.225 52.843 52.438 52.023 51.673 51.305 50.958 50.578 50.263 49.963 49.753 49.535 49.375 49.285 49.175 49.088 49.06 49.035 48.993 48.938 48.868 48.703 48.52 48.393 48.323 48.275 48.198 48.14 48.038 47.933 47.813 47.725 47.613 47.48 47.315 47.12 46.963 46.858 46.76 46.638 46.518 46.405 46.323 46.223 46.13 46.058 45.905 45.798 45.685 45.553 45.468 45.358 45.268
56.155 56.09 56 55.95 55.863 55.853 55.79 55.725 55.713 55.638 55.54 55.415 55.293 55.145 54.983 54.76 54.578 54.31 54.018 53.69 53.31 52.953 52.565 52.143 51.753 51.38 51.04 50.685 50.428 50.14 49.893 49.693 49.535 49.425 49.34 49.26 49.218 49.153 49.13 49.085 48.975 48.895 48.728 48.64 48.52 48.423 48.385 48.273 48.19 48.033 47.915 47.785 47.685 47.52 47.368 47.218 47.073 46.93 46.828 46.69 46.52 46.395 46.258 46.17 46.065 45.978 45.863 45.735 45.658 45.583 45.435 45.318 45.25
56.053 56 55.95 55.913 55.84 55.763 55.738 55.693 55.66 55.598 55.48 55.36 55.255 55.108 54.968 54.753 54.583 54.333 54.05 53.735 53.415 53.058 52.653 52.248 51.865 51.508 51.143 50.835 50.54 50.263 50.005 49.838 49.688 49.568 49.478 49.375 49.32 49.278 49.253 49.208 49.118 49.033 48.898 48.78 48.693 48.618 48.558 48.448 48.315 48.168 48.065 47.923 47.798 47.618 47.475 47.325 47.155 47 46.865 46.715 46.53 46.33 46.188 46.088 46.01 45.903 45.79 45.725 45.625 45.543 45.408 45.288 45.188
55.893 55.875 55.84 55.798 55.755 55.688 55.663 55.625 55.535 55.47 55.408 55.298 55.16 55.04 54.908 54.73 54.525 54.29 54.01 53.728 53.39 53.015 52.655 52.305 51.938 51.588 51.23 50.893 50.63 50.355 50.103 49.955 49.825 49.695 49.555 49.453 49.408 49.398 49.345 49.285 49.275 49.17 49.07 48.973 48.91 48.84 48.728 48.615 48.48 48.333 48.203 48.093 47.903 47.723 47.573 47.383 47.258 47.098 46.95 46.763 46.555 46.35 46.163 46.008 45.905 45.82 45.745 45.705 45.62 45.513 45.41 45.28 45.15
55.723 55.725 55.713 55.68 55.663 55.603 55.565 55.533 55.465 55.395 55.32 55.19 55.093 54.963 54.805 54.63 54.428 54.21 53.968 53.675 53.353 53.018 52.623 52.285 51.95 51.555 51.235 50.94 50.683 50.418 50.188 50.015 49.898 49.773 49.648 49.588 49.55 49.5 49.468 49.425 49.383 49.28 49.183 49.153 49.088 49.025 48.928 48.815 48.64 48.483 48.358 48.218 48.06 47.913 47.705 47.533 47.35 47.23 47.05 46.8 46.548 46.373 46.113 45.915 45.8 45.73 45.68 45.608 45.55 45.483 45.418 45.253 45.093
55.488 55.513 55.505 55.493 55.503 55.513 55.493 55.443 55.388 55.328 55.235 55.128 55.02 54.883 54.718 54.52 54.323 54.115 53.863 53.598 53.293 52.985 52.593 52.263 51.923 51.568 51.215 50.948 50.695 50.425 50.295 50.065 49.948 49.835 49.73 49.66 49.64 49.583 49.533 49.508 49.48 49.415 49.338 49.303 49.258 49.2 49.13 49.003 48.87 48.683 48.52 48.365 48.218 48.043 47.853 47.653 47.465 47.32 47.115 46.865 46.6 46.308 46.053 45.853 45.735 45.64 45.575 45.505 45.505 45.435 45.313 45.203 45.073
55.265 55.293 55.308 55.283 55.333 55.323 55.313 55.293 55.26 55.188 55.143 55.028 54.905 54.805 54.623 54.458 54.29 54.073 53.828 53.548 53.265 52.925 52.568 52.205 51.863 51.513 51.185 50.915 50.678 50.453 50.325 50.11 49.973 49.86 49.768 49.728 49.683 49.653 49.6 49.565 49.57 49.53 49.508 49.45 49.4 49.338 49.253 49.15 49.025 48.848 48.685 48.53 48.398 48.193 47.965 47.788 47.588 47.413 47.215 46.985 46.68 46.32 46.028 45.795 45.673 45.543 45.493 45.43 45.405 45.378 45.28 45.175 45.03
54.98 54.998 55.04 55.08 55.07 55.1 55.103 55.11 55.103 55.043 54.975 54.898 54.778 54.66 54.498 54.353 54.205 53.97 53.69 53.448 53.17 52.865 52.52 52.155 51.82 51.483 51.175 50.893 50.638 50.458 50.295 50.1 49.965 49.898 49.795 49.76 49.73 49.713 49.695 49.693 49.655 49.645 49.59 49.578 49.54 49.465 49.383 49.3 49.168 49.008 48.88 48.74 48.55 48.33 48.113 47.913 47.715 47.508 47.33 47.06 46.79 46.418 46.055 45.758 45.573 45.465 45.383 45.333 45.295 45.225 45.178 45.075 44.963
54.6 54.673 54.745 54.793 54.82 54.863 54.858 54.873 54.848 54.813 54.738 54.665 54.585 54.488 54.355 54.21 54.018 53.843 53.6 53.35 53.073 52.758 52.458 52.138 51.798 51.445 51.143 50.885 50.668 50.465 50.293 50.12 49.993 49.875 49.805 49.758 49.775 49.775 49.745 49.748 49.705 49.678 49.66 49.643 49.595 49.57 49.488 49.443 49.325 49.178 49.048 48.855 48.655 48.465 48.223 48.03 47.84 47.638 47.438 47.188 46.91 46.553 46.168 45.815 45.565 45.43 45.305 45.218 45.138 45.078 45.008 44.94 44.85
54.243 54.325 54.39 54.425 54.505 54.543 54.563 54.558 54.57 54.54 54.508 54.448 54.35 54.263 54.163 54.005 53.865 53.675 53.45 53.203 52.948 52.665 52.388 52.065 51.723 51.405 51.1 50.86 50.668 50.443 50.265 50.118 49.99 49.888 49.818 49.763 49.788 49.818 49.778 49.763 49.755 49.7 49.703 49.678 49.665 49.66 49.59 49.525 49.44 49.258 49.143 48.985 48.82 48.598 48.363 48.125 47.928 47.733 47.56 47.315 47.04 46.673 46.235 45.885 45.558 45.368 45.218 45.088 44.985 44.903 44.825 44.78 44.713
53.848 53.95 54.05 54.125 54.18 54.215 54.243 54.273 54.298 54.248 54.223 54.18 54.11 53.988 53.873 53.733 53.575 53.415 53.24 53.04 52.788 52.538 52.225 51.948 51.635 51.325 51.033 50.833 50.625 50.42 50.228 50.073 49.97 49.903 49.84 49.803 49.79 49.793 49.785 49.775 49.72 49.728 49.7 49.685 49.708 49.683 49.643 49.575 49.518 49.36 49.225 49.078 48.898 48.683 48.46 48.225 48.013 47.815 47.643 47.438 47.173 46.748 46.348 45.978 45.653 45.358 45.148 44.978 44.89 44.723 44.66 44.613 44.52
53.455 53.565 53.66 53.758 53.84 53.893 53.918 53.963 53.975 53.94 53.915 53.895 53.85 53.77 53.64 53.493 53.338 53.178 52.99 52.793 52.565 52.313 52.018 51.76 51.478 51.2 50.923 50.755 50.543 50.325 50.188 50.03 49.925 49.875 49.798 49.775 49.765 49.755 49.733 49.733 49.695 49.678 49.67 49.695 49.703 49.685 49.658 49.63 49.56 49.41 49.268 49.108 48.91 48.75 48.535 48.285 48.063 47.883 47.723 47.515 47.223 46.823 46.433 46.025 45.72 45.4 45.09 44.875 44.7 44.555 44.483 44.388 44.355
53.01 53.153 53.285 53.358 53.428 53.505 53.548 53.6 53.605 53.608 53.62 53.57 53.523 53.468 53.403 53.273 53.13 52.955 52.773 52.543 52.33 52.08 51.825 51.578 51.32 51.035 50.835 50.698 50.45 50.26 50.115 49.98 49.893 49.8 49.765 49.758 49.76 49.743 49.673 49.683 49.65 49.628 49.64 49.645 49.66 49.67 49.623 49.593 49.533 49.423 49.293 49.113 48.938 48.768 48.535 48.28 48.06 47.88 47.78 47.563 47.243 46.858 46.435 46.033 45.723 45.41 45.078 44.77 44.565 44.38 44.283 44.218 44.165
52.563 52.685 52.828 52.948 53.058 53.118 53.19 53.208 53.283 53.298 53.305 53.248 53.22 53.163 53.103 52.978 52.83 52.67 52.495 52.298 52.078 51.865 51.645 51.373 51.123 50.898 50.71 50.535 50.333 50.185 50.033 49.93 49.818 49.738 49.71 49.73 49.7 49.678 49.643 49.62 49.578 49.57 49.585 49.603 49.608 49.613 49.588 49.548 49.47 49.343 49.238 49.08 48.915 48.738 48.498 48.26 48.09 47.933 47.775 47.543 47.208 46.755 46.37 46.023 45.693 45.365 45.045 44.71 44.418 44.22 44.123 44.063 43.995
52.13 52.255 52.403 52.518 52.605 52.755 52.828 52.875 52.905 52.913 52.94 52.935 52.908 52.835 52.758 52.67 52.513 52.355 52.215 52.058 51.855 51.625 51.413 51.165 50.915 50.735 50.575 50.413 50.218 50.075 49.915 49.833 49.758 49.698 49.645 49.635 49.655 49.628 49.623 49.553 49.483 49.47 49.5 49.535 49.548 49.528 49.508 49.465 49.365 49.233 49.135 48.99 48.83 48.64 48.435 48.253 48.075 47.918 47.758 47.493 47.105 46.63 46.263 45.99 45.68 45.345 44.99 44.625 44.323 44.075 43.955 43.89 43.855
51.743 51.84 51.96 52.065 52.203 52.33 52.418 52.478 52.543 52.56 52.57 52.613 52.535 52.515 52.433 52.338 52.228 52.098 51.945 51.78 51.585 51.435 51.185 50.965 50.775 50.59 50.43 50.263 50.108 49.95 49.81 49.753 49.668 49.64 49.58 49.575 49.595 49.608 49.54 49.453 49.388 49.425 49.42 49.428 49.435 49.415 49.343 49.323 49.19 49.085 48.99 48.845 48.68 48.528 48.358 48.17 47.983 47.873 47.718 47.43 46.998 46.533 46.173 45.903 45.628 45.323 44.92 44.535 44.183 43.935 43.745 43.668 43.643
51.518 51.603 51.678 51.735 51.815 51.908 51.988 52.015 52.088 52.108 52.17 52.208 52.17 52.155 52.118 52.033 51.945 51.845 51.703 51.533 51.363 51.155 50.973 50.823 50.663 50.463 50.258 50.12 50 49.853 49.748 49.655 49.588 49.553 49.508 49.525 49.538 49.53 49.455 49.395 49.355 49.353 49.323 49.3 49.268 49.24 49.205 49.13 49.04 48.933 48.815 48.668 48.505 48.37 48.205 48.043 47.93 47.768 47.583 47.285 46.848 46.413 46.058 45.788 45.49 45.16 44.753 44.393 44.078 43.808 43.6 43.53 43.545
51.285 51.355 51.45 51.503 51.555 51.598 51.625 51.685 51.71 51.74 51.745 51.758 51.773 51.733 51.698 51.63 51.558 51.495 51.385 51.263 51.113 50.963 50.808 50.673 50.515 50.338 50.17 50.023 49.878 49.753 49.65 49.598 49.525 49.465 49.47 49.503 49.518 49.475 49.36 49.33 49.268 49.22 49.215 49.173 49.135 49.105 49.01 48.965 48.828 48.698 48.598 48.468 48.328 48.185 48.055 47.888 47.778 47.613 47.375 47.06 46.615 46.233 45.895 45.623 45.275 44.91 44.55 44.22 43.883 43.635 43.51 43.498 43.545
50.993 51.073 51.148 51.218 51.268 51.31 51.368 51.425 51.435 51.468 51.445 51.448 51.435 51.378 51.333 51.27 51.205 51.095 50.993 50.918 50.81 50.69 50.588 50.483 50.328 50.158 50.04 49.915 49.79 49.673 49.598 49.543 49.453 49.428 49.448 49.46 49.47 49.393 49.318 49.233 49.16 49.115 49.093 49.035 48.983 48.878 48.815 48.735 48.615 48.483 48.365 48.255 48.123 47.98 47.868 47.72 47.54 47.353 47.045 46.765 46.388 45.995 45.698 45.378 45.023 44.635 44.305 43.935 43.665 43.513 43.53 43.568 43.375
50.825 50.895 50.918 50.953 51.02 51.035 51.08 51.123 51.158 51.185 51.195 51.208 51.183 51.143 51.095 51.013 50.943 50.87 50.783 50.693 50.588 50.468 50.383 50.253 50.148 49.99 49.883 49.768 49.673 49.583 49.518 49.425 49.38 49.373 49.368 49.425 49.44 49.41 49.283 49.165 49.015 48.943 48.92 48.845 48.768 48.675 48.583 48.503 48.373 48.268 48.15 48.02 47.913 47.77 47.608 47.45 47.223 46.963 46.623 46.355 46.09 45.733 45.405 45.083 44.72 44.368 44 43.64 43.52 43.548 43.595 43.408 43.193
