LIDAR/se2585_DTM_2M.asc
ncols 500
nrows 500
xllcorner    425000
yllcorner    485000
cellsize     2
NODATA_value -9999
[rows 442 to 475 of 500, columns 154 to 230 of 500]
77.194 77.158 76.999 76.787 76.577 76.415 76.353 76.259 76.104 75.995 75.926 75.852 75.739 75.488 75.333 75.288 75.243 75.183 75.078 74.927 74.842 74.865 74.874 74.74 74.541 74.34 74.211 74.174 74.179 74.329 74.542 74.511 74.237 73.962 73.69 73.502 73.367 73.215 73.064 72.913 72.762 72.566 72.455 72.367 72.281 72.251 72.132 72.007 71.882 71.758 71.635 71.516 71.39 71.228 71.062 70.897 70.732 70.566 70.401 70.236 70.072 69.927 69.786 69.614 69.396 69.266 69.092 68.919 68.745 68.607 -9999 -9999 -9999 -9999 66.562 -9999 -9999
77.322 77.232 77.121 76.937 76.739 76.549 76.47 76.433 76.303 76.27 76.136 76.043 75.906 75.713 75.574 75.512 75.447 75.389 75.255 75.093 75.022 75.086 75.13 74.914 74.767 74.624 74.501 74.468 74.435 74.488 74.636 74.551 74.269 73.986 73.808 73.746 73.671 73.532 73.381 73.23 73.079 72.924 72.708 72.594 72.505 72.508 72.432 72.278 72.154 72.029 71.908 71.79 71.662 71.498 71.333 71.167 71.002 70.837 70.671 70.506 70.366 70.218 70.044 69.876 69.702 69.528 69.354 69.181 69.007 68.833 68.659 68.507 68.377 67.901 67.431 66.882 -9999
77.486 77.369 77.253 77.082 76.853 76.64 76.595 76.577 76.589 76.473 76.388 76.224 76.108 75.968 75.81 75.751 75.682 75.597 75.457 75.336 75.235 75.164 75.187 75.116 74.953 74.93 74.868 74.753 74.713 74.776 74.808 74.567 74.283 74.083 74.007 73.944 73.883 73.821 73.698 73.586 73.41 73.241 73.002 72.828 72.734 72.732 72.775 72.549 72.425 72.301 72.182 72.064 71.933 71.768 71.603 71.437 71.272 71.107 70.947 70.829 70.742 70.672 70.363 70.137 69.964 69.79 69.617 69.443 69.269 69.095 68.922 68.748 68.574 68.381 68.047 67.633 67.323
77.836 77.743 77.597 77.428 77.253 76.874 76.777 76.857 76.745 76.635 76.532 76.398 76.28 76.191 76.064 75.955 75.947 75.801 75.613 75.49 75.39 75.296 75.257 75.224 75.107 75.127 75.098 75.065 74.999 74.953 74.838 74.581 74.358 74.275 74.205 74.142 74.081 74.019 73.966 73.864 73.713 73.558 73.319 73.084 73.049 73.077 73.1 72.846 72.696 72.574 72.456 72.337 72.204 72.038 71.873 71.708 71.542 71.396 71.299 71.212 71.125 71.02 70.644 70.385 70.221 70.049 69.877 69.704 69.531 69.357 69.184 69.01 68.836 68.662 68.486 68.199 67.795
78.096 78.096 77.93 77.761 77.631 77.423 77.24 77.112 76.949 76.787 76.671 76.557 76.45 76.336 76.27 76.171 76.125 75.969 75.762 75.653 75.549 75.408 75.43 75.359 75.276 75.321 75.295 75.266 75.227 75.056 74.856 74.633 74.542 74.472 74.403 74.34 74.279 74.218 74.156 74.108 74.025 73.875 73.638 73.408 73.318 73.358 73.347 73.143 72.967 72.848 72.729 72.611 72.436 72.309 72.143 71.981 71.858 71.77 71.683 71.595 71.48 71.236 70.878 70.611 70.473 70.303 70.131 69.96 69.788 69.617 69.445 69.272 69.098 68.924 68.751 68.577 68.34
78.234 78.186 78.054 77.887 77.72 77.552 77.429 77.293 77.06 76.941 76.825 76.711 76.605 76.485 76.401 76.307 76.202 76.025 75.916 75.818 75.709 75.533 75.522 75.476 75.465 75.513 75.492 75.448 75.349 75.147 74.896 74.81 74.739 74.669 74.6 74.538 74.477 74.416 74.354 74.293 74.245 74.18 73.984 73.775 73.569 73.562 73.491 73.189 73.161 73.121 73.003 72.885 72.744 72.579 72.428 72.327 72.24 72.128 71.998 71.843 71.677 71.406 71.095 70.842 70.708 70.557 70.385 70.214 70.042 69.871 69.699 69.528 69.356 69.185 69.012 68.839 68.665
78.263 78.188 78.113 77.958 77.791 77.648 77.621 77.542 77.26 77.14 77.017 76.9 76.82 76.786 76.65 76.478 76.369 76.266 76.156 76.043 75.921 75.803 75.695 75.607 75.653 75.706 75.669 75.568 75.46 75.264 75.13 75.028 74.938 74.866 74.798 74.736 74.675 74.614 74.552 74.491 74.43 74.36 74.303 73.984 73.973 73.797 73.629 73.367 73.32 73.316 73.261 73.159 73.016 72.885 72.767 72.634 72.476 72.319 72.161 72.004 71.832 71.56 71.29 71.078 70.924 70.803 70.639 70.467 70.296 70.124 69.953 69.782 69.61 69.439 69.267 69.096 68.924
78.432 78.259 78.134 78.027 77.876 77.871 77.945 77.8 77.486 77.37 77.28 77.13 77.041 77.045 76.914 76.731 76.621 76.538 76.423 76.313 76.198 76.068 75.938 75.838 75.874 75.898 75.815 75.702 75.573 75.443 75.368 75.244 75.164 75.068 74.996 74.934 74.871 74.808 74.744 74.691 74.649 74.575 74.514 74.393 74.237 74.072 73.846 73.7 73.622 73.581 73.498 73.408 73.276 73.13 72.967 72.804 72.641 72.48 72.322 72.164 71.989 71.751 71.535 71.32 71.13 71.031 70.892 70.724 70.554 70.385 70.216 70.046 69.877 69.708 69.539 69.371 69.204
78.642 78.47 78.294 78.097 78.087 78.296 78.295 78.066 77.788 77.539 77.388 77.299 77.258 77.153 77.128 76.979 76.876 76.737 76.576 76.526 76.43 76.31 76.181 76.085 76.112 76.056 76.037 75.92 75.735 75.691 75.591 75.49 75.39 75.283 75.172 75.118 75.053 75 74.97 74.943 74.871 74.791 74.711 74.63 74.477 74.233 74.097 74.002 73.908 73.817 73.718 73.619 73.524 73.406 73.238 73.07 72.902 72.734 72.566 72.398 72.226 72.022 71.808 71.599 71.425 71.308 71.186 71.036 70.866 70.698 70.531 70.364 70.197 70.029 69.862 69.695 69.525
78.859 78.666 78.456 78.214 78.218 78.319 78.313 78.233 78.079 77.787 77.604 77.366 77.342 77.263 77.274 77.193 77.012 76.821 76.75 76.744 76.652 76.515 76.421 76.327 76.282 76.201 76.204 76.084 75.882 75.891 75.775 75.709 75.601 75.452 75.344 75.308 75.255 75.261 75.236 75.166 75.086 75.006 74.927 74.839 74.622 74.352 74.212 74.196 74.121 74.024 73.925 73.826 73.727 73.647 73.527 73.359 73.19 73.022 72.754 72.686 72.516 72.334 72.119 71.892 71.709 71.626 71.496 71.36 71.168 71.026 70.855 70.687 70.52 70.353 70.184 70.005 69.817
79.001 78.787 78.549 78.383 78.385 78.393 78.328 78.166 78.117 78.073 77.865 77.654 77.505 77.399 77.304 77.265 77.095 77.007 77.005 76.897 76.823 76.706 76.598 76.545 76.427 76.348 76.277 76.238 76.008 76.064 76.027 75.919 75.745 75.61 75.521 75.61 75.618 75.529 75.451 75.36 75.266 75.165 75.063 74.962 74.872 74.643 74.455 74.418 74.324 74.229 74.132 74.033 73.934 73.844 73.77 73.647 73.479 73.311 73.214 72.974 72.803 72.629 72.434 72.222 72.073 72.11 71.903 71.681 71.532 71.365 71.191 71.016 70.844 70.665 70.478 70.29 70.127
79.069 78.861 78.669 78.587 78.555 78.493 78.401 78.273 78.211 78.28 78.099 77.893 77.689 77.552 77.439 77.327 77.268 77.361 77.361 77.076 76.897 76.792 76.79 76.846 76.677 76.489 76.429 76.362 76.339 76.279 76.237 76.088 75.933 75.787 75.801 75.952 75.965 75.712 75.592 75.471 75.369 75.268 75.184 75.066 74.985 74.888 74.702 74.623 74.527 74.432 74.336 74.239 74.141 74.045 73.967 73.892 73.767 73.599 73.431 73.261 73.09 72.919 72.721 72.532 72.577 72.556 72.335 72.099 71.872 71.701 71.53 71.344 71.018 70.859 70.749 70.6 70.46
79.157 79.005 78.844 78.725 78.749 78.666 78.549 78.422 78.348 78.4 78.287 78.071 77.88 77.73 77.615 77.512 77.496 77.623 77.479 77.185 76.986 76.999 77.065 77.11 76.95 76.665 76.589 76.537 76.486 76.453 76.387 76.262 76.149 76.096 76.124 76.271 76.146 75.867 75.772 75.637 75.482 75.372 75.271 75.17 75.083 75.043 74.92 74.826 74.731 74.635 74.539 74.443 74.347 74.249 74.165 74.091 74.015 73.887 73.719 73.548 73.372 73.139 72.973 72.904 72.92 72.964 72.75 72.528 72.294 72.062 71.868 71.6 71.248 71.011 70.843 70.77 70.691
79.378 79.25 79.062 78.892 78.889 78.904 78.838 78.672 78.462 78.417 78.376 78.231 78.06 77.901 77.883 77.748 77.679 77.64 77.411 77.236 77.176 77.297 77.359 77.254 77.113 76.853 76.732 76.68 76.628 76.584 76.517 76.381 76.375 76.438 76.44 76.546 76.305 76.026 75.903 75.846 75.697 75.516 75.376 75.273 75.183 75.141 75.073 75.015 74.923 74.833 74.742 74.647 74.551 74.455 74.363 74.288 74.214 74.137 73.995 73.779 73.505 73.272 73.116 73.078 73.111 73.09 72.901 72.696 72.492 72.296 72.122 71.899 71.605 71.323 71.095 70.983 70.916
79.565 79.465 79.338 79.148 79.034 79.067 79.071 78.853 78.633 78.6 78.46 78.319 78.191 78.115 78.012 77.955 77.805 77.673 77.565 77.47 77.381 77.436 77.497 77.371 77.126 76.954 76.868 76.821 76.752 76.721 76.649 76.633 76.7 76.755 76.767 76.774 76.463 76.19 76.03 75.982 75.92 75.756 75.57 75.398 75.284 75.186 75.158 75.201 75.076 74.969 74.881 74.797 74.712 74.628 74.534 74.536 74.485 74.379 74.144 73.998 73.833 73.634 73.412 73.27 73.242 73.187 72.982 72.782 72.609 72.459 72.309 72.153 71.918 71.686 71.463 71.201 71.146
79.734 79.604 79.493 79.425 79.251 79.1 79.056 78.935 78.775 78.747 78.58 78.369 78.28 78.291 78.22 78.064 78.016 77.908 77.812 77.723 77.634 77.563 77.62 77.485 77.339 77.191 77.028 76.966 76.91 76.861 76.797 76.909 76.997 77.065 77.095 76.943 76.622 76.354 76.162 76.103 76.061 75.988 75.815 75.629 75.498 75.403 75.337 75.335 75.285 75.155 75.027 74.917 74.829 74.746 74.691 74.795 74.753 74.498 74.221 74.101 73.983 73.838 73.712 73.569 73.39 73.269 73.091 72.939 72.791 72.643 72.496 72.35 72.179 72.007 71.807 71.603 71.409
79.891 79.76 79.624 79.544 79.423 79.231 79.074 78.963 78.857 78.801 78.708 78.617 78.498 78.411 78.302 78.284 78.25 78.154 77.937 77.92 77.886 77.797 77.728 77.607 77.471 77.336 77.183 77.168 77.144 77.052 76.911 76.864 76.946 77.128 77.207 77.082 76.78 76.517 76.307 76.236 76.188 76.141 76.053 75.921 75.807 75.645 75.553 75.487 75.481 75.366 75.233 75.092 74.943 74.876 74.819 74.907 74.883 74.572 74.314 74.201 74.098 73.991 73.916 73.779 73.693 73.439 73.283 73.136 72.99 72.844 72.698 72.552 72.398 72.215 72.029 71.843 71.676
80.11 79.97 79.837 79.72 79.623 79.393 79.221 79.199 79.032 78.921 78.772 78.812 78.872 78.607 78.393 78.385 78.427 78.347 78.25 78.184 78.059 77.961 77.861 77.754 77.638 77.499 77.478 77.441 77.35 77.231 77.04 76.914 76.907 76.992 76.971 76.886 76.817 76.665 76.452 76.363 76.325 76.301 76.233 76.065 75.909 75.841 75.781 75.659 75.586 75.492 75.353 75.214 75.164 75.074 74.932 74.937 74.942 74.662 74.472 74.359 74.229 74.16 74.093 74.017 73.914 73.698 73.519 73.347 73.192 73.046 72.9 72.754 72.603 72.422 72.236 72.064 71.957
80.335 80.192 80.05 79.914 79.8 79.594 79.398 79.38 79.252 79.105 78.997 79.033 79.088 78.827 78.545 78.509 78.535 78.474 78.371 78.274 78.178 78.085 77.996 77.902 77.745 77.7 77.743 77.675 77.544 77.419 77.198 76.991 77.055 76.968 76.901 76.872 76.848 76.72 76.563 76.554 76.595 76.552 76.346 76.175 76.041 75.964 75.92 75.85 75.704 75.566 75.452 75.372 75.377 75.25 75.019 74.981 74.982 74.83 74.661 74.554 74.462 74.325 74.259 74.221 74.144 73.961 73.783 73.604 73.4 73.255 73.102 72.956 72.807 72.629 72.454 72.344 72.247
80.561 80.418 80.275 80.132 79.993 79.905 79.649 79.545 79.364 79.225 79.189 79.164 79.086 78.857 78.681 78.691 78.728 78.628 78.496 78.394 78.3 78.211 78.123 78.035 77.924 77.89 77.892 77.85 77.733 77.597 77.39 77.163 77.155 77.163 77.03 76.922 76.886 76.767 76.702 76.714 76.751 76.646 76.462 76.293 76.203 76.172 76.082 75.946 75.774 75.662 75.679 75.589 75.466 75.314 75.107 75.014 74.977 74.908 74.875 74.804 74.691 74.603 74.512 74.441 74.378 74.223 74.046 73.867 73.689 73.51 73.332 73.164 73.012 72.845 72.731 72.627 72.521
80.786 80.643 80.5 80.359 80.198 80.023 79.876 79.72 79.604 79.488 79.366 79.203 79.068 78.909 78.803 78.856 78.763 78.706 78.607 78.506 78.42 78.332 78.243 78.155 78.067 78.016 77.999 77.979 77.901 77.746 77.623 77.525 77.44 77.34 77.206 77.072 76.95 76.88 76.865 76.866 76.844 76.711 76.551 76.445 76.425 76.478 76.324 76.124 75.952 75.902 75.943 75.86 75.646 75.491 75.304 75.203 75.227 75.191 75.049 75.012 74.959 74.849 74.728 74.654 74.545 74.386 74.218 74.049 73.881 73.712 73.544 73.38 73.223 73.09 72.968 72.85 72.744
81.011 80.871 80.733 80.581 80.398 80.173 80.048 79.928 79.842 79.727 79.604 79.346 79.129 79.114 79.069 78.94 78.721 78.668 78.595 78.623 78.536 78.42 78.326 78.237 78.166 78.112 78.084 78.035 77.923 77.858 77.771 77.676 77.573 77.473 77.402 77.278 77.107 77.068 77.062 76.976 76.922 76.81 76.71 76.694 76.673 76.597 76.53 76.365 76.183 76.109 76.147 76.057 75.879 75.726 75.616 75.544 75.518 75.34 75.217 75.191 75.155 75.118 75.035 74.831 74.673 74.516 74.347 74.183 74.026 73.873 73.727 73.581 73.447 73.33 73.19 73.055 72.97
81.245 81.109 80.958 80.783 80.609 80.335 80.304 80.158 80.016 79.922 79.834 79.616 79.382 79.346 79.344 79.137 78.925 78.686 78.691 78.747 78.685 78.56 78.429 78.326 78.274 78.216 78.158 78.037 77.898 77.796 77.785 77.7 77.593 77.495 77.43 77.413 77.248 77.248 77.253 77.12 76.964 76.922 76.9 76.95 76.931 76.834 76.638 76.498 76.392 76.292 76.233 76.113 75.965 75.929 75.912 75.84 75.67 75.469 75.393 75.371 75.334 75.283 75.203 75.09 74.873 74.666 74.528 74.382 74.236 74.09 73.944 73.797 73.683 73.578 73.497 73.32 73.197
81.38 81.346 81.159 80.981 80.788 80.494 80.48 80.414 80.218 80.109 79.954 79.868 79.704 79.647 79.505 79.356 79.135 78.916 78.875 78.871 78.818 78.715 78.557 78.443 78.385 78.328 78.27 78.171 78.043 77.914 77.814 77.737 77.662 77.595 77.528 77.454 77.381 77.42 77.409 77.125 77.036 77.084 77.114 77.094 77.078 76.99 76.794 76.598 76.434 76.414 76.304 76.147 76.03 76.042 76.07 76.004 75.799 75.612 75.57 75.55 75.391 75.378 75.272 75.168 75.101 74.876 74.727 74.596 74.453 74.307 74.161 74.016 73.935 73.983 73.79 73.591 73.435
81.279 81.328 81.317 81.175 80.932 80.717 80.539 80.484 80.342 80.196 80.026 79.988 79.911 79.774 79.604 79.49 79.334 79.157 79.07 79.024 78.952 78.843 78.66 78.555 78.498 78.447 78.383 78.313 78.195 78.064 77.94 77.869 77.84 77.729 77.658 77.583 77.523 77.555 77.571 77.313 77.214 77.342 77.341 77.239 77.201 77.111 76.966 76.832 76.544 76.581 76.519 76.36 76.211 76.172 76.188 76.145 75.937 75.77 75.747 75.725 75.624 75.495 75.366 75.274 75.249 75.099 74.898 74.773 74.652 74.521 74.377 74.244 74.247 74.198 74.02 73.865 73.65
81.299 81.305 81.309 81.209 81.062 80.821 80.612 80.482 80.322 80.227 80.186 80.153 80.068 80.046 79.839 79.623 79.494 79.327 79.291 79.331 79.09 78.928 78.763 78.668 78.611 78.556 78.496 78.433 78.346 78.217 78.08 77.996 78.024 77.928 77.797 77.724 77.682 77.678 77.697 77.513 77.451 77.507 77.457 77.363 77.237 77.063 76.927 76.925 76.858 76.799 76.698 76.572 76.411 76.331 76.301 76.281 76.095 75.95 75.93 75.858 75.782 75.674 75.528 75.413 75.389 75.247 75.091 74.939 74.818 74.696 74.566 74.445 74.343 74.254 74.219 74.122 73.854
81.319 81.324 81.335 81.221 80.964 80.827 80.672 80.56 80.444 80.411 80.355 80.269 80.188 80.31 80.175 79.828 79.669 79.583 79.523 79.433 79.176 79.003 78.85 78.781 78.725 78.669 78.61 78.546 78.48 78.369 78.232 78.1 78.158 78.157 78.053 77.967 77.95 77.801 77.708 77.652 77.601 77.58 77.565 77.526 77.381 77.212 76.998 76.936 76.935 76.858 76.78 76.732 76.623 76.515 76.491 76.414 76.268 76.131 76.069 75.938 75.892 75.806 75.668 75.548 75.529 75.388 75.247 75.089 74.928 74.783 74.697 74.575 74.457 74.34 74.476 74.419 74.134
81.337 81.343 81.359 81.333 81.095 80.874 80.71 80.626 80.655 80.643 80.53 80.373 80.292 80.376 80.253 80.039 79.904 79.815 79.68 79.475 79.339 79.173 79.151 78.979 78.841 78.783 78.723 78.648 78.595 78.517 78.344 78.165 78.181 78.287 78.302 78.281 78.218 77.948 77.8 77.756 77.743 77.786 77.786 77.763 77.614 77.384 77.137 77.077 77.014 76.93 76.856 76.813 76.771 76.695 76.614 76.506 76.407 76.289 76.161 76.034 75.944 75.848 75.75 75.655 75.65 75.568 75.41 75.225 75.043 74.892 74.885 74.77 74.711 74.755 74.779 74.693 74.369
81.36 81.362 81.397 81.434 81.251 81.011 80.907 80.725 80.645 80.632 80.601 80.469 80.396 80.375 80.225 80.156 80.076 80.021 79.806 79.626 79.586 79.514 79.476 79.295 79.073 78.909 78.828 78.728 78.636 78.514 78.359 78.185 78.22 78.388 78.406 78.393 78.348 78.096 77.911 77.915 77.925 77.96 77.99 77.985 77.776 77.483 77.291 77.241 77.16 77.028 76.935 76.905 76.879 76.807 76.699 76.595 76.514 76.388 76.296 76.153 76.088 76.014 75.92 75.827 75.793 75.717 75.573 75.396 75.219 75.054 74.971 75.037 75.054 75.036 74.979 74.726 74.377
81.421 81.401 81.504 81.593 81.398 81.109 80.893 80.883 80.739 80.555 80.53 80.523 80.452 80.365 80.342 80.317 80.209 80.117 79.948 79.763 79.771 79.813 79.801 79.573 79.29 79.017 78.906 78.805 78.703 78.639 78.552 78.356 78.331 78.486 78.519 78.521 78.469 78.191 78.051 78.08 78.102 78.113 78.115 78.041 77.855 77.579 77.452 77.388 77.292 77.144 77.068 77.065 77.004 76.873 76.764 76.668 76.62 76.577 76.452 76.308 76.28 76.203 76.107 76.011 75.927 75.798 75.703 75.574 75.4 75.236 75.117 75.102 75.197 75.197 74.971 74.699 74.379
81.5 81.47 81.592 81.705 81.453 81.07 80.941 81.101 80.905 80.613 80.471 80.512 80.429 80.397 80.444 80.456 80.364 80.229 80.083 79.961 80.005 80.023 79.891 79.564 79.274 79.09 78.976 78.895 78.85 78.795 78.743 78.623 78.521 78.589 78.597 78.637 78.572 78.311 78.176 78.22 78.194 78.168 78.119 78.004 77.868 77.685 77.599 77.534 77.417 77.257 77.175 77.16 77.112 76.942 76.83 76.739 76.658 76.642 76.571 76.45 76.457 76.391 76.303 76.182 76.025 75.871 75.774 75.687 75.573 75.421 75.377 75.4 75.445 75.34 75.069 74.741 74.457
81.581 81.555 81.636 81.66 81.387 81.03 80.98 81.034 80.852 80.658 80.546 80.471 80.419 80.4 80.434 80.531 80.498 80.298 80.256 80.262 80.244 80.119 79.918 79.63 79.394 79.202 79.072 79.112 79.082 79.002 78.924 78.85 78.744 78.656 78.636 78.673 78.625 78.408 78.298 78.319 78.261 78.183 78.08 77.959 77.852 77.765 77.677 77.617 77.526 77.386 77.32 77.264 77.229 77.133 76.954 76.854 76.748 76.668 76.622 76.573 76.618 76.653 76.553 76.341 76.15 76.025 75.882 75.793 75.704 75.638 75.654 75.661 75.572 75.442 75.224 74.895 74.648
81.646 81.622 81.585 81.53 81.328 81.113 80.977 80.882 80.749 80.667 80.575 80.499 80.438 80.414 80.443 80.606 80.5 80.382 80.374 80.478 80.343 80.182 80.018 79.887 79.587 79.483 79.446 79.376 79.305 79.167 79.041 78.935 78.889 78.766 78.676 78.656 78.585 78.43 78.394 78.413 78.346 78.235 78.052 77.928 77.86 77.809 77.705 77.686 77.619 77.499 77.447 77.409 77.368 77.274 77.148 77.003 76.844 76.816 76.77 76.732 76.766 76.83 76.701 76.509 76.33 76.214 76.108 75.995 75.899 75.81 75.816 75.802 75.635 75.518 75.364 75.049 74.831
81.709 81.686 81.674 81.56 81.364 81.21 81.044 80.896 80.779 80.672 80.596 80.562 80.497 80.467 80.496 80.582 80.387 80.322 80.405 80.456 80.421 80.321 80.244 80.128 79.961 79.8 79.633 79.554 79.367 79.173 79.041 79.011 78.987 78.916 78.801 78.719 78.573 78.469 78.448 78.5 78.419 78.322 78.175 77.991 77.992 77.913 77.789 77.764 77.718 77.639 77.592 77.542 77.474 77.374 77.259 77.168 77.02 76.92 76.919 76.894 76.862 76.88 76.788 76.56 76.443 76.353 76.263 76.169 76.087 75.985 75.972 75.924 75.712 75.563 75.416 75.183 75.054
