LIDAR/se2585_DTM_2M.asc
ncols 500
nrows 500
xllcorner    425000
yllcorner    485000
cellsize     2
NODATA_value -9999
[rows 442 to 475 of 500, columns 77 to 153 of 500]
81.627 81.736 81.844 81.977 82.085 82.212 82.286 82.2 82.116 82.095 82.056 82.146 82.314 82.365 82.355 82.34 82.325 82.294 82.172 82.038 82.012 82.137 82.227 82.291 82.195 82.091 82.077 82.079 82.079 82.085 82.103 82.13 82.153 82.149 82.015 81.918 81.846 81.688 81.442 81.364 81.302 81.24 81.225 81.083 80.95 80.869 80.871 80.83 80.701 80.565 80.436 80.299 80.174 80.025 79.912 79.763 79.665 79.599 79.533 79.458 79.332 79.197 78.992 78.775 78.624 78.476 78.427 78.366 78.254 78.127 78.024 77.896 77.767 77.624 77.472 77.35 77.21
81.597 81.66 81.752 81.886 82.017 82.143 82.24 82.252 82.195 82.131 82.168 82.299 82.41 82.437 82.435 82.427 82.413 82.388 82.27 82.146 82.124 82.225 82.279 82.258 82.169 82.122 82.115 82.116 82.122 82.134 82.152 82.177 82.203 82.226 82.133 82.068 82.101 81.895 81.778 81.644 81.493 81.427 81.454 81.335 81.156 81.006 80.976 80.937 80.836 80.722 80.608 80.45 80.283 80.131 79.989 79.86 79.793 79.741 79.688 79.584 79.412 79.234 79.066 78.937 78.788 78.654 78.713 78.75 78.53 78.362 78.203 78.049 77.942 77.811 77.664 77.515 77.376
81.529 81.56 81.661 81.794 81.928 82.047 82.09 82.109 82.185 82.127 82.231 82.375 82.463 82.496 82.497 82.495 82.487 82.474 82.378 82.256 82.236 82.366 82.393 82.284 82.179 82.183 82.188 82.193 82.199 82.21 82.221 82.234 82.252 82.277 82.25 82.232 82.218 82.155 82.123 81.988 81.791 81.628 81.657 81.61 81.377 81.266 81.227 81.22 81.09 80.915 80.793 80.638 80.435 80.277 80.153 80.071 79.967 79.888 79.832 79.71 79.545 79.364 79.227 79.102 78.997 78.928 78.913 78.885 78.742 78.512 78.297 78.181 78.094 77.98 77.833 77.684 77.546
81.494 81.541 81.596 81.717 81.846 81.932 81.932 81.981 82.071 82.137 82.235 82.381 82.464 82.548 82.535 82.498 82.463 82.5 82.488 82.366 82.383 82.677 82.792 82.602 82.264 82.258 82.265 82.27 82.276 82.286 82.298 82.309 82.32 82.334 82.341 82.349 82.366 82.374 82.261 82.06 81.898 81.782 81.743 81.687 81.597 81.565 81.518 81.47 81.431 81.236 81.026 80.821 80.628 80.443 80.375 80.329 80.155 80.073 79.955 79.833 79.672 79.516 79.394 79.329 79.257 79.195 79.153 78.961 78.855 78.624 78.46 78.34 78.258 78.19 77.971 77.812 77.735
81.483 81.54 81.59 81.649 81.785 81.85 81.878 81.935 82.012 82.143 82.266 82.35 82.465 82.48 82.386 82.352 82.429 82.565 82.588 82.499 82.568 82.895 83.104 82.879 82.385 82.311 82.339 82.348 82.353 82.362 82.374 82.386 82.397 82.406 82.414 82.476 82.534 82.484 82.304 82.096 81.961 81.953 81.979 81.897 81.806 81.786 81.767 81.742 81.709 81.596 81.343 81.062 80.797 80.603 80.555 80.544 80.374 80.224 80.083 79.955 79.812 79.704 79.588 79.617 79.517 79.429 79.3 79.184 79.044 78.863 78.672 78.543 78.45 78.394 78.139 77.899 77.988
81.462 81.57 81.613 81.611 81.743 81.846 81.831 81.916 81.982 82.098 82.233 82.366 82.408 82.332 82.252 82.336 82.472 82.605 82.675 82.652 82.712 83.014 83.272 83.13 82.528 82.355 82.388 82.418 82.43 82.438 82.45 82.46 82.461 82.454 82.474 82.621 82.616 82.474 82.316 82.132 82.082 82.135 82.165 82.079 81.996 81.977 81.957 81.919 81.862 81.803 81.623 81.353 81.046 80.764 80.684 80.684 80.566 80.432 80.318 80.134 80.022 79.867 79.84 79.905 79.806 79.67 79.532 79.328 79.213 79.053 78.873 78.614 78.49 78.349 78.167 78.053 78.163
81.461 81.591 81.593 81.557 81.622 81.735 81.806 81.906 81.928 82.039 82.149 82.258 82.314 82.247 82.209 82.3 82.388 82.474 82.554 82.728 82.837 82.994 83.281 83.265 82.727 82.399 82.432 82.465 82.497 82.514 82.519 82.513 82.504 82.496 82.533 82.703 82.657 82.508 82.36 82.198 82.199 82.257 82.297 82.256 82.187 82.167 82.105 81.991 81.853 81.874 81.817 81.625 81.354 81.021 80.804 80.802 80.751 80.629 80.521 80.388 80.332 80.247 80.149 80.108 79.996 79.886 79.771 79.61 79.348 79.121 79.036 78.727 78.441 78.341 78.332 78.318 78.32
81.69 81.642 81.557 81.512 81.61 81.727 81.85 81.876 81.894 81.943 82.015 82.109 82.19 82.149 82.168 82.197 82.234 82.292 82.37 82.551 82.847 82.795 83.024 83.071 82.799 82.46 82.477 82.512 82.549 82.575 82.563 82.554 82.547 82.539 82.603 82.839 82.814 82.665 82.504 82.315 82.204 82.293 82.387 82.417 82.369 82.253 82.105 81.935 81.869 81.922 81.923 81.797 81.62 81.367 81.177 81.04 80.887 80.728 80.57 80.46 80.531 80.555 80.484 80.344 80.251 80.075 79.956 79.839 79.571 79.295 79.071 78.881 78.656 78.508 78.506 78.527 78.542
81.77 81.637 81.463 81.427 81.571 81.716 81.854 81.866 81.906 81.954 82.001 82.048 82.083 82.116 82.137 82.165 82.195 82.226 82.269 82.415 82.843 82.721 82.823 82.985 82.79 82.548 82.546 82.578 82.616 82.645 82.616 82.597 82.589 82.581 82.673 82.95 82.971 82.812 82.624 82.433 82.256 82.252 82.375 82.476 82.388 82.218 82.049 81.891 81.911 81.965 82.027 81.942 81.778 81.566 81.299 81.083 80.902 80.744 80.599 80.582 80.581 80.549 80.523 80.468 80.435 80.405 80.159 80.043 79.847 79.587 79.326 79.076 78.952 78.804 78.79 78.833 78.819
81.5 81.425 81.262 81.385 81.535 81.685 81.816 81.872 81.915 81.953 81.986 82.006 81.972 82.064 82.107 82.132 82.163 82.202 82.362 82.606 82.752 82.82 82.849 82.915 82.875 82.745 82.664 82.674 82.699 82.696 82.664 82.648 82.613 82.595 82.751 83.055 83.102 82.934 82.742 82.551 82.359 82.249 82.394 82.44 82.309 82.163 81.993 81.894 81.961 82.02 82.076 82.078 81.93 81.725 81.374 81.139 81.055 80.958 80.864 80.824 80.693 80.458 80.431 80.51 80.522 80.486 80.37 80.187 80.034 79.805 79.545 79.321 79.279 79.19 79.13 79.087 79.036
81.137 81.114 81.252 81.376 81.508 81.658 81.77 81.823 81.88 81.909 81.927 81.89 81.839 81.941 82.064 82.1 82.135 82.282 82.467 82.616 82.625 82.705 82.714 82.893 82.948 82.906 82.842 82.784 82.77 82.705 82.598 82.525 82.522 82.612 82.812 83.091 83.14 83.006 82.838 82.654 82.483 82.35 82.362 82.371 82.203 82.087 81.951 81.942 82.027 82.069 82.1 82.089 82.074 81.879 81.617 81.454 81.317 81.218 81.132 81.064 80.761 80.454 80.367 80.546 80.619 80.641 80.597 80.354 80.163 79.937 79.748 79.538 79.465 79.396 79.382 79.353 79.214
80.887 81.028 81.244 81.379 81.501 81.624 81.655 81.666 81.797 81.857 81.839 81.846 81.848 81.905 81.981 82.071 82.166 82.299 82.415 82.538 82.604 82.608 82.719 82.889 82.88 82.873 82.867 82.841 82.832 82.75 82.662 82.575 82.536 82.671 82.832 83.079 83.126 82.798 82.803 82.634 82.502 82.372 82.326 82.391 82.313 82.142 81.997 82.014 82.071 82.102 82.025 82.011 82.061 82.027 81.932 81.782 81.619 81.481 81.36 81.159 80.813 80.522 80.454 80.713 80.857 80.89 80.655 80.465 80.29 80.093 79.887 79.709 79.605 79.536 79.497 79.408 79.27
80.808 80.951 81.146 81.249 81.383 81.504 81.501 81.499 81.628 81.776 81.861 81.929 81.976 82.022 82.056 82.05 82.144 82.262 82.382 82.502 82.536 82.592 82.777 82.821 82.814 82.8 82.771 82.799 82.855 82.868 82.793 82.705 82.612 82.732 82.864 83.053 83.111 82.975 82.796 82.617 82.438 82.311 82.254 82.351 82.472 82.4 82.29 82.189 82.144 82.074 81.926 81.915 81.935 81.941 81.937 81.882 81.817 81.718 81.591 81.244 80.877 80.745 80.745 80.942 81.071 81.075 80.849 80.621 80.428 80.212 79.953 79.778 79.73 79.641 79.546 79.427 79.308
80.734 80.864 81.036 81.112 81.212 81.349 81.354 81.334 81.461 81.629 81.748 81.853 81.96 82.054 82.033 82.02 82.116 82.234 82.352 82.47 82.553 82.629 82.759 82.749 82.716 82.676 82.699 82.754 82.81 82.866 82.902 82.829 82.711 82.768 82.889 83.033 83.101 82.966 82.788 82.636 82.534 82.49 82.484 82.516 82.601 82.519 82.387 82.356 82.333 82.175 82.011 81.886 81.841 81.819 81.804 81.794 81.746 81.715 81.81 81.493 81.133 81.06 81.091 81.242 81.249 81.159 80.962 80.784 80.518 80.384 80.082 79.993 79.926 79.804 79.688 79.579 79.47
80.662 80.784 80.926 81.086 81.144 81.187 81.223 81.259 81.361 81.491 81.605 81.722 81.836 81.946 81.962 81.971 82.085 82.206 82.315 82.394 82.513 82.648 82.665 82.622 82.58 82.598 82.656 82.709 82.764 82.821 82.879 82.903 82.773 82.792 82.915 83.038 83.093 82.961 82.876 82.798 82.74 82.661 82.602 82.629 82.682 82.647 82.466 82.442 82.457 82.322 82.155 81.996 81.918 81.861 81.804 81.756 81.706 81.824 82.006 81.801 81.445 81.371 81.334 81.373 81.358 81.22 81.104 80.962 80.649 80.396 80.312 80.219 80.144 79.971 79.857 79.76 79.651
80.633 80.733 80.862 81.033 81.153 81.111 81.112 81.203 81.285 81.37 81.516 81.602 81.713 81.824 81.881 81.943 82.051 82.144 82.231 82.319 82.423 82.507 82.526 82.484 82.496 82.553 82.611 82.663 82.718 82.775 82.865 82.897 82.815 82.812 82.931 83.059 83.088 82.99 82.903 82.788 82.673 82.625 82.663 82.706 82.707 82.783 82.533 82.542 82.509 82.425 82.299 82.132 82.019 81.961 81.904 81.845 81.772 81.743 81.966 82.007 81.756 81.647 81.469 81.423 81.507 81.363 81.204 81.108 80.854 80.602 80.546 80.45 80.403 80.278 80.123 79.972 79.832
80.575 80.708 80.799 80.929 81.059 81.102 81.043 81.056 81.136 81.246 81.448 81.521 81.6 81.7 81.815 81.901 81.987 82.075 82.163 82.25 82.312 82.345 82.373 82.394 82.453 82.511 82.566 82.617 82.672 82.757 82.881 82.864 82.808 82.822 82.943 83.051 83.013 82.901 82.785 82.684 82.659 82.694 82.739 82.779 82.723 82.681 82.558 82.591 82.556 82.474 82.392 82.273 82.128 82.062 82.003 81.932 81.854 81.776 81.809 81.929 81.854 81.739 81.573 81.479 81.436 81.494 81.372 81.172 81.08 80.862 80.787 80.72 80.639 80.528 80.423 80.235 80.04
80.399 80.568 80.73 80.863 80.952 81.036 81.042 80.969 80.986 81.141 81.395 81.531 81.601 81.768 81.868 81.93 82.003 82.078 82.164 82.232 82.279 82.305 82.312 82.334 82.406 82.468 82.52 82.572 82.649 82.785 82.898 82.832 82.827 82.888 82.964 82.99 82.891 82.782 82.681 82.681 82.726 82.771 82.816 82.837 82.748 82.645 82.577 82.631 82.603 82.521 82.439 82.357 82.249 82.162 82.091 82.013 81.936 81.858 81.78 81.814 81.743 81.653 81.605 81.552 81.516 81.538 81.532 81.452 81.409 81.146 81.032 80.96 80.875 80.688 80.683 80.481 80.265
80.236 80.4 80.547 80.748 80.9 80.968 80.997 80.931 80.864 81.163 81.415 81.599 81.682 81.806 81.876 81.934 82.008 82.073 82.122 82.184 82.244 82.286 82.268 82.253 82.327 82.409 82.545 82.635 82.739 82.85 82.937 82.873 82.958 83.057 83.059 82.982 82.851 82.689 82.712 82.758 82.803 82.848 82.893 82.878 82.774 82.67 82.605 82.667 82.649 82.568 82.486 82.403 82.323 82.283 82.207 82.132 82.056 81.98 81.882 81.799 81.757 81.723 81.688 81.62 81.569 81.585 81.599 81.661 81.656 81.48 81.295 81.157 81.053 80.909 80.874 80.701 80.487
80.054 80.188 80.321 80.56 80.858 80.942 80.862 80.765 80.888 81.127 81.318 81.517 81.561 81.707 81.809 81.875 81.94 81.981 82 82.069 82.142 82.231 82.217 82.185 82.239 82.319 82.47 82.659 82.853 82.994 83.105 83.098 83.183 83.147 83.041 82.95 82.958 82.817 82.778 82.815 82.864 82.913 82.943 82.901 82.798 82.694 82.631 82.707 82.694 82.609 82.522 82.435 82.436 82.482 82.415 82.327 82.214 82.077 81.966 81.905 81.853 81.817 81.782 81.663 81.647 81.604 81.551 81.671 81.636 81.576 81.504 81.407 81.141 81.068 81.036 80.921 80.71
79.829 79.962 80.094 80.364 80.673 80.786 80.686 80.624 80.885 81.024 81.127 81.28 81.404 81.573 81.735 81.807 81.852 81.858 81.876 81.947 82.061 82.179 82.157 82.128 82.163 82.23 82.372 82.569 82.774 83.023 83.232 83.294 83.245 83.136 83.015 82.917 82.929 82.94 82.918 82.894 82.905 82.948 82.941 82.896 82.814 82.715 82.683 82.714 82.69 82.613 82.529 82.468 82.554 82.637 82.523 82.391 82.249 82.14 82.072 82.015 81.959 81.912 81.862 81.695 81.703 81.704 81.627 81.674 81.635 81.615 81.601 81.466 81.249 81.208 81.186 81.121 80.932
79.632 79.746 79.877 80.116 80.349 80.518 80.481 80.543 80.827 80.935 81.036 81.132 81.243 81.437 81.627 81.722 81.72 81.733 81.753 81.859 82.038 82.102 82.094 82.077 82.122 82.182 82.29 82.48 82.675 82.896 83.151 83.289 83.222 83.111 82.99 82.883 82.888 82.91 82.921 82.936 82.954 82.946 82.907 82.872 82.8 82.722 82.675 82.655 82.641 82.597 82.52 82.461 82.537 82.737 82.683 82.439 82.301 82.238 82.182 82.125 82.068 82.013 81.928 81.74 81.744 81.801 81.796 81.776 81.673 81.633 81.611 81.525 81.42 81.333 81.307 81.298 81.155
79.445 79.567 79.695 79.865 80.046 80.233 80.391 80.572 80.736 80.829 80.915 81.001 81.135 81.324 81.51 81.633 81.625 81.617 81.655 81.834 82.012 82.042 82.03 82.032 82.094 82.158 82.261 82.43 82.6 82.786 82.998 83.108 83.063 83.033 82.964 82.85 82.845 82.864 82.891 82.933 82.988 83.032 82.908 82.839 82.785 82.727 82.781 82.771 82.734 82.675 82.543 82.477 82.615 82.862 82.789 82.613 82.401 82.349 82.292 82.236 82.179 82.119 82.003 81.802 81.754 81.875 81.888 81.854 81.7 81.615 81.66 81.664 81.572 81.447 81.329 81.333 81.361
79.242 79.388 79.529 79.728 79.911 80.095 80.289 80.46 80.578 80.69 80.776 80.862 81.025 81.214 81.393 81.536 81.566 81.551 81.56 81.775 81.965 82.029 82.034 82.084 82.167 82.183 82.22 82.385 82.548 82.724 82.842 82.931 82.909 82.824 82.808 82.792 82.811 82.869 82.924 82.978 83.033 83.104 83.046 82.868 82.766 82.812 82.903 82.892 82.891 82.87 82.685 82.617 82.882 83.161 83.132 82.701 82.517 82.461 82.404 82.347 82.286 82.199 82.097 81.917 81.764 81.823 81.844 81.809 81.692 81.667 81.777 81.782 81.594 81.408 81.328 81.272 81.305
79.242 79.36 79.501 79.672 79.844 80.011 80.167 80.283 80.427 80.549 80.637 80.731 80.914 81.105 81.268 81.413 81.496 81.488 81.45 81.631 81.838 82.092 82.189 82.263 82.291 82.285 82.212 82.299 82.48 82.668 82.744 82.82 82.828 82.716 82.63 82.678 82.8 82.909 82.969 83.023 83.072 83.146 83.187 83.023 82.906 82.935 83.027 83.009 83.006 82.983 82.703 82.719 82.978 83.261 83.25 82.781 82.629 82.572 82.516 82.453 82.366 82.275 82.182 82.025 81.833 81.811 81.794 81.753 81.726 81.838 81.906 81.829 81.56 81.376 81.292 81.257 81.263
79.27 79.397 79.473 79.623 79.759 79.894 80.053 80.17 80.265 80.391 80.497 80.606 80.804 80.991 81.142 81.286 81.419 81.42 81.361 81.447 81.656 81.908 82.206 82.391 82.405 82.336 82.222 82.284 82.493 82.569 82.643 82.717 82.761 82.691 82.612 82.593 82.698 82.851 82.99 83.068 83.123 83.194 83.26 83.233 83.184 83.14 83.15 83.131 83.074 82.901 82.686 82.791 83.02 83.297 83.274 82.871 82.74 82.684 82.62 82.533 82.442 82.351 82.259 82.124 81.942 81.83 81.8 81.738 81.936 82.063 82.036 81.902 81.648 81.396 81.28 81.287 81.293
79.242 79.296 79.341 79.482 79.61 79.781 79.989 80.1 80.174 80.252 80.352 80.487 80.694 80.871 81.015 81.154 81.285 81.293 81.275 81.263 81.475 81.71 81.995 82.075 82.186 82.228 82.216 82.321 82.402 82.475 82.548 82.616 82.669 82.647 82.589 82.529 82.587 82.748 82.901 83.053 83.162 83.228 83.226 83.208 83.187 83.166 83.151 83.146 83.05 82.844 82.706 82.877 83.095 83.291 83.284 82.96 82.852 82.787 82.699 82.608 82.517 82.426 82.335 82.221 82.044 81.894 81.821 81.813 82.11 82.201 82.088 81.97 81.765 81.493 81.326 81.308 81.313
78.968 79.027 79.156 79.342 79.53 79.667 79.893 80.029 80.104 80.179 80.254 80.379 80.573 80.65 80.749 80.913 81.093 81.106 81.138 81.158 81.311 81.534 81.658 81.684 81.846 81.933 82.079 82.219 82.309 82.376 82.421 82.453 82.517 82.498 82.452 82.468 82.52 82.63 82.781 82.931 83.08 83.176 83.17 83.152 83.133 83.112 83.098 83.045 82.889 82.724 82.73 82.928 83.136 83.249 83.249 83.05 82.954 82.866 82.775 82.684 82.593 82.502 82.41 82.309 82.142 81.967 81.844 81.841 82.113 82.167 82.095 81.989 81.862 81.584 81.4 81.357 81.334
78.817 78.858 79.082 79.182 79.337 79.544 79.748 79.897 80.012 80.111 80.186 80.302 80.337 80.357 80.555 80.748 80.954 80.991 81.016 81.085 81.184 81.368 81.548 81.701 81.712 81.77 82.028 82.137 82.181 82.208 82.236 82.295 82.369 82.34 82.361 82.428 82.507 82.555 82.629 82.761 82.906 83.045 83.082 83.083 83.076 83.058 83.029 82.886 82.705 82.644 82.748 82.908 83.01 83.065 83.114 83.107 83.021 82.94 82.85 82.757 82.668 82.577 82.486 82.394 82.242 82.079 81.918 81.885 81.928 81.969 81.979 81.975 81.911 81.683 81.486 81.428 81.389
78.686 78.818 78.94 79.127 79.254 79.338 79.504 79.642 79.78 79.917 80.071 80.183 80.226 80.289 80.455 80.65 80.819 80.917 81.001 81.073 81.072 81.278 81.44 81.602 81.753 81.843 81.88 81.965 81.995 82.022 82.061 82.147 82.221 82.228 82.315 82.417 82.496 82.543 82.589 82.64 82.736 82.878 82.976 82.982 82.985 82.979 82.867 82.675 82.602 82.683 82.785 82.886 82.917 82.994 83.013 82.999 82.986 82.952 82.898 82.821 82.731 82.641 82.552 82.464 82.369 82.216 82.064 82.002 81.966 81.94 81.908 81.93 81.94 81.781 81.573 81.499 81.46
78.493 78.698 78.786 79.088 79.24 79.217 79.26 79.407 79.574 79.757 79.94 80.101 80.152 80.21 80.338 80.541 80.693 80.792 80.899 80.971 81.011 81.21 81.387 81.507 81.536 81.614 81.72 81.763 81.805 81.846 81.922 82.002 82.086 82.179 82.273 82.367 82.444 82.499 82.563 82.62 82.669 82.73 82.843 82.879 82.859 82.76 82.636 82.559 82.636 82.723 82.819 82.864 82.889 82.891 82.877 82.863 82.849 82.836 82.826 82.803 82.764 82.689 82.608 82.534 82.48 82.369 82.266 82.249 82.227 82.186 82.157 82.056 81.977 81.83 81.665 81.571 81.537
78.348 78.526 78.689 78.919 79.089 79.061 79.119 79.277 79.456 79.643 79.828 80.012 80.08 80.086 80.233 80.421 80.564 80.678 80.787 80.863 80.963 81.12 81.26 81.42 81.477 81.505 81.563 81.594 81.648 81.71 81.792 81.881 82.002 82.091 82.18 82.274 82.35 82.4 82.463 82.53 82.597 82.664 82.728 82.794 82.782 82.709 82.619 82.631 82.711 82.79 82.822 82.8 82.774 82.755 82.741 82.727 82.713 82.699 82.686 82.675 82.666 82.658 82.633 82.594 82.539 82.487 82.481 82.463 82.439 82.372 82.337 82.285 82.156 82.018 81.818 81.646 81.613
78.172 78.357 78.515 78.655 78.807 78.885 79.025 79.18 79.337 79.515 79.701 79.873 79.903 79.929 80.107 80.277 80.424 80.559 80.675 80.763 80.885 80.989 81.086 81.228 81.228 81.341 81.38 81.491 81.525 81.586 81.673 81.805 81.92 82.007 82.093 82.182 82.253 82.306 82.356 82.419 82.486 82.553 82.636 82.801 82.901 82.892 82.736 82.757 82.832 82.848 82.815 82.778 82.739 82.7 82.661 82.623 82.596 82.569 82.549 82.536 82.525 82.561 82.614 82.574 82.522 82.531 82.585 82.575 82.541 82.384 82.299 82.277 82.247 82.165 81.967 81.748 81.674
77.943 78.138 78.294 78.42 78.557 78.746 78.912 79.077 79.217 79.398 79.574 79.683 79.714 79.79 79.948 80.102 80.247 80.382 80.535 80.666 80.774 80.879 80.973 81.098 81.274 81.217 81.231 81.319 81.395 81.466 81.593 81.737 81.833 81.922 82.009 82.088 82.155 82.212 82.263 82.313 82.376 82.452 82.588 82.755 82.896 82.946 82.86 82.872 82.87 82.838 82.805 82.77 82.731 82.692 82.653 82.614 82.574 82.535 82.496 82.457 82.445 82.502 82.59 82.546 82.519 82.57 82.633 82.678 82.644 82.472 82.292 82.223 82.114 82.137 82.081 81.888 81.735
