LIDAR/se2587_DTM_2M.asc
ncols 500
nrows 500
xllcorner    425000
yllcorner    487000
cellsize     2
NODATA_value -9999
[rows 288 to 319 of 500, columns 360 to 431 of 500]
54.463 54.295 54.115 53.953 53.798 53.613 53.483 53.368 53.26 53.158 53.035 52.958 52.85 52.773 52.69 52.568 52.51 52.448 52.385 52.318 52.258 52.243 52.198 52.135 52.05 51.968 51.863 51.803 51.768 51.743 51.67 51.585 51.523 51.495 51.51 51.538 51.565 51.623 51.663 51.693 51.725 51.763 51.783 51.793 51.848 51.878 51.913 51.945 51.973 51.988 51.985 52.003 51.99 51.975 51.953 51.963 52.018 52.048 52.04 52.018 52 51.988 51.96 51.908 51.863 51.855 51.805 51.72 51.635 51.568 51.485 51.345
54.395 54.22 54.008 53.79 53.655 53.493 53.37 53.26 53.13 53.035 52.933 52.84 52.763 52.693 52.575 52.488 52.423 52.358 52.288 52.243 52.183 52.143 52.1 52.058 51.97 51.855 51.795 51.725 51.695 51.663 51.573 51.528 51.425 51.388 51.428 51.468 51.49 51.528 51.608 51.635 51.655 51.678 51.685 51.695 51.71 51.76 51.785 51.803 51.823 51.83 51.855 51.853 51.825 51.773 51.748 51.753 51.808 51.813 51.8 51.78 51.743 51.728 51.713 51.675 51.645 51.628 51.593 51.488 51.415 51.355 51.223 51.145
54.283 54.088 53.868 53.683 53.533 53.425 53.26 53.14 53.013 52.908 52.81 52.725 52.658 52.575 52.49 52.413 52.345 52.265 52.18 52.148 52.09 52.07 52 51.945 51.878 51.8 51.713 51.635 51.598 51.56 51.498 51.438 51.36 51.333 51.343 51.358 51.418 51.47 51.505 51.535 51.558 51.57 51.565 51.608 51.62 51.623 51.665 51.66 51.69 51.703 51.685 51.66 51.638 51.605 51.575 51.54 51.563 51.573 51.56 51.54 51.505 51.498 51.495 51.45 51.415 51.393 51.323 51.248 51.19 51.118 51.013 50.938
54.155 53.955 53.753 53.62 53.448 53.313 53.168 53.015 52.91 52.81 52.695 52.615 52.555 52.473 52.405 52.313 52.213 52.163 52.1 52.063 51.983 51.965 51.93 51.885 51.795 51.708 51.66 51.563 51.505 51.473 51.463 51.383 51.293 51.248 51.285 51.293 51.33 51.373 51.423 51.468 51.485 51.51 51.475 51.49 51.508 51.543 51.548 51.548 51.553 51.558 51.553 51.508 51.48 51.435 51.418 51.378 51.36 51.355 51.323 51.328 51.328 51.295 51.283 51.263 51.225 51.185 51.113 51.048 50.975 50.875 50.783 50.723
54.02 53.818 53.67 53.485 53.343 53.228 53.06 52.935 52.805 52.705 52.593 52.525 52.448 52.39 52.308 52.218 52.133 52.068 52 51.965 51.895 51.865 51.825 51.78 51.713 51.62 51.545 51.475 51.448 51.42 51.36 51.27 51.228 51.163 51.188 51.235 51.235 51.343 51.395 51.388 51.395 51.418 51.405 51.413 51.428 51.425 51.45 51.438 51.448 51.44 51.415 51.38 51.33 51.308 51.243 51.18 51.195 51.168 51.13 51.14 51.148 51.125 51.095 51.058 51.02 50.98 50.908 50.835 50.78 50.69 50.57 50.523
53.875 53.71 53.568 53.375 53.233 53.105 52.963 52.833 52.73 52.628 52.515 52.423 52.355 52.285 52.223 52.11 52.04 51.965 51.89 51.848 51.815 51.785 51.735 51.673 51.595 51.548 51.475 51.385 51.335 51.303 51.26 51.208 51.123 51.11 51.15 51.185 51.195 51.258 51.325 51.305 51.333 51.348 51.335 51.328 51.328 51.333 51.34 51.318 51.345 51.328 51.283 51.245 51.2 51.138 51.073 51.023 51.013 51 50.98 50.973 50.965 50.958 50.933 50.885 50.858 50.805 50.76 50.675 50.593 50.52 50.428 50.335
53.803 53.62 53.458 53.3 53.153 53.013 52.853 52.73 52.633 52.548 52.448 52.358 52.293 52.198 52.123 52.04 51.948 51.865 51.795 51.745 51.698 51.678 51.645 51.565 51.54 51.465 51.385 51.29 51.265 51.25 51.23 51.143 51.058 51.05 51.083 51.14 51.143 51.188 51.248 51.275 51.273 51.265 51.253 51.26 51.263 51.238 51.24 51.243 51.24 51.223 51.2 51.143 51.063 51.025 50.945 50.92 50.885 50.893 50.86 50.83 50.833 50.81 50.793 50.725 50.67 50.623 50.57 50.465 50.405 50.34 50.258 50.158
53.68 53.528 53.37 53.213 53.065 52.928 52.768 52.633 52.56 52.473 52.355 52.293 52.223 52.133 52.023 51.95 51.845 51.77 51.695 51.645 51.608 51.598 51.553 51.505 51.453 51.368 51.29 51.21 51.173 51.163 51.168 51.075 50.995 50.978 51.025 51.073 51.08 51.168 51.19 51.233 51.228 51.238 51.178 51.185 51.185 51.163 51.173 51.16 51.14 51.133 51.11 51.043 50.975 50.908 50.85 50.8 50.773 50.758 50.748 50.7 50.68 50.685 50.63 50.57 50.523 50.478 50.385 50.338 50.26 50.168 50.113 50.013
53.56 53.418 53.26 53.123 52.97 52.843 52.708 52.58 52.495 52.403 52.313 52.243 52.153 52.058 51.933 51.838 51.745 51.67 51.61 51.548 51.505 51.49 51.468 51.443 51.36 51.285 51.193 51.125 51.093 51.103 51.118 51.025 50.953 50.938 50.955 51.008 51.015 51.113 51.143 51.148 51.17 51.178 51.15 51.138 51.108 51.09 51.098 51.093 51.095 51.083 51.005 50.945 50.883 50.785 50.733 50.678 50.675 50.665 50.623 50.595 50.55 50.555 50.525 50.46 50.38 50.35 50.278 50.198 50.09 49.995 49.948 49.86
53.47 53.323 53.16 53.028 52.883 52.765 52.64 52.518 52.393 52.295 52.228 52.175 52.075 51.975 51.868 51.77 51.67 51.585 51.528 51.473 51.445 51.428 51.385 51.318 51.248 51.173 51.118 51.055 51.035 51.015 51.013 50.955 50.905 50.88 50.903 50.958 50.97 51.03 51.088 51.095 51.103 51.135 51.113 51.058 51.085 51.075 51.03 51.043 51.023 51 50.945 50.913 50.81 50.723 50.65 50.593 50.605 50.573 50.538 50.508 50.45 50.433 50.4 50.343 50.3 50.235 50.138 50.06 49.968 49.883 49.81 49.723
53.343 53.193 53.04 52.935 52.823 52.69 52.57 52.445 52.323 52.253 52.173 52.065 51.998 51.933 51.815 51.693 51.618 51.515 51.443 51.398 51.375 51.355 51.293 51.233 51.175 51.093 51.038 50.968 50.95 50.95 50.96 50.883 50.823 50.828 50.855 50.915 50.95 50.973 51.025 51.055 51.08 51.083 51.058 51.035 51.025 51.02 50.993 50.985 50.955 50.943 50.89 50.82 50.723 50.643 50.575 50.528 50.5 50.455 50.44 50.4 50.378 50.358 50.31 50.243 50.168 50.088 50.03 49.953 49.84 49.775 49.693 49.618
53.24 53.098 52.958 52.848 52.745 52.615 52.475 52.393 52.288 52.193 52.103 52.033 51.953 51.85 51.763 51.633 51.55 51.498 51.393 51.308 51.263 51.23 51.188 51.143 51.073 51.015 50.965 50.89 50.888 50.918 50.96 50.873 50.788 50.768 50.818 50.848 50.883 50.945 50.99 51.018 51.045 51.038 51.035 51.005 50.985 50.97 50.97 50.958 50.928 50.895 50.84 50.768 50.678 50.59 50.503 50.463 50.44 50.393 50.373 50.328 50.298 50.283 50.225 50.138 50.115 50.028 49.95 49.853 49.74 49.655 49.568 49.48
53.126 52.983 52.871 52.758 52.656 52.543 52.426 52.321 52.213 52.156 52.088 51.986 51.886 51.788 51.703 51.583 51.513 51.396 51.303 51.223 51.188 51.153 51.126 51.096 51.028 50.961 50.886 50.856 50.816 50.861 50.866 50.801 50.738 50.733 50.768 50.806 50.841 50.881 50.938 50.986 51.015 51.013 50.975 50.923 50.923 50.943 50.933 50.908 50.888 50.818 50.778 50.728 50.633 50.55 50.473 50.418 50.388 50.328 50.3 50.278 50.25 50.21 50.16 50.093 50.015 49.953 49.868 49.77 49.643 49.548 49.475 49.383
53.038 52.928 52.803 52.693 52.578 52.496 52.373 52.238 52.176 52.103 52.026 51.926 51.841 51.733 51.636 51.511 51.421 51.316 51.211 51.156 51.113 51.078 51.061 51.018 50.953 50.898 50.871 50.803 50.793 50.823 50.858 50.798 50.703 50.686 50.736 50.786 50.808 50.853 50.916 50.946 50.975 50.99 50.955 50.94 50.92 50.905 50.898 50.855 50.828 50.758 50.735 50.65 50.595 50.523 50.45 50.373 50.33 50.313 50.27 50.238 50.205 50.168 50.123 50.018 49.95 49.88 49.798 49.703 49.57 49.463 49.368 49.298
52.933 52.833 52.741 52.633 52.516 52.433 52.293 52.208 52.123 52.048 51.988 51.896 51.823 51.701 51.573 51.458 51.333 51.221 51.163 51.086 51.016 51.001 50.996 50.951 50.896 50.836 50.813 50.761 50.716 50.793 50.841 50.748 50.678 50.666 50.713 50.773 50.798 50.858 50.911 50.911 50.92 50.92 50.923 50.92 50.905 50.895 50.873 50.818 50.783 50.735 50.693 50.638 50.575 50.515 50.435 50.35 50.323 50.265 50.223 50.185 50.155 50.108 50.058 49.97 49.918 49.805 49.735 49.605 49.475 49.385 49.273 49.193
52.816 52.741 52.661 52.551 52.461 52.366 52.273 52.181 52.106 52.021 51.951 51.858 51.771 51.641 51.538 51.411 51.266 51.166 51.096 51.056 50.991 50.966 50.943 50.906 50.836 50.778 50.741 50.711 50.696 50.758 50.776 50.688 50.646 50.631 50.663 50.731 50.778 50.841 50.871 50.876 50.895 50.923 50.898 50.863 50.883 50.865 50.833 50.76 50.728 50.698 50.673 50.633 50.54 50.495 50.423 50.315 50.283 50.233 50.18 50.165 50.138 50.083 50.025 49.938 49.845 49.758 49.65 49.528 49.398 49.305 49.21 49.1
52.721 52.656 52.556 52.473 52.406 52.328 52.218 52.113 52.043 51.966 51.901 51.808 51.716 51.631 51.511 51.368 51.253 51.161 51.046 51.006 50.946 50.928 50.906 50.886 50.808 50.746 50.708 50.658 50.666 50.726 50.763 50.683 50.618 50.571 50.598 50.663 50.748 50.821 50.858 50.866 50.883 50.91 50.875 50.848 50.835 50.818 50.765 50.755 50.698 50.655 50.628 50.575 50.545 50.473 50.375 50.333 50.283 50.225 50.165 50.113 50.08 50.025 49.968 49.893 49.788 49.7 49.59 49.465 49.328 49.218 49.113 49.018
52.643 52.558 52.496 52.443 52.343 52.238 52.166 52.071 51.981 51.896 51.843 51.753 51.648 51.568 51.471 51.341 51.228 51.128 51.033 50.976 50.928 50.906 50.873 50.851 50.808 50.761 50.668 50.613 50.616 50.696 50.736 50.661 50.583 50.576 50.638 50.681 50.723 50.766 50.831 50.861 50.878 50.878 50.84 50.823 50.795 50.753 50.705 50.668 50.65 50.615 50.6 50.553 50.488 50.423 50.35 50.295 50.213 50.19 50.13 50.068 50.018 49.96 49.923 49.823 49.725 49.62 49.508 49.395 49.27 49.153 49.06 48.928
52.596 52.518 52.441 52.386 52.286 52.198 52.093 51.998 51.938 51.858 51.793 51.713 51.626 51.546 51.423 51.313 51.211 51.103 51.006 50.951 50.918 50.893 50.861 50.831 50.763 50.716 50.638 50.606 50.606 50.661 50.691 50.646 50.588 50.576 50.611 50.641 50.711 50.741 50.798 50.811 50.838 50.83 50.8 50.775 50.733 50.683 50.65 50.615 50.595 50.56 50.55 50.493 50.425 50.358 50.33 50.248 50.178 50.128 50.078 50.028 49.973 49.898 49.85 49.783 49.655 49.563 49.448 49.328 49.183 49.073 48.985 48.893
52.533 52.463 52.381 52.318 52.223 52.118 52.023 51.958 51.896 51.808 51.748 51.698 51.603 51.503 51.388 51.271 51.178 51.093 51.006 50.928 50.846 50.826 50.803 50.771 50.733 50.686 50.633 50.566 50.591 50.628 50.616 50.623 50.571 50.548 50.573 50.623 50.651 50.716 50.768 50.786 50.77 50.78 50.735 50.68 50.65 50.61 50.583 50.558 50.538 50.53 50.493 50.428 50.383 50.303 50.22 50.173 50.118 50.058 50.018 49.963 49.915 49.84 49.785 49.69 49.583 49.493 49.38 49.268 49.135 49.015 48.91 48.795
52.491 52.411 52.323 52.271 52.151 52.088 52.001 51.928 51.858 51.788 51.741 51.683 51.591 51.483 51.371 51.236 51.143 51.058 50.943 50.901 50.818 50.796 50.766 50.751 50.678 50.636 50.601 50.538 50.551 50.611 50.623 50.596 50.533 50.506 50.561 50.613 50.651 50.686 50.721 50.733 50.718 50.72 50.645 50.595 50.565 50.538 50.5 50.495 50.455 50.425 50.408 50.348 50.298 50.215 50.155 50.1 50.035 49.978 49.945 49.91 49.853 49.79 49.703 49.605 49.508 49.423 49.33 49.198 49.078 48.97 48.878 48.753
52.436 52.346 52.291 52.208 52.113 52.063 51.946 51.881 51.846 51.788 51.728 51.656 51.583 51.488 51.386 51.241 51.128 51.023 50.923 50.838 50.786 50.771 50.733 50.716 50.658 50.616 50.566 50.506 50.528 50.578 50.636 50.588 50.526 50.501 50.546 50.566 50.593 50.666 50.698 50.688 50.688 50.65 50.58 50.533 50.483 50.46 50.425 50.4 50.358 50.333 50.303 50.268 50.213 50.105 50.053 49.99 49.943 49.923 49.875 49.803 49.78 49.723 49.62 49.548 49.448 49.353 49.253 49.138 48.998 48.9 48.818 48.708
52.393 52.306 52.246 52.176 52.083 52.021 51.936 51.866 51.793 51.746 51.673 51.608 51.548 51.461 51.358 51.251 51.116 51.006 50.876 50.803 50.761 50.746 50.698 50.681 50.633 50.608 50.553 50.503 50.491 50.543 50.611 50.536 50.511 50.461 50.503 50.508 50.553 50.601 50.633 50.651 50.625 50.595 50.523 50.43 50.403 50.35 50.338 50.293 50.29 50.225 50.205 50.13 50.093 50.015 49.968 49.905 49.87 49.833 49.795 49.735 49.668 49.62 49.568 49.485 49.385 49.298 49.2 49.073 48.95 48.843 48.773 48.665
52.401 52.293 52.241 52.151 52.053 51.973 51.918 51.841 51.773 51.718 51.668 51.616 51.528 51.426 51.311 51.193 51.091 50.973 50.866 50.768 50.716 50.696 50.661 50.628 50.588 50.566 50.516 50.483 50.466 50.516 50.521 50.528 50.463 50.436 50.481 50.456 50.493 50.551 50.556 50.553 50.5 50.493 50.418 50.33 50.3 50.27 50.233 50.17 50.158 50.133 50.093 50.03 49.965 49.915 49.843 49.795 49.745 49.718 49.693 49.63 49.588 49.523 49.485 49.415 49.325 49.21 49.14 49.03 48.925 48.823 48.73 48.63
52.371 52.298 52.198 52.108 52.061 51.958 51.886 51.806 51.731 51.691 51.613 51.556 51.478 51.378 51.278 51.176 51.058 50.946 50.843 50.768 50.701 50.668 50.653 50.598 50.568 50.531 50.463 50.463 50.463 50.503 50.543 50.518 50.443 50.391 50.421 50.443 50.448 50.486 50.486 50.493 50.42 50.38 50.333 50.288 50.22 50.185 50.123 50.065 50.043 49.985 49.96 49.92 49.84 49.808 49.74 49.713 49.66 49.628 49.57 49.535 49.505 49.458 49.405 49.325 49.253 49.153 49.088 48.975 48.883 48.788 48.68 48.625
52.356 52.236 52.181 52.078 52.018 51.971 51.856 51.773 51.718 51.641 51.593 51.503 51.451 51.323 51.228 51.113 51.016 50.906 50.831 50.753 50.681 50.641 50.616 50.543 50.511 50.498 50.463 50.451 50.441 50.478 50.511 50.476 50.418 50.361 50.383 50.386 50.411 50.418 50.411 50.393 50.325 50.303 50.228 50.208 50.145 50.08 50.02 49.95 49.93 49.878 49.84 49.803 49.76 49.693 49.64 49.585 49.548 49.513 49.463 49.425 49.393 49.375 49.318 49.268 49.203 49.103 49.035 48.935 48.83 48.733 48.658 48.608
52.346 52.238 52.153 52.083 51.996 51.921 51.813 51.746 51.688 51.596 51.546 51.461 51.386 51.286 51.191 51.033 50.951 50.851 50.748 50.703 50.658 50.636 50.591 50.528 50.498 50.458 50.456 50.438 50.433 50.448 50.438 50.428 50.358 50.301 50.303 50.326 50.323 50.336 50.296 50.271 50.223 50.2 50.153 50.09 50.025 49.98 49.93 49.865 49.81 49.748 49.745 49.693 49.655 49.558 49.523 49.47 49.435 49.42 49.373 49.333 49.335 49.283 49.24 49.22 49.14 49.053 48.978 48.88 48.775 48.71 48.64 48.583
52.343 52.243 52.133 52.058 51.961 51.871 51.791 51.708 51.638 51.548 51.498 51.416 51.348 51.246 51.146 51.013 50.918 50.808 50.716 50.678 50.631 50.598 50.563 50.533 50.508 50.471 50.461 50.411 50.388 50.391 50.431 50.376 50.291 50.236 50.243 50.253 50.211 50.201 50.198 50.176 50.118 50.093 50.033 49.968 49.91 49.868 49.803 49.753 49.69 49.65 49.613 49.565 49.553 49.473 49.413 49.355 49.325 49.303 49.308 49.278 49.268 49.25 49.215 49.19 49.078 49.035 48.983 48.863 48.79 48.705 48.648 48.558
52.311 52.216 52.113 52.028 51.943 51.851 51.758 51.668 51.583 51.511 51.436 51.376 51.286 51.213 51.116 51.016 50.911 50.791 50.728 50.641 50.608 50.586 50.571 50.551 50.523 50.446 50.431 50.393 50.361 50.376 50.386 50.331 50.228 50.158 50.176 50.148 50.111 50.098 50.093 50.073 50.048 49.985 49.915 49.855 49.805 49.748 49.695 49.648 49.585 49.54 49.513 49.48 49.418 49.348 49.3 49.273 49.243 49.25 49.21 49.19 49.22 49.195 49.158 49.118 49.053 49.003 48.953 48.858 48.773 48.693 48.638 48.545
52.298 52.203 52.098 52.003 51.893 51.796 51.711 51.628 51.561 51.476 51.386 51.313 51.253 51.181 51.088 50.988 50.873 50.788 50.716 50.658 50.618 50.603 50.588 50.533 50.526 50.461 50.426 50.381 50.351 50.361 50.356 50.248 50.136 50.056 50.068 50.026 49.986 49.966 49.978 49.971 49.923 49.873 49.795 49.75 49.693 49.64 49.588 49.57 49.528 49.473 49.445 49.365 49.348 49.295 49.23 49.188 49.155 49.158 49.185 49.165 49.138 49.135 49.1 49.065 49.018 48.978 48.94 48.84 48.795 48.71 48.628 48.583
52.313 52.226 52.098 51.998 51.873 51.778 51.716 51.616 51.528 51.456 51.366 51.306 51.226 51.156 51.046 50.978 50.881 50.783 50.711 50.651 50.618 50.606 50.586 50.531 50.506 50.448 50.393 50.348 50.323 50.333 50.261 50.176 50.051 49.981 49.951 49.903 49.881 49.863 49.871 49.858 49.82 49.783 49.703 49.648 49.58 49.565 49.553 49.498 49.465 49.413 49.38 49.323 49.26 49.205 49.17 49.12 49.09 49.118 49.125 49.123 49.12 49.098 49.075 49.04 48.99 48.955 48.903 48.863 48.81 48.735 48.698 48.673
52.306 52.198 52.101 51.998 51.893 51.746 51.678 51.588 51.516 51.458 51.388 51.291 51.233 51.148 51.048 50.983 50.863 50.786 50.711 50.663 50.638 50.616 50.591 50.523 50.513 50.418 50.373 50.313 50.246 50.226 50.218 50.091 49.941 49.866 49.843 49.803 49.788 49.758 49.798 49.758 49.725 49.685 49.61 49.55 49.523 49.503 49.473 49.455 49.41 49.383 49.335 49.255 49.183 49.16 49.1 49.06 49.06 49.07 49.073 49.08 49.073 49.073 49.043 49.033 49.003 48.988 48.933 48.938 48.873 48.828 48.803 48.788
