LIDAR/se2588_DTM_2M.asc
ncols 500
nrows 500
xllcorner    425000
yllcorner    488000
cellsize     2
NODATA_value -9999
[rows 64 to 95 of 500, columns 360 to 431 of 500]
46.083 46.115 46.153 46.145 46.128 46.163 46.12 46.138 46.03 45.955 45.878 45.893 45.853 45.83 45.815 45.868 45.808 45.85 45.883 45.87 45.915 45.975 45.97 45.955 45.86 45.558 45.365 45.218 45.115 45.073 45.07 45.005 44.948 44.898 44.838 44.78 44.745 44.745 44.723 44.773 44.85 44.978 44.988 45.073 45.145 45.105 44.918 44.703 44.63 44.595 44.52 44.498 44.448 44.435 44.415 44.43 44.535 44.643 44.71 44.655 44.638 44.62 44.628 44.66 44.66 44.658 44.643 44.59 44.59 44.6 44.613 44.615
46.11 46.103 46.14 46.133 46.143 46.163 46.185 46.14 46.055 45.975 45.94 45.965 45.945 45.96 45.888 45.873 45.828 45.788 45.83 45.848 45.87 45.89 45.935 45.938 46.018 45.993 45.905 45.773 45.363 45.238 45.188 45.128 45.083 45.025 44.97 44.925 44.89 44.883 44.88 44.885 44.96 45.043 45.085 45.105 45.158 45.105 44.888 44.73 44.668 44.61 44.54 44.503 44.49 44.488 44.448 44.455 44.475 44.515 44.625 44.708 44.66 44.608 44.65 44.638 44.643 44.63 44.635 44.603 44.59 44.618 44.62 44.635
46.11 46.118 46.125 46.143 46.14 46.123 46.098 46.025 45.973 45.92 45.858 45.84 45.833 45.813 45.895 45.943 45.9 45.835 45.805 45.815 45.785 45.838 45.88 45.885 45.883 45.955 45.963 45.98 45.71 45.688 45.6 45.29 45.17 45.128 45.13 45.07 45.008 44.995 45.02 45.065 45.135 45.18 45.223 45.145 45.113 45.075 44.94 44.83 44.74 44.668 44.633 44.605 44.573 44.535 44.49 44.483 44.54 44.483 44.538 44.613 44.7 44.668 44.658 44.688 44.655 44.665 44.65 44.613 44.648 44.653 44.613 44.6
46.098 46.1 46.103 46.133 46.153 46.103 46.088 46.038 45.953 45.83 45.73 45.675 45.65 45.643 45.713 45.81 45.975 45.923 45.918 45.97 45.863 45.803 45.825 45.833 45.835 45.868 45.89 45.915 45.908 45.98 46.018 45.95 45.535 45.323 45.37 45.34 45.238 45.228 45.18 45.188 45.253 45.415 45.4 45.205 45.118 45.093 44.998 44.928 44.798 44.76 44.723 44.693 44.623 44.575 44.51 44.475 44.595 44.545 44.505 44.513 44.618 44.635 44.655 44.658 44.655 44.66 44.665 44.643 44.6 44.64 44.573 44.638
46.115 46.108 46.095 46.113 46.14 46.105 46.105 46.025 45.94 45.81 45.73 45.67 45.57 45.538 45.505 45.608 45.775 45.84 45.858 45.943 45.99 45.988 45.953 45.878 45.803 45.823 45.865 45.855 45.878 45.918 45.905 45.963 45.788 45.723 45.743 45.68 45.58 45.418 45.313 45.345 45.485 45.595 45.53 45.355 45.188 45.175 45.123 45.03 44.925 44.845 44.808 44.77 44.698 44.63 44.573 44.565 44.615 44.595 44.518 44.485 44.54 44.62 44.673 44.663 44.67 44.673 44.718 44.643 44.585 44.573 44.59 44.708
46.178 46.178 46.173 46.16 46.155 46.128 46.088 46.048 45.945 45.84 45.713 45.658 45.62 45.603 45.578 45.605 45.628 45.65 45.738 45.795 45.915 46.015 46.063 46.013 45.903 45.838 45.835 45.825 45.865 45.843 45.843 45.918 45.89 45.928 45.93 45.878 45.84 45.685 45.563 45.688 45.54 45.608 45.593 45.515 45.28 45.18 45.175 45.133 45.025 44.935 44.835 44.798 44.765 44.688 44.648 44.618 44.608 44.588 44.56 44.52 44.518 44.543 44.62 44.7 44.695 44.673 44.635 44.628 44.565 44.54 44.705 44.938
46.208 46.233 46.233 46.245 46.21 46.148 46.115 46.053 45.945 45.83 45.72 45.653 45.635 45.65 45.655 45.72 45.708 45.7 45.713 45.78 45.863 45.905 45.988 45.993 46.003 45.998 45.943 45.93 45.798 45.828 45.873 45.905 45.895 45.89 45.908 45.875 45.888 45.933 45.975 46.008 45.905 45.778 45.663 45.655 45.5 45.39 45.355 45.265 45.213 45.095 44.948 44.87 44.785 44.738 44.705 44.698 44.668 44.635 44.535 44.5 44.523 44.513 44.55 44.633 44.685 44.678 44.698 44.645 44.623 44.68 44.853 45.08
46.28 46.265 46.245 46.268 46.24 46.175 46.128 46.05 45.943 45.87 45.763 45.693 45.645 45.705 45.733 45.753 45.785 45.773 45.775 45.838 45.863 45.863 45.92 45.995 46.005 46.023 46.058 46.05 45.978 45.878 45.823 45.858 45.858 45.885 45.945 45.925 45.903 45.91 45.928 45.978 46.018 45.945 45.835 45.815 45.775 45.68 45.65 45.518 45.415 45.265 45.07 44.903 44.84 44.825 44.795 44.773 44.705 44.618 44.533 44.548 44.553 44.495 44.513 44.56 44.638 44.71 44.703 44.608 44.765 44.938 45.06 45.12
46.35 46.338 46.283 46.275 46.265 46.203 46.145 46.07 45.948 45.87 45.78 45.758 45.725 45.738 45.733 45.758 45.793 45.808 45.873 45.96 45.948 45.918 45.968 46.028 46.093 46.123 46.135 46.065 46.025 45.88 45.825 45.828 45.815 45.85 45.868 45.9 45.935 45.89 45.938 45.898 45.888 45.883 45.93 45.913 45.918 45.855 45.81 45.728 45.578 45.438 45.343 45.1 44.973 44.905 44.848 44.805 44.768 44.718 44.625 44.575 44.578 44.533 44.55 44.555 44.62 44.698 44.678 44.733 45.003 45.258 45.313 45.305
46.358 46.338 46.323 46.303 46.288 46.253 46.2 46.115 45.993 45.908 45.868 45.82 45.805 45.788 45.773 45.778 45.793 45.845 45.933 46.01 45.985 46.018 46.05 46.075 46.16 46.173 46.16 46.08 46.018 45.863 45.815 45.853 45.885 45.808 45.805 45.87 45.923 45.87 45.918 45.948 45.925 45.918 45.863 45.85 45.948 45.993 45.96 45.908 45.803 45.75 45.688 45.483 45.295 45.068 44.948 44.87 44.813 44.75 44.718 44.69 44.678 44.645 44.633 44.615 44.655 44.725 44.818 44.945 45.153 45.373 45.38 45.308
46.405 46.37 46.343 46.318 46.315 46.313 46.273 46.213 46.103 45.988 45.965 45.878 45.87 45.84 45.848 45.815 45.823 45.855 45.96 46.028 46.08 46.08 46.095 46.088 46.105 46.123 46.11 46.045 46.015 45.893 45.86 45.915 45.978 45.98 45.998 45.945 45.883 45.885 45.885 45.895 45.865 45.935 45.935 45.96 45.918 45.918 45.933 45.978 45.948 45.968 45.96 45.845 45.763 45.595 45.38 45.108 44.895 44.843 44.798 44.758 44.745 44.738 44.725 44.725 44.765 44.83 44.958 45.153 45.295 45.403 45.403 45.378
46.443 46.375 46.38 46.353 46.338 46.368 46.38 46.363 46.233 46.115 45.993 45.955 45.92 45.928 45.923 45.885 45.855 45.9 46.028 46.053 46.12 46.138 46.143 46.105 46.11 46.108 46.07 46.013 45.968 45.943 45.99 46.095 46.18 46.168 46.065 46.043 45.983 46.003 45.92 45.875 45.865 45.865 45.913 45.955 45.958 45.97 45.97 45.963 45.973 46.05 46.01 46.07 46.01 45.895 45.815 45.693 45.508 45.205 44.97 44.88 44.853 44.855 44.845 44.938 44.97 45.068 45.185 45.328 45.45 45.453 45.445 45.428
46.453 46.403 46.383 46.365 46.375 46.445 46.455 46.458 46.355 46.228 46.118 46.073 46.01 46.008 46.023 46.033 45.965 46.01 46.183 46.19 46.153 46.163 46.185 46.173 46.143 46.115 46.1 46.023 46.03 46.083 46.058 46.028 46.055 46.1 46.093 46.048 46.033 46.02 45.943 45.915 45.903 45.885 45.848 45.895 45.898 45.92 45.94 45.955 45.963 45.995 45.97 46.04 46.073 46.105 45.99 45.95 45.92 45.85 45.583 45.268 45.005 44.925 45.03 45.21 45.275 45.335 45.465 45.483 45.528 45.533 45.513 45.503
46.45 46.405 46.403 46.423 46.43 46.435 46.47 46.455 46.37 46.305 46.195 46.143 46.135 46.155 46.163 46.173 46.13 46.153 46.24 46.253 46.255 46.233 46.225 46.218 46.178 46.113 46.065 46.06 46.098 46.115 46.085 46.028 46.1 46.085 46.085 46.098 46.038 46.02 45.935 45.935 45.923 45.913 45.863 45.875 45.863 45.89 45.94 45.94 45.97 46 45.993 45.98 45.988 46.03 46.068 46.115 46.088 46.06 46.045 45.915 45.618 45.368 45.415 45.62 45.625 45.613 45.668 45.69 45.693 45.705 45.665 45.595
46.445 46.41 46.353 46.433 46.475 46.478 46.473 46.435 46.373 46.338 46.27 46.228 46.228 46.273 46.29 46.26 46.27 46.278 46.255 46.253 46.318 46.31 46.278 46.24 46.145 46.113 46.075 46.115 46.095 46.053 46.055 46.115 46.183 46.09 46.08 46.163 46.108 45.975 45.96 45.943 45.908 45.898 45.84 45.853 45.868 45.863 45.945 45.968 45.953 45.983 46.015 46.015 46.003 45.985 45.98 45.998 46.095 46.108 46.138 46.103 46.068 46.045 45.98 45.87 45.805 45.85 45.898 45.883 45.855 45.84 45.78 45.693
46.403 46.42 46.423 46.483 46.505 46.52 46.538 46.49 46.4 46.383 46.318 46.268 46.283 46.325 46.34 46.33 46.363 46.333 46.31 46.328 46.36 46.348 46.308 46.228 46.198 46.19 46.115 46.115 46.093 46.058 46.05 46.08 46.173 46.135 46.09 46.11 46.065 45.968 45.93 45.878 45.955 45.838 45.855 45.868 45.795 45.795 45.825 45.915 45.968 45.96 46.003 45.983 46.013 46.045 46.043 46.005 46.053 46.068 46.133 46.155 46.165 46.178 46.238 46.115 45.998 46.035 46.025 46.035 46.038 45.955 45.833 45.775
46.433 46.465 46.588 46.678 46.703 46.678 46.645 46.588 46.498 46.443 46.41 46.38 46.368 46.358 46.36 46.383 46.398 46.358 46.39 46.425 46.41 46.345 46.318 46.235 46.263 46.275 46.163 46.115 46.075 46.078 46.14 46.198 46.23 46.233 46.15 46.123 46.048 45.985 45.885 45.883 45.958 45.893 45.91 45.863 45.803 45.77 45.76 45.818 45.88 45.94 46.125 46.013 45.955 46.035 46.025 46.028 46.063 46.06 46.08 46.073 46.103 46.153 46.245 46.228 46.17 46.15 46.148 46.13 46.123 46.06 45.913 45.863
46.543 46.55 46.54 46.625 46.705 46.678 46.618 46.568 46.578 46.585 46.53 46.48 46.43 46.443 46.445 46.458 46.435 46.433 46.435 46.425 46.385 46.353 46.318 46.28 46.23 46.205 46.14 46.128 46.11 46.13 46.168 46.25 46.343 46.323 46.23 46.145 46.058 46.038 45.988 45.99 46 45.948 45.888 45.865 45.843 45.808 45.788 45.778 45.783 45.945 46.008 45.875 45.803 45.883 45.898 45.985 46.01 46.075 46.055 46.043 46.015 46.09 46.123 46.14 46.173 46.168 46.133 46.153 46.128 46.078 46.05 45.973
46.728 46.648 46.595 46.573 46.64 46.603 46.53 46.555 46.518 46.568 46.555 46.543 46.533 46.59 46.623 46.56 46.513 46.493 46.418 46.428 46.385 46.388 46.358 46.42 46.343 46.188 46.17 46.178 46.16 46.173 46.195 46.24 46.323 46.275 46.185 46.078 46.083 46.028 46.025 46.005 46.045 45.97 45.87 45.863 45.863 45.87 45.85 45.778 45.803 45.998 45.938 45.82 45.798 45.723 45.783 45.86 46.005 46.015 46.023 46.043 46.058 46.115 46.09 46.098 46.088 46.098 46.115 46.16 46.183 46.145 46.16 46.098
46.808 46.748 46.653 46.555 46.585 46.598 46.545 46.52 46.478 46.513 46.5 46.518 46.535 46.55 46.588 46.55 46.45 46.438 46.448 46.423 46.435 46.475 46.445 46.465 46.47 46.288 46.258 46.25 46.248 46.238 46.233 46.23 46.24 46.168 46.09 46.063 46.083 46.055 46.033 45.988 46.06 45.998 45.918 45.86 45.86 45.885 45.855 45.805 45.87 45.918 45.81 45.78 45.823 45.798 45.74 45.715 45.82 45.878 45.978 46.048 46.063 46.113 46.105 46.143 46.138 46.135 46.125 46.115 46.123 46.15 46.215 46.228
46.655 46.708 46.653 46.565 46.565 46.568 46.568 46.503 46.498 46.53 46.51 46.545 46.58 46.585 46.55 46.498 46.448 46.45 46.498 46.523 46.545 46.553 46.51 46.5 46.528 46.47 46.375 46.353 46.353 46.343 46.335 46.295 46.188 46.158 46.088 46.068 46.065 46.083 46.058 46.043 46.09 46.033 45.933 45.87 45.883 45.893 45.83 45.788 45.89 45.91 45.728 45.765 45.773 45.763 45.695 45.73 45.748 45.755 45.798 45.85 45.958 46.033 46.073 46.083 46.125 46.138 46.145 46.163 46.133 46.138 46.145 46.19
46.603 46.615 46.59 46.56 46.563 46.563 46.57 46.555 46.515 46.548 46.558 46.585 46.608 46.575 46.543 46.53 46.503 46.56 46.585 46.623 46.603 46.618 46.658 46.613 46.605 46.58 46.518 46.468 46.458 46.45 46.41 46.328 46.208 46.148 46.1 46.045 46.03 46.095 46.085 46.065 46.133 46.053 46.03 45.935 45.905 45.86 45.828 45.813 45.843 45.825 45.79 45.748 45.733 45.695 45.675 45.693 45.76 45.745 45.753 45.773 45.798 45.995 46.078 46.088 46.103 46.09 46.11 46.125 46.148 46.183 46.13 46.17
46.608 46.565 46.55 46.58 46.568 46.528 46.52 46.533 46.5 46.52 46.533 46.555 46.578 46.56 46.553 46.56 46.56 46.645 46.648 46.693 46.695 46.72 46.795 46.78 46.733 46.683 46.638 46.585 46.565 46.528 46.445 46.363 46.275 46.183 46.12 46.11 46.113 46.058 46.09 46.088 46.078 46.11 46.108 45.995 45.908 45.865 45.848 45.885 45.865 45.823 45.805 45.778 45.73 45.663 45.698 45.67 45.755 45.755 45.755 45.7 45.81 45.973 46.03 46.04 46.043 46.075 46.125 46.098 46.113 46.175 46.193 46.21
46.61 46.565 46.525 46.535 46.528 46.52 46.518 46.558 46.53 46.56 46.548 46.565 46.565 46.568 46.608 46.595 46.605 46.635 46.668 46.698 46.75 46.88 46.878 46.85 46.815 46.775 46.735 46.698 46.65 46.575 46.493 46.378 46.323 46.255 46.15 46.108 46.113 46.083 46.058 46.088 46.088 46.085 46.073 45.975 45.98 45.898 45.893 45.938 45.878 45.855 45.838 45.778 45.718 45.663 45.685 45.69 45.718 45.755 45.728 45.723 45.783 45.808 45.858 45.855 45.928 45.928 45.995 46.03 46.053 46.083 46.125 46.188
46.62 46.583 46.513 46.538 46.598 46.623 46.63 46.663 46.603 46.628 46.585 46.575 46.615 46.675 46.738 46.698 46.7 46.71 46.72 46.72 46.745 46.81 46.823 46.81 46.798 46.783 46.77 46.745 46.715 46.62 46.498 46.388 46.353 46.315 46.233 46.16 46.088 46.075 46.1 46.095 46.078 46.023 45.985 45.998 45.985 45.92 45.933 45.965 45.895 45.863 45.873 45.803 45.76 45.735 45.7 45.753 45.77 45.79 45.733 45.743 45.733 45.723 45.713 45.76 45.783 45.808 45.828 45.895 46.028 46.08 46.075 46.093
46.643 46.628 46.625 46.685 46.68 46.73 46.818 46.835 46.685 46.693 46.603 46.603 46.678 46.72 46.67 46.65 46.74 46.75 46.735 46.673 46.663 46.733 46.753 46.74 46.728 46.713 46.703 46.693 46.695 46.633 46.49 46.415 46.383 46.348 46.298 46.2 46.1 46.093 46.113 46.11 46.068 46.053 46.053 46.003 46 45.945 45.975 45.953 45.895 45.898 45.87 45.818 45.805 45.823 45.783 45.818 45.73 45.68 45.708 45.693 45.66 45.698 45.673 45.7 45.708 45.698 45.755 45.805 45.85 45.955 46.045 46.083
46.605 46.66 46.7 46.81 46.848 46.855 46.838 46.795 46.738 46.7 46.668 46.668 46.735 46.753 46.755 46.76 46.775 46.738 46.673 46.608 46.585 46.648 46.683 46.673 46.658 46.648 46.64 46.65 46.66 46.663 46.503 46.445 46.405 46.363 46.28 46.155 46.04 46.01 46.115 46.118 46.128 46.095 46.05 46.01 45.978 45.983 45.98 45.935 45.913 45.913 45.883 45.853 45.863 45.825 45.793 45.76 45.708 45.71 45.668 45.683 45.675 45.685 45.69 45.693 45.703 45.698 45.758 45.78 45.795 45.833 45.918 45.988
46.615 46.708 46.813 46.905 46.905 46.91 46.905 46.825 46.838 46.73 46.688 46.71 46.788 46.895 47.018 46.883 46.748 46.67 46.605 46.545 46.525 46.558 46.618 46.603 46.593 46.59 46.6 46.61 46.623 46.633 46.58 46.465 46.423 46.348 46.253 46.13 46.013 46.04 46.09 46.128 46.145 46.113 46.063 45.998 46.008 46.025 45.98 45.995 45.975 45.928 45.863 45.85 45.863 45.833 45.798 45.743 45.728 45.683 45.658 45.63 45.668 45.673 45.688 45.703 45.705 45.723 45.743 45.783 45.785 45.81 45.85 45.945
46.635 46.733 46.813 46.888 46.935 46.935 46.948 46.928 46.893 46.83 46.818 46.833 46.833 46.893 47.048 47.028 46.813 46.655 46.538 46.48 46.465 46.465 46.548 46.538 46.545 46.55 46.56 46.573 46.585 46.57 46.53 46.48 46.413 46.32 46.223 46.115 46.038 46.06 46.123 46.138 46.095 46.085 46.058 46.04 46.11 46.108 46.015 46.04 45.955 45.903 45.823 45.85 45.878 45.88 45.848 45.76 45.725 45.693 45.665 45.65 45.695 45.71 45.715 45.725 45.723 45.748 45.748 45.738 45.755 45.758 45.785 45.823
46.738 46.765 46.815 46.875 46.945 46.968 46.965 46.98 46.933 46.963 47.023 46.925 46.853 46.903 46.928 46.988 46.91 46.795 46.613 46.448 46.395 46.395 46.475 46.495 46.503 46.51 46.523 46.533 46.538 46.493 46.455 46.445 46.383 46.293 46.2 46.075 46.043 46.078 46.145 46.14 46.09 46.07 46.068 46.108 46.173 46.125 46.093 46.06 45.94 45.895 45.845 45.89 45.86 45.843 45.795 45.778 45.74 45.698 45.67 45.673 45.675 45.688 45.728 45.733 45.723 45.74 45.743 45.763 45.728 45.74 45.773 45.798
46.878 46.825 46.86 46.91 46.96 46.998 46.925 46.913 46.96 47.02 47.103 47.015 46.895 46.803 46.798 46.835 46.928 46.855 46.833 46.713 46.413 46.315 46.39 46.443 46.46 46.47 46.483 46.495 46.46 46.438 46.425 46.423 46.355 46.258 46.17 46.055 46.03 46.115 46.173 46.128 46.09 46.08 46.13 46.213 46.225 46.15 46.133 46.058 45.943 45.893 45.9 45.855 45.83 45.81 45.793 45.775 45.735 45.7 45.683 45.68 45.713 45.68 45.703 45.743 45.735 45.73 45.715 45.723 45.733 45.778 45.8 45.8
46.948 46.95 46.918 46.95 47.003 46.935 46.88 46.985 47.05 47.058 47.083 47.073 46.978 46.733 46.653 46.71 46.775 46.865 46.82 46.838 46.66 46.305 46.27 46.308 46.383 46.433 46.45 46.43 46.415 46.413 46.405 46.398 46.33 46.223 46.14 46.06 46.02 46.083 46.088 46.048 46.068 46.113 46.188 46.238 46.185 46.15 46.093 46.01 45.955 45.943 45.91 45.858 45.815 45.805 45.81 45.795 45.738 45.743 45.76 45.718 45.738 45.72 45.71 45.718 45.72 45.705 45.718 45.758 45.785 45.795 45.838 45.888
