LIDAR/se2588_DTM_2M.asc
ncols 500
nrows 500
xllcorner    425000
yllcorner    488000
cellsize     2
NODATA_value -9999
[rows 352 to 383 of 500, columns 72 to 143 of 500]
60.066 60.016 59.976 59.941 59.833 59.816 59.736 59.688 59.623 59.621 59.613 59.606 59.673 59.723 59.621 59.068 58.921 58.878 58.768 58.631 58.491 58.386 58.316 58.193 58.103 58.051 57.988 57.921 57.828 57.783 57.731 57.621 57.546 57.491 57.436 57.353 57.291 57.218 57.173 57.096 57.006 56.898 56.861 56.818 56.766 56.683 56.656 56.633 56.571 56.526 56.473 56.438 56.366 56.343 56.313 56.288 56.268 56.231 56.186 56.161 56.156 56.133 56.118 56.108 56.073 56.066 56.038 56.048 56.003 55.976 55.971 55.921
60.111 60.021 59.983 59.948 59.883 59.838 59.796 59.743 59.683 59.638 59.616 59.613 59.648 59.683 59.791 59.268 58.941 58.948 58.798 58.691 58.566 58.456 58.346 58.223 58.186 58.121 58.036 57.983 57.903 57.856 57.771 57.706 57.626 57.536 57.486 57.423 57.368 57.276 57.191 57.123 57.048 56.973 56.943 56.866 56.836 56.781 56.706 56.676 56.641 56.606 56.546 56.471 56.438 56.421 56.391 56.348 56.313 56.288 56.271 56.248 56.218 56.211 56.166 56.146 56.111 56.113 56.126 56.086 56.063 56.023 56.031 55.983
60.131 60.081 60.013 59.981 59.951 59.856 59.821 59.788 59.713 59.658 59.583 59.633 59.656 59.693 59.703 59.333 58.996 58.966 58.891 58.753 58.658 58.551 58.413 58.276 58.218 58.168 58.123 58.048 57.968 57.888 57.811 57.748 57.696 57.633 57.568 57.473 57.388 57.311 57.278 57.183 57.136 57.078 57.013 56.956 56.906 56.841 56.808 56.778 56.721 56.678 56.606 56.581 56.541 56.473 56.406 56.388 56.378 56.378 56.341 56.296 56.296 56.268 56.238 56.208 56.216 56.183 56.146 56.146 56.143 56.121 56.116 56.091
60.166 60.101 60.036 60.011 59.991 59.913 59.853 59.811 59.733 59.701 59.671 59.646 59.651 59.701 59.641 59.401 59.131 58.953 58.931 58.803 58.726 58.588 58.483 58.386 58.316 58.241 58.143 58.086 58.003 57.936 57.881 57.811 57.761 57.711 57.618 57.508 57.458 57.381 57.341 57.268 57.166 57.153 57.113 57.031 56.963 56.946 56.871 56.851 56.786 56.753 56.676 56.618 56.561 56.508 56.501 56.493 56.461 56.423 56.396 56.366 56.346 56.351 56.306 56.271 56.231 56.198 56.213 56.183 56.198 56.193 56.176 56.136
60.188 60.113 60.023 60.011 59.978 59.926 59.871 59.856 59.766 59.708 59.676 59.678 59.671 59.691 59.706 59.533 59.308 58.988 58.991 58.873 58.758 58.628 58.548 58.446 58.351 58.278 58.218 58.138 58.076 58.006 57.963 57.873 57.778 57.713 57.661 57.603 57.513 57.461 57.386 57.301 57.223 57.228 57.158 57.113 57.086 57.016 56.958 56.893 56.858 56.781 56.721 56.671 56.626 56.631 56.588 56.553 56.516 56.508 56.468 56.446 56.403 56.401 56.371 56.311 56.313 56.303 56.296 56.253 56.233 56.218 56.193 56.163
60.223 60.141 60.078 60.028 59.993 59.956 59.906 59.836 59.793 59.723 59.686 59.668 59.681 59.686 59.718 59.588 59.416 59.126 59.016 58.946 58.831 58.706 58.616 58.508 58.406 58.358 58.286 58.201 58.161 58.066 57.958 57.906 57.871 57.806 57.718 57.676 57.583 57.533 57.463 57.388 57.328 57.318 57.248 57.186 57.111 57.088 57.023 56.933 56.881 56.808 56.801 56.753 56.708 56.708 56.661 56.618 56.578 56.566 56.541 56.498 56.453 56.438 56.421 56.368 56.388 56.348 56.343 56.331 56.291 56.256 56.211 56.193
60.266 60.181 60.096 60.068 60.018 59.961 59.906 59.863 59.838 59.761 59.728 59.711 59.693 59.678 59.718 59.693 59.651 59.326 58.978 58.986 58.881 58.786 58.658 58.566 58.468 58.368 58.311 58.236 58.166 58.116 58.051 57.956 57.901 57.826 57.788 57.756 57.646 57.591 57.501 57.473 57.403 57.368 57.318 57.243 57.158 57.096 57.046 56.973 56.943 56.903 56.876 56.841 56.786 56.743 56.716 56.688 56.663 56.628 56.593 56.551 56.543 56.511 56.498 56.458 56.426 56.411 56.381 56.356 56.306 56.271 56.248 56.208
60.313 60.231 60.151 60.108 60.033 59.993 59.961 59.916 59.873 59.788 59.773 59.756 59.731 59.721 59.751 59.746 59.791 59.518 59.078 59.038 58.946 58.826 58.753 58.653 58.521 58.403 58.341 58.243 58.206 58.151 58.091 58.021 57.946 57.908 57.861 57.773 57.716 57.681 57.593 57.528 57.496 57.413 57.356 57.271 57.218 57.151 57.078 57.016 57.013 56.968 56.948 56.901 56.881 56.828 56.791 56.746 56.718 56.701 56.683 56.636 56.608 56.568 56.556 56.516 56.471 56.431 56.406 56.351 56.311 56.288 56.228 56.176
60.353 60.258 60.208 60.121 60.056 59.993 60.011 59.953 59.893 59.851 59.783 59.766 59.748 59.733 59.753 59.748 59.831 59.761 59.223 59.061 59.001 58.886 58.786 58.663 58.566 58.468 58.431 58.346 58.256 58.188 58.123 58.078 58.006 57.953 57.893 57.813 57.758 57.726 57.638 57.581 57.516 57.436 57.343 57.281 57.266 57.213 57.161 57.106 57.063 57.038 57.001 56.971 56.923 56.878 56.846 56.806 56.801 56.758 56.698 56.678 56.638 56.621 56.571 56.526 56.466 56.426 56.406 56.341 56.293 56.271 56.211 56.193
60.403 60.311 60.248 60.151 60.098 60.048 60.033 59.986 59.916 59.886 59.826 59.781 59.773 59.731 59.731 59.746 59.776 59.806 59.388 59.061 59.051 58.943 58.841 58.738 58.613 58.523 58.421 58.358 58.291 58.226 58.196 58.118 58.068 58.006 57.961 57.868 57.833 57.768 57.676 57.606 57.523 57.456 57.396 57.361 57.321 57.273 57.243 57.191 57.158 57.101 57.051 57.028 56.963 56.936 56.936 56.866 56.861 56.821 56.746 56.711 56.686 56.613 56.571 56.508 56.453 56.426 56.396 56.333 56.288 56.223 56.188 56.133
60.418 60.368 60.261 60.211 60.178 60.086 60.033 60.016 59.966 59.898 59.878 59.801 59.756 59.753 59.718 59.748 59.751 59.761 59.453 59.121 59.101 59.011 58.881 58.776 58.646 58.566 58.438 58.398 58.331 58.298 58.231 58.168 58.081 58.073 58.008 57.951 57.858 57.806 57.706 57.633 57.583 57.528 57.488 57.421 57.376 57.346 57.278 57.238 57.196 57.173 57.101 57.088 57.068 57.013 56.973 56.931 56.911 56.853 56.758 56.733 56.673 56.621 56.588 56.511 56.461 56.406 56.356 56.331 56.268 56.216 56.181 56.131
60.451 60.388 60.321 60.243 60.181 60.111 60.103 60.028 59.998 59.956 59.926 59.866 59.791 59.753 59.728 59.743 59.761 59.651 59.431 59.211 59.111 59.063 58.926 58.828 58.736 58.618 58.518 58.441 58.391 58.336 58.263 58.211 58.151 58.088 58.016 57.946 57.833 57.771 57.746 57.713 57.651 57.606 57.561 57.508 57.481 57.416 57.363 57.313 57.248 57.228 57.198 57.153 57.101 57.061 57.016 56.963 56.921 56.841 56.763 56.721 56.693 56.603 56.561 56.511 56.431 56.373 56.356 56.301 56.246 56.186 56.148 56.086
60.493 60.433 60.381 60.278 60.188 60.128 60.096 60.061 60.013 59.978 59.953 59.886 59.828 59.761 59.753 59.748 59.756 59.718 59.581 59.411 59.118 59.101 58.993 58.886 58.771 58.636 58.571 58.481 58.446 58.393 58.318 58.236 58.183 58.093 58.036 57.991 57.906 57.841 57.798 57.741 57.708 57.686 57.626 57.568 57.553 57.436 57.378 57.373 57.316 57.276 57.241 57.223 57.111 57.061 57.048 56.996 56.923 56.828 56.763 56.733 56.673 56.613 56.553 56.493 56.431 56.368 56.321 56.283 56.231 56.173 56.111 56.088
60.523 60.471 60.393 60.326 60.231 60.206 60.141 60.078 60.031 60.003 59.978 59.906 59.873 59.813 59.766 59.731 59.753 59.776 59.771 59.648 59.163 59.141 59.068 58.958 58.798 58.688 58.628 58.556 58.463 58.428 58.326 58.233 58.191 58.136 58.103 58.026 57.976 57.938 57.876 57.823 57.811 57.756 57.696 57.611 57.553 57.501 57.468 57.433 57.356 57.296 57.228 57.176 57.096 57.053 57.021 56.961 56.868 56.803 56.771 56.718 56.656 56.618 56.531 56.496 56.431 56.368 56.308 56.306 56.226 56.168 56.113 56.061
60.523 60.506 60.471 60.363 60.278 60.233 60.161 60.116 60.078 60.016 59.941 59.913 59.876 59.823 59.763 59.751 59.758 59.758 59.816 59.803 59.308 59.173 59.101 58.973 58.873 58.801 58.651 58.556 58.503 58.448 58.348 58.303 58.251 58.181 58.138 58.086 58.043 57.991 57.951 57.886 57.856 57.786 57.696 57.643 57.606 57.563 57.541 57.468 57.408 57.333 57.291 57.173 57.093 57.076 57.018 56.908 56.826 56.808 56.788 56.723 56.673 56.613 56.523 56.463 56.416 56.368 56.303 56.271 56.203 56.138 56.091 56.028
60.558 60.536 60.466 60.428 60.321 60.248 60.173 60.146 60.096 60.051 59.993 59.938 59.883 59.801 59.753 59.731 59.696 59.753 59.753 59.761 59.481 59.156 59.143 59.008 58.911 58.818 58.701 58.616 58.528 58.483 58.413 58.358 58.293 58.236 58.173 58.136 58.093 58.016 57.983 57.926 57.866 57.821 57.756 57.743 57.666 57.583 57.526 57.416 57.373 57.326 57.268 57.191 57.091 57.043 56.961 56.886 56.838 56.796 56.783 56.703 56.628 56.571 56.503 56.456 56.391 56.343 56.266 56.238 56.183 56.113 56.063 55.981
60.573 60.548 60.501 60.413 60.336 60.286 60.201 60.146 60.076 60.051 59.996 59.941 59.901 59.803 59.746 59.713 59.733 59.738 59.738 59.791 59.666 59.241 59.186 59.103 58.966 58.831 58.731 58.668 58.556 58.521 58.436 58.373 58.346 58.288 58.226 58.178 58.136 58.071 58.011 57.963 57.898 57.863 57.803 57.783 57.708 57.586 57.536 57.431 57.378 57.326 57.248 57.161 57.066 57.033 56.973 56.883 56.861 56.806 56.728 56.661 56.631 56.566 56.526 56.461 56.381 56.333 56.253 56.208 56.136 56.076 56.006 55.958
60.601 60.551 60.508 60.453 60.416 60.331 60.226 60.166 60.131 60.063 60.033 59.943 59.913 59.863 59.786 59.721 59.718 59.728 59.761 59.773 59.701 59.303 59.168 59.141 59.023 58.878 58.783 58.726 58.616 58.553 58.498 58.423 58.411 58.321 58.253 58.203 58.153 58.088 58.063 58.023 57.938 57.898 57.801 57.731 57.686 57.596 57.523 57.438 57.361 57.328 57.231 57.156 57.108 57.063 57.001 56.908 56.838 56.776 56.713 56.673 56.621 56.536 56.478 56.421 56.361 56.318 56.233 56.136 56.056 56.016 55.958 55.913
60.641 60.578 60.518 60.491 60.438 60.346 60.268 60.143 60.126 60.088 60.048 59.973 59.941 59.853 59.781 59.748 59.728 59.711 59.751 59.758 59.746 59.503 59.161 59.156 59.076 58.951 58.863 58.753 58.671 58.601 58.533 58.436 58.406 58.351 58.291 58.251 58.186 58.128 58.088 58.013 57.958 57.878 57.786 57.711 57.646 57.548 57.498 57.428 57.361 57.278 57.241 57.176 57.106 57.031 56.991 56.916 56.858 56.788 56.736 56.661 56.603 56.518 56.461 56.403 56.301 56.268 56.178 56.108 56.076 56.023 55.913 55.868
60.648 60.601 60.546 60.491 60.436 60.353 60.291 60.181 60.118 60.086 60.063 59.978 59.931 59.878 59.788 59.771 59.733 59.706 59.723 59.731 59.831 59.673 59.266 59.211 59.131 58.998 58.866 58.783 58.721 58.628 58.583 58.491 58.453 58.401 58.338 58.276 58.198 58.113 58.046 58.013 57.931 57.843 57.783 57.703 57.613 57.563 57.486 57.416 57.348 57.313 57.246 57.173 57.143 57.063 56.986 56.908 56.843 56.751 56.681 56.613 56.561 56.508 56.446 56.338 56.283 56.213 56.163 56.098 56.028 55.958 55.883 55.818
60.663 60.606 60.543 60.498 60.431 60.381 60.266 60.201 60.151 60.083 60.023 59.971 59.943 59.883 59.816 59.758 59.703 59.658 59.696 59.696 59.708 59.723 59.358 59.233 59.166 59.048 58.908 58.843 58.731 58.653 58.588 58.516 58.478 58.408 58.336 58.276 58.198 58.091 58.006 57.971 57.926 57.861 57.761 57.681 57.631 57.536 57.488 57.456 57.361 57.303 57.256 57.193 57.136 57.058 56.981 56.908 56.831 56.748 56.708 56.616 56.556 56.471 56.413 56.303 56.243 56.193 56.141 56.028 55.948 55.926 55.861 55.798
60.656 60.608 60.563 60.513 60.483 60.408 60.333 60.236 60.153 60.101 60.053 60.008 59.931 59.858 59.813 59.768 59.708 59.663 59.671 59.678 59.681 59.736 59.496 59.221 59.196 59.086 58.958 58.856 58.756 58.666 58.591 58.538 58.466 58.348 58.328 58.256 58.188 58.123 58.058 57.996 57.881 57.816 57.753 57.688 57.638 57.596 57.521 57.478 57.388 57.291 57.241 57.188 57.106 57.061 56.978 56.888 56.796 56.713 56.676 56.616 56.526 56.456 56.388 56.273 56.221 56.166 56.101 56.033 55.938 55.911 55.851 55.778
60.638 60.608 60.566 60.508 60.501 60.398 60.353 60.253 60.136 60.133 60.058 59.996 59.946 59.873 59.831 59.743 59.703 59.666 59.618 59.638 59.648 59.751 59.611 59.278 59.176 59.103 59.018 58.878 58.758 58.658 58.591 58.536 58.418 58.358 58.323 58.261 58.166 58.123 58.048 57.958 57.883 57.841 57.753 57.701 57.651 57.618 57.543 57.493 57.411 57.338 57.253 57.168 57.113 57.023 56.968 56.893 56.843 56.741 56.673 56.543 56.453 56.423 56.348 56.268 56.211 56.143 56.083 56.008 55.953 55.871 55.811 55.751
60.681 60.598 60.573 60.523 60.476 60.416 60.356 60.246 60.168 60.111 60.043 60.021 59.956 59.893 59.836 59.766 59.718 59.656 59.623 59.623 59.643 59.668 59.671 59.391 59.188 59.111 58.983 58.891 58.761 58.643 58.583 58.496 58.408 58.376 58.321 58.236 58.161 58.096 58.008 57.971 57.916 57.843 57.791 57.738 57.666 57.621 57.541 57.473 57.421 57.318 57.273 57.201 57.106 57.053 56.958 56.876 56.821 56.743 56.671 56.578 56.461 56.431 56.358 56.256 56.186 56.131 56.088 56.028 55.918 55.868 55.773 55.696
60.693 60.593 60.581 60.541 60.476 60.418 60.368 60.256 60.168 60.106 60.043 60.013 59.948 59.891 59.851 59.808 59.723 59.678 59.643 59.618 59.611 59.623 59.658 59.516 59.178 59.091 58.966 58.871 58.756 58.648 58.583 58.513 58.446 58.353 58.323 58.231 58.148 58.121 58.071 58.011 57.923 57.891 57.841 57.756 57.703 57.608 57.536 57.476 57.426 57.353 57.273 57.231 57.118 57.016 56.956 56.878 56.833 56.741 56.676 56.571 56.468 56.396 56.331 56.276 56.188 56.116 56.048 55.973 55.908 55.853 55.753 55.666
60.681 60.626 60.556 60.536 60.486 60.436 60.388 60.316 60.213 60.093 60.063 60.018 59.968 59.903 59.846 59.791 59.731 59.681 59.631 59.596 59.588 59.633 59.596 59.486 59.196 59.086 58.981 58.856 58.773 58.686 58.576 58.496 58.458 58.378 58.316 58.223 58.203 58.128 58.096 58.026 57.963 57.891 57.838 57.776 57.686 57.601 57.556 57.503 57.431 57.353 57.283 57.221 57.118 57.023 56.948 56.888 56.811 56.698 56.606 56.546 56.471 56.388 56.321 56.271 56.196 56.106 56.026 55.958 55.856 55.788 55.716 55.651
60.706 60.633 60.561 60.541 60.488 60.448 60.383 60.321 60.243 60.128 60.071 60.023 59.973 59.918 59.843 59.808 59.718 59.673 59.596 59.586 59.588 59.601 59.576 59.613 59.276 59.073 59.011 58.868 58.726 58.668 58.563 58.478 58.456 58.383 58.336 58.251 58.196 58.131 58.083 58.058 57.981 57.871 57.828 57.758 57.711 57.643 57.586 57.513 57.448 57.341 57.241 57.211 57.101 57.043 56.958 56.883 56.801 56.688 56.633 56.546 56.483 56.401 56.338 56.246 56.181 56.106 56.021 55.946 55.871 55.801 55.711 55.613
60.698 60.646 60.556 60.533 60.486 60.456 60.393 60.326 60.248 60.148 60.078 60.008 59.963 59.913 59.841 59.783 59.733 59.676 59.596 59.566 59.541 59.576 59.546 59.543 59.366 59.051 59.021 58.906 58.771 58.708 58.583 58.481 58.416 58.371 58.323 58.266 58.233 58.148 58.106 58.016 57.941 57.901 57.841 57.771 57.708 57.656 57.596 57.508 57.441 57.373 57.281 57.198 57.123 57.038 56.993 56.888 56.821 56.763 56.676 56.566 56.486 56.426 56.328 56.236 56.156 56.086 56.003 55.923 55.848 55.773 55.653 55.581
60.693 60.613 60.558 60.538 60.491 60.426 60.396 60.348 60.273 60.183 60.086 60.021 59.943 59.936 59.846 59.796 59.753 59.686 59.633 59.561 59.503 59.521 59.538 59.551 59.458 59.086 59.001 58.908 58.798 58.688 58.588 58.506 58.433 58.378 58.311 58.273 58.213 58.166 58.106 58.043 57.973 57.938 57.866 57.768 57.718 57.643 57.601 57.526 57.471 57.406 57.306 57.203 57.123 57.056 56.996 56.926 56.841 56.781 56.656 56.571 56.511 56.406 56.311 56.228 56.121 56.053 55.983 55.881 55.803 55.701 55.636 55.546
60.706 60.656 60.553 60.526 60.466 60.411 60.381 60.338 60.268 60.176 60.056 60.008 59.946 59.933 59.878 59.801 59.763 59.706 59.613 59.526 59.471 59.481 59.491 59.496 59.498 59.181 58.951 58.921 58.821 58.708 58.631 58.558 58.468 58.393 58.348 58.273 58.251 58.156 58.113 58.051 58.006 57.913 57.851 57.808 57.751 57.661 57.601 57.543 57.473 57.411 57.328 57.218 57.146 57.093 56.993 56.916 56.818 56.751 56.638 56.548 56.478 56.401 56.291 56.208 56.121 56.001 55.938 55.858 55.796 55.673 55.601 55.493
60.698 60.656 60.591 60.488 60.468 60.418 60.393 60.346 60.253 60.156 60.093 60.031 59.958 59.921 59.891 59.811 59.721 59.658 59.611 59.536 59.471 59.471 59.458 59.471 59.503 59.326 58.951 58.943 58.826 58.713 58.636 58.546 58.481 58.388 58.346 58.288 58.258 58.191 58.156 58.086 57.983 57.941 57.891 57.813 57.746 57.703 57.623 57.538 57.446 57.331 57.331 57.286 57.196 57.103 57.006 56.921 56.826 56.731 56.623 56.538 56.443 56.321 56.221 56.161 56.101 56.006 55.931 55.828 55.753 55.633 55.546 55.456
60.728 60.643 60.621 60.536 60.488 60.418 60.391 60.356 60.266 60.173 60.086 59.993 59.956 59.903 59.863 59.806 59.721 59.656 59.563 59.526 59.463 59.426 59.406 59.421 59.461 59.483 59.021 58.953 58.861 58.721 58.613 58.538 58.468 58.443 58.388 58.328 58.276 58.228 58.158 58.061 58.026 57.971 57.908 57.843 57.771 57.706 57.601 57.533 57.486 57.431 57.341 57.281 57.143 57.076 57.001 56.876 56.791 56.663 56.581 56.503 56.383 56.303 56.206 56.116 56.051 55.976 55.913 55.821 55.711 55.618 55.498 55.421
