LIDAR/se2585_DTM_2M.asc
ncols 500
nrows 500
xllcorner    425000
yllcorner    485000
cellsize     2
NODATA_value -9999
[rows 408 to 441 of 500, columns 0 to 76 of 500]
71.969 72.161 72.347 72.454 72.678 72.891 73.059 73.208 73.387 73.506 73.614 73.781 73.871 73.994 74.244 74.617 74.993 75.287 75.645 75.648 75.661 75.687 75.772 75.88 75.978 76.053 76.125 76.21 76.355 76.572 76.882 77.111 77.226 77.269 77.394 77.56 77.672 77.766 77.786 77.845 77.984 78.094 78.08 78.08 78.113 78.241 78.421 78.612 78.746 78.722 78.747 78.74 78.681 78.643 78.653 78.687 78.712 78.788 78.922 79.088 78.949 78.945 78.947 78.904 78.861 78.927 78.986 78.967 78.885 78.812 78.73 78.653 78.641 78.599 78.617 78.594 78.685
71.996 72.121 72.249 72.397 72.583 72.725 72.96 73.082 73.283 73.474 73.604 73.68 73.874 74.06 74.216 74.627 75.085 75.523 75.516 75.456 75.423 75.58 75.715 75.816 75.898 75.974 76.055 76.185 76.349 76.525 76.814 77.266 77.254 77.307 77.427 77.532 77.666 77.773 77.833 77.931 78.019 78.091 78.125 78.132 78.17 78.322 78.479 78.661 78.737 78.767 78.817 78.819 78.813 78.841 78.875 78.906 78.942 78.966 79.176 79.163 79.073 79.101 79.09 78.994 79.017 79.074 79.058 79.07 79.054 78.954 78.84 78.761 78.827 78.842 78.785 78.803 78.828
71.92 72.087 72.169 72.291 72.444 72.59 72.834 72.997 73.168 73.38 73.556 73.657 73.926 74.11 74.28 74.829 75.2 75.429 75.335 75.324 75.406 75.551 75.658 75.737 75.817 75.901 76.027 76.171 76.342 76.514 76.736 77.118 77.243 77.443 77.536 77.508 77.619 77.739 77.826 77.888 77.951 78.023 78.11 78.185 78.24 78.357 78.54 78.705 78.744 78.788 78.834 78.884 78.949 78.991 78.981 78.993 79.051 79.149 79.21 79.174 79.168 79.202 79.234 79.228 79.183 79.22 79.248 79.134 79.127 79.106 78.997 78.956 79.153 79.079 79.022 78.966 78.912
71.792 71.97 72.093 72.207 72.378 72.535 72.696 72.942 73.158 73.28 73.468 73.73 73.959 74.197 74.556 74.916 75.159 75.325 75.267 75.248 75.364 75.492 75.566 75.66 75.74 75.877 76.037 76.165 76.376 76.542 76.698 76.945 77.195 77.309 77.391 77.419 77.515 77.691 77.768 77.812 77.873 77.946 78.07 78.262 78.336 78.444 78.585 78.71 78.763 78.817 78.864 78.901 78.922 79.11 79.148 79.072 79.197 79.247 79.315 79.293 79.287 79.366 79.441 79.482 79.455 79.387 79.329 79.246 79.198 79.188 79.152 79.164 79.283 79.26 79.163 79.114 79.059
71.721 71.848 71.994 72.138 72.377 72.536 72.649 72.861 73.113 73.292 73.54 73.736 74.059 74.452 74.71 74.886 75.053 75.268 75.286 75.191 75.276 75.388 75.472 75.566 75.665 75.808 76.094 76.271 76.404 76.578 76.733 76.915 77.113 77.185 77.3 77.381 77.498 77.651 77.718 77.747 77.796 77.872 78.085 78.311 78.431 78.537 78.647 78.726 78.784 78.873 78.957 78.961 79.002 79.054 79.16 79.334 79.576 79.581 79.552 79.532 79.554 79.611 79.589 79.541 79.653 79.6 79.55 79.491 79.402 79.345 79.29 79.27 79.315 79.355 79.303 79.252 79.206
71.706 71.841 71.974 72.158 72.297 72.497 72.698 72.862 73.052 73.363 73.61 73.803 74.285 74.563 74.633 74.763 74.95 75.229 75.292 75.249 75.289 75.282 75.359 75.462 75.582 75.726 76.043 76.25 76.454 76.696 76.767 76.923 77.082 77.197 77.275 77.38 77.495 77.621 77.67 77.693 77.741 77.83 78.117 78.337 78.495 78.583 78.666 78.744 79.023 79.006 79.074 79.066 79.087 79.098 79.213 79.413 79.589 79.727 79.747 79.76 79.773 79.792 79.736 79.682 79.722 79.757 79.679 79.637 79.612 79.558 79.438 79.395 79.39 79.399 79.414 79.377 79.356
71.681 71.859 71.954 72.151 72.262 72.452 72.654 72.873 73.137 73.359 73.663 73.991 74.371 74.5 74.556 74.649 74.902 75.199 75.297 75.266 75.224 75.192 75.28 75.423 75.574 75.747 76.073 76.29 76.563 76.732 76.8 76.959 77.121 77.229 77.299 77.38 77.493 77.625 77.718 77.758 77.815 77.957 78.187 78.428 78.572 78.603 78.682 78.816 79.032 79.037 79.106 79.126 79.124 79.183 79.252 79.431 79.598 79.762 79.793 79.773 79.771 79.815 79.853 79.762 79.777 79.816 79.829 79.765 79.773 79.703 79.548 79.534 79.529 79.524 79.522 79.507 79.541
71.615 71.799 71.898 71.991 72.253 72.508 72.576 72.833 73.125 73.453 73.839 74.072 74.292 74.445 74.56 74.714 74.949 75.121 75.172 75.129 75.105 75.168 75.313 75.41 75.534 75.787 76.198 76.373 76.647 76.746 76.836 76.996 77.156 77.25 77.321 77.387 77.486 77.625 77.764 77.873 77.867 78.029 78.28 78.506 78.657 78.671 78.7 78.85 78.874 78.998 79.184 79.188 79.192 79.283 79.324 79.406 79.551 79.715 79.754 79.734 79.772 79.838 79.902 79.919 79.898 79.998 79.94 79.898 79.865 79.783 79.678 79.673 79.67 79.681 79.702 79.697 79.75
71.528 71.701 71.86 71.999 72.177 72.379 72.581 72.834 73.132 73.432 73.765 74.056 74.241 74.403 74.563 74.727 74.825 74.963 75.023 74.998 75.063 75.207 75.366 75.48 75.567 75.753 76.269 76.496 76.648 76.737 76.81 76.952 77.11 77.2 77.263 77.328 77.428 77.565 77.702 77.831 77.919 78.12 78.386 78.569 78.734 78.778 78.761 78.827 78.891 79.051 79.232 79.258 79.31 79.352 79.397 79.474 79.556 79.674 79.724 79.763 79.838 79.905 79.944 79.984 80.035 80.108 80.091 79.978 79.939 79.857 79.819 79.83 79.851 79.872 79.88 79.897 79.983
71.45 71.584 71.769 71.999 72.141 72.311 72.515 72.854 73.186 73.362 73.626 73.955 74.18 74.344 74.503 74.636 74.708 74.818 74.899 74.943 75.088 75.247 75.406 75.552 75.673 75.86 76.266 76.576 76.602 76.717 76.827 76.898 77.041 77.127 77.193 77.259 77.364 77.476 77.637 77.767 77.95 78.234 78.467 78.632 78.797 78.885 78.855 78.821 78.879 79.024 79.249 79.322 79.376 79.431 79.481 79.564 79.665 79.74 79.745 79.811 79.886 79.944 79.975 80.016 80.09 80.185 80.226 80.13 80.052 80.001 79.982 80.006 80.029 80.041 80.001 80.02 80.062
71.405 71.555 71.669 71.872 72.102 72.322 72.596 73.024 73.26 73.428 73.597 73.83 74.113 74.285 74.419 74.439 74.548 74.689 74.769 74.93 75.085 75.236 75.405 75.575 75.82 76.034 76.321 76.559 76.658 76.73 76.831 76.916 76.997 77.062 77.127 77.19 77.301 77.437 77.586 77.798 78.074 78.318 78.423 78.605 78.778 78.943 78.903 78.873 78.913 79.082 79.288 79.353 79.403 79.444 79.544 79.696 79.849 79.809 79.785 79.847 79.91 79.969 80.005 80.066 80.183 80.282 80.341 80.278 80.198 80.131 80.118 80.144 80.172 80.199 80.225 80.23 80.25
71.322 71.51 71.704 71.794 71.969 72.287 72.662 73.132 73.334 73.502 73.671 73.839 74.034 74.2 74.243 74.284 74.4 74.53 74.776 74.923 75.044 75.18 75.343 75.524 75.838 76.132 76.349 76.511 76.633 76.701 76.689 76.873 76.991 77.049 77.083 77.18 77.295 77.437 77.603 77.866 78.106 78.221 78.302 78.311 78.561 78.878 78.874 78.938 79.045 79.188 79.27 79.317 79.37 79.442 79.64 79.817 79.867 79.844 79.86 79.85 79.91 80.013 80.098 80.222 80.326 80.391 80.447 80.426 80.346 80.29 80.263 80.278 80.305 80.332 80.337 80.359 80.369
71.274 71.378 71.572 71.724 71.958 72.413 72.865 73.193 73.355 73.509 73.651 73.792 73.942 74.026 74.055 74.112 74.317 74.453 74.752 74.91 75.019 75.153 75.376 75.705 75.985 76.153 76.26 76.421 76.567 76.662 76.745 76.871 77.001 77.058 77.107 77.218 77.325 77.44 77.546 77.89 77.979 78.088 78.182 78.294 78.515 78.811 78.899 78.983 79.075 79.164 79.223 79.268 79.351 79.519 79.699 79.807 79.805 79.846 79.91 79.955 79.986 80.079 80.191 80.312 80.376 80.481 80.537 80.566 80.494 80.45 80.42 80.411 80.439 80.458 80.471 80.505 80.56
71.233 71.338 71.476 71.7 72.159 72.603 72.888 73.024 73.161 73.305 73.456 73.612 73.767 73.922 73.981 74.051 74.251 74.399 74.524 74.77 74.922 75.212 75.505 75.796 75.946 76.036 76.146 76.31 76.474 76.614 76.728 76.851 76.968 77.099 77.18 77.256 77.349 77.492 77.594 77.78 77.869 77.956 78.096 78.305 78.405 78.604 78.737 78.879 78.978 79.063 79.155 79.232 79.352 79.621 79.758 79.752 79.74 79.885 80.035 80.155 80.142 80.164 80.249 80.299 80.33 80.437 80.6 80.68 80.647 80.61 80.58 80.554 80.571 80.609 80.666 80.701 80.783
71.13 71.314 71.501 71.823 72.337 72.56 72.711 72.848 72.979 73.133 73.287 73.44 73.619 73.71 73.853 74.058 74.174 74.335 74.501 74.711 74.974 75.178 75.435 75.715 75.877 75.932 76.034 76.207 76.387 76.527 76.613 76.679 76.77 76.974 77.182 77.294 77.378 77.533 77.625 77.671 77.734 77.888 78.105 78.317 78.405 78.491 78.701 78.866 78.984 79.12 79.226 79.387 79.633 79.794 79.771 79.743 79.779 79.937 80.114 80.237 80.218 80.219 80.253 80.275 80.306 80.345 80.494 80.67 80.775 80.749 80.707 80.668 80.764 80.84 80.896 80.952 81.009
71.132 71.344 71.694 72.013 72.365 72.541 72.695 72.765 72.858 72.999 73.151 73.302 73.533 73.636 73.795 73.934 74.113 74.298 74.48 74.756 75.04 75.233 75.413 75.631 75.814 75.88 75.998 76.188 76.32 76.393 76.443 76.513 76.696 76.797 77 77.228 77.398 77.552 77.621 77.649 77.712 77.865 78.069 78.239 78.448 78.591 78.787 78.891 79.011 79.151 79.349 79.526 79.719 79.764 79.751 79.778 79.824 79.973 80.151 80.17 80.119 80.14 80.249 80.284 80.304 80.323 80.366 80.661 80.776 80.799 80.753 80.751 80.968 81.04 81.073 81.049 81.042
71.226 71.517 71.861 72.159 72.387 72.555 72.624 72.674 72.767 72.875 73.022 73.174 73.327 73.636 73.838 73.964 74.133 74.348 74.554 74.819 75.098 75.284 75.445 75.605 75.746 75.871 75.985 76.126 76.162 76.203 76.281 76.407 76.641 76.759 76.825 77.074 77.314 77.523 77.695 77.748 77.848 77.922 78.07 78.277 78.511 78.686 78.773 78.938 78.955 79.138 79.378 79.545 79.585 79.631 79.695 79.825 79.871 80.004 80.141 80.094 80.093 80.17 80.337 80.344 80.37 80.419 80.558 80.635 80.706 80.78 80.798 80.841 81.024 81.023 81.014 80.998 80.999
71.302 71.56 71.851 72.153 72.411 72.49 72.529 72.583 72.674 72.777 72.895 73.046 73.216 73.62 73.852 73.993 74.277 74.44 74.556 74.884 75.115 75.187 75.301 75.437 75.569 75.75 75.907 75.938 75.968 76.047 76.224 76.366 76.553 76.686 76.795 76.971 77.202 77.44 77.647 77.789 77.944 78.069 78.219 78.383 78.543 78.673 78.718 78.918 78.912 79.075 79.288 79.462 79.482 79.55 79.69 79.836 79.924 80.046 80.085 80.079 80.134 80.238 80.391 80.466 80.486 80.568 80.598 80.636 80.693 80.744 80.802 80.929 81.007 81.032 81.048 81.054 81.038
71.348 71.595 71.886 72.167 72.316 72.384 72.433 72.495 72.593 72.69 72.788 72.918 73.136 73.425 73.755 73.901 74.122 74.389 74.633 74.922 75.078 75.138 75.202 75.317 75.433 75.556 75.669 75.743 75.849 76.03 76.222 76.356 76.482 76.639 76.773 76.932 77.102 77.302 77.475 77.644 77.784 77.968 78.143 78.298 78.448 78.611 78.719 78.822 78.954 79.084 79.202 79.397 79.503 79.571 79.751 79.841 79.96 80.047 80.078 80.112 80.188 80.318 80.474 80.559 80.466 80.477 80.57 80.621 80.714 80.774 80.888 80.999 81.056 81.096 81.113 81.124 81.1
71.39 71.63 71.915 72.073 72.149 72.226 72.309 72.414 72.51 72.607 72.703 72.806 73.021 73.275 73.55 73.753 74.035 74.391 74.638 74.876 75.009 75.084 75.163 75.272 75.392 75.533 75.644 75.741 75.892 76.049 76.221 76.352 76.469 76.58 76.781 76.971 77.074 77.182 77.343 77.499 77.668 77.831 78.006 78.18 78.335 78.499 78.665 78.767 78.852 79.063 79.241 79.409 79.524 79.577 79.716 79.804 79.942 80.053 80.106 80.151 80.284 80.46 80.601 80.661 80.541 80.505 80.533 80.613 80.723 80.832 80.957 81.026 81.082 81.139 81.177 81.183 81.175
71.432 71.662 71.831 71.912 71.998 72.089 72.189 72.34 72.445 72.542 72.639 72.801 73.008 73.2 73.414 73.678 74.118 74.409 74.589 74.74 74.908 75.035 75.123 75.236 75.369 75.506 75.658 75.799 75.934 76.068 76.204 76.356 76.478 76.62 76.855 77.004 77.012 77.114 77.268 77.435 77.623 77.806 77.937 78.075 78.224 78.375 78.61 78.753 78.819 79.051 79.286 79.441 79.493 79.567 79.626 79.73 79.822 79.953 80.06 80.247 80.407 80.502 80.661 80.761 80.689 80.661 80.648 80.711 80.801 80.879 80.989 81.077 81.119 81.167 81.221 81.259 81.251
71.381 71.596 71.691 71.782 71.874 71.966 72.082 72.257 72.38 72.478 72.622 72.85 73.063 73.252 73.471 73.83 74.208 74.369 74.479 74.616 74.866 75.072 75.044 75.081 75.239 75.429 75.616 75.76 75.887 76.021 76.178 76.34 76.488 76.626 76.843 76.91 76.935 77.038 77.204 77.385 77.567 77.779 77.959 78.089 78.205 78.361 78.53 78.706 78.907 79.134 79.344 79.396 79.391 79.47 79.561 79.669 79.713 79.827 80.031 80.265 80.312 80.368 80.559 80.788 80.722 80.643 80.726 80.823 80.862 80.943 81.02 81.127 81.177 81.219 81.26 81.308 81.327
71.219 71.414 71.555 71.651 71.751 71.842 71.987 72.163 72.314 72.403 72.582 72.87 73.113 73.294 73.563 73.938 74.18 74.268 74.362 74.497 74.7 74.941 74.832 74.963 75.17 75.369 75.561 75.72 75.857 76.001 76.148 76.31 76.475 76.631 76.759 76.808 76.85 76.973 77.153 77.334 77.515 77.718 77.933 78.084 78.166 78.373 78.501 78.636 78.867 79.198 79.344 79.373 79.346 79.347 79.522 79.682 79.738 79.796 80.027 80.201 80.261 80.305 80.457 80.654 80.763 80.684 80.725 80.816 80.86 80.972 80.944 81.165 81.235 81.278 81.322 81.372 81.401
71.105 71.21 71.362 71.508 71.626 71.728 71.893 72.063 72.222 72.318 72.506 72.801 73.097 73.366 73.631 73.877 74.007 74.032 74.181 74.39 74.446 74.636 74.802 74.869 75.045 75.261 75.477 75.669 75.826 75.97 76.118 76.281 76.445 76.587 76.653 76.705 76.795 76.946 77.112 77.285 77.464 77.657 77.899 78.029 78.127 78.243 78.444 78.631 78.793 79.022 79.243 79.308 79.26 79.323 79.495 79.699 79.775 79.883 79.979 80.109 80.21 80.269 80.396 80.546 80.706 80.7 80.737 80.804 80.868 80.945 81.064 81.186 81.276 81.349 81.405 81.461 81.482
71.082 71.152 71.216 71.362 71.511 71.619 71.764 71.923 72.13 72.234 72.429 72.725 73.032 73.351 73.551 73.74 73.818 73.904 74.101 74.317 74.453 74.594 74.8 74.847 74.916 75.133 75.422 75.664 75.797 75.939 76.087 76.25 76.389 76.502 76.573 76.672 76.81 76.962 77.117 77.279 77.441 77.6 77.816 78.024 78.116 78.199 78.329 78.528 78.725 78.906 79.025 79.055 79.122 79.323 79.543 79.653 79.759 79.917 79.982 80.018 80.101 80.221 80.359 80.502 80.587 80.669 80.751 80.818 80.881 80.944 81.033 81.158 81.304 81.431 81.494 81.549 81.557
71.188 71.243 71.327 71.422 71.471 71.572 71.62 71.805 72.036 72.148 72.365 72.7 73.053 73.331 73.498 73.61 73.69 73.912 74.085 74.251 74.441 74.628 74.752 74.792 74.851 75.107 75.454 75.649 75.779 75.911 76.053 76.182 76.287 76.407 76.521 76.687 76.83 76.982 77.134 77.29 77.431 77.647 77.965 78.084 78.19 78.265 78.345 78.544 78.688 78.755 78.898 78.964 79.053 79.248 79.49 79.602 79.687 79.782 79.926 80.022 80.157 80.206 80.305 80.413 80.457 80.582 80.699 80.788 80.862 80.936 81.013 81.157 81.298 81.441 81.571 81.632 81.632
71.254 71.278 71.28 71.291 71.452 71.562 71.559 71.722 71.985 72.194 72.347 72.659 73.007 73.323 73.465 73.517 73.615 73.817 73.955 74.128 74.275 74.396 74.516 74.654 74.852 75.165 75.458 75.604 75.716 75.814 75.886 76.012 76.141 76.267 76.485 76.682 76.823 76.964 77.104 77.217 77.382 77.608 77.916 78.099 78.269 78.294 78.33 78.495 78.58 78.636 78.787 79.005 79.078 79.223 79.438 79.552 79.637 79.707 79.804 79.997 80.169 80.249 80.407 80.39 80.441 80.583 80.649 80.727 80.812 80.897 81.06 81.22 81.351 81.481 81.602 81.664 81.65
71.137 71.178 71.168 71.237 71.394 71.52 71.532 71.688 72.063 72.351 72.463 72.608 72.931 73.233 73.388 73.443 73.525 73.736 73.801 73.93 74.059 74.189 74.318 74.518 74.825 75.124 75.348 75.436 75.528 75.619 75.75 75.875 75.984 76.147 76.358 76.59 76.702 76.795 76.922 77.109 77.322 77.521 77.71 78.005 78.13 78.245 78.281 78.399 78.448 78.5 78.714 78.974 79.144 79.238 79.385 79.5 79.566 79.617 79.706 79.906 80.101 80.191 80.313 80.392 80.493 80.626 80.692 80.748 80.807 80.927 81.128 81.272 81.361 81.449 81.584 81.635 81.576
70.959 71.071 71.077 71.194 71.336 71.468 71.48 71.717 72.143 72.49 72.617 72.715 72.847 73.079 73.196 73.253 73.339 73.545 73.681 73.836 73.96 74.088 74.218 74.431 74.754 74.983 75.187 75.274 75.39 75.455 75.607 75.81 75.868 76.015 76.24 76.467 76.614 76.722 76.806 76.934 77.179 77.372 77.651 77.833 77.906 78.074 78.208 78.266 78.315 78.381 78.584 78.878 79.066 79.215 79.349 79.481 79.584 79.699 79.802 79.879 80.048 80.127 80.227 80.444 80.515 80.635 80.724 80.79 80.893 81.037 81.187 81.269 81.328 81.408 81.618 81.593 81.506
70.818 70.94 71.024 71.151 71.291 71.408 71.436 71.735 72.174 72.547 72.671 72.708 72.742 72.907 72.94 73.056 73.201 73.347 73.508 73.732 73.875 73.995 74.11 74.337 74.675 74.906 75.024 75.149 75.299 75.368 75.455 75.74 75.805 75.895 76.117 76.391 76.543 76.629 76.732 76.857 76.995 77.216 77.42 77.554 77.68 77.905 78.093 78.138 78.187 78.324 78.573 78.747 78.953 79.108 79.258 79.435 79.679 79.816 79.834 79.876 79.999 80.127 80.31 80.405 80.501 80.613 80.708 80.816 81.041 81.13 81.207 81.267 81.352 81.484 81.685 81.62 81.485
70.861 70.893 71.009 71.159 71.248 71.315 71.439 71.663 72.03 72.34 72.497 72.59 72.628 72.761 72.855 72.907 73.047 73.193 73.345 73.564 73.775 73.914 74.032 74.251 74.498 74.764 74.896 75.044 75.174 75.332 75.406 75.583 75.797 75.851 75.977 76.256 76.481 76.495 76.561 76.748 76.901 77.085 77.258 77.406 77.614 77.892 77.976 78.01 78.072 78.284 78.541 78.73 78.847 79.004 79.166 79.332 79.533 79.65 79.739 79.857 79.937 80.042 80.232 80.352 80.491 80.591 80.69 80.82 81.098 81.237 81.239 81.235 81.386 81.588 81.6 81.679 81.767
70.931 70.958 71.012 71.058 71.108 71.171 71.32 71.514 71.82 72.103 72.242 72.377 72.502 72.652 72.791 72.811 72.914 73.043 73.184 73.386 73.619 73.825 73.984 74.196 74.443 74.607 74.689 74.792 74.958 75.245 75.374 75.483 75.597 75.837 75.99 76.1 76.247 76.405 76.522 76.644 76.82 76.965 77.106 77.282 77.588 77.832 77.866 77.882 77.997 78.252 78.516 78.726 78.792 78.923 79.149 79.353 79.545 79.576 79.533 79.764 79.859 79.941 80.082 80.337 80.477 80.571 80.674 80.797 80.995 81.081 81.11 81.143 81.285 81.531 81.487 81.641 81.774
70.894 70.92 70.933 70.958 70.986 71.029 71.22 71.435 71.694 71.915 72.099 72.266 72.457 72.594 72.697 72.787 72.815 72.925 73.051 73.243 73.513 73.768 73.926 74.127 74.373 74.465 74.448 74.543 74.761 74.981 75.37 75.401 75.546 75.69 75.901 76.023 76.083 76.239 76.555 76.667 76.764 76.877 76.998 77.186 77.456 77.664 77.727 77.764 77.956 78.182 78.404 78.558 78.656 78.835 79.023 79.26 79.446 79.417 79.486 79.675 79.79 79.883 80.063 80.29 80.451 80.536 80.624 80.739 80.825 80.914 81.037 81.136 81.332 81.419 81.494 81.672 81.662
70.866 70.859 70.866 70.896 70.921 70.995 71.115 71.331 71.563 71.79 72.018 72.203 72.298 72.397 72.443 72.615 72.712 72.825 72.96 73.232 73.533 73.612 73.81 74.088 74.265 74.346 74.373 74.473 74.62 74.82 75.11 75.3 75.434 75.487 75.663 75.981 76.065 76.239 76.516 76.616 76.662 76.771 76.925 77.145 77.228 77.367 77.501 77.659 77.832 78.02 78.207 78.381 78.578 78.754 78.931 79.12 79.22 79.31 79.555 79.701 79.694 79.797 79.964 80.185 80.299 80.371 80.463 80.694 80.72 80.808 81.008 81.134 81.264 81.328 81.405 81.428 81.486
