LIDAR/se2588_DTM_2M.asc
ncols 500
nrows 500
xllcorner    425000
yllcorner    488000
cellsize     2
NODATA_value -9999
[rows 192 to 223 of 500, columns 72 to 143 of 500]
53.398 53.385 53.413 53.398 53.415 53.368 53.368 53.393 53.4 53.388 53.36 53.348 53.325 53.298 53.283 53.268 53.225 53.163 53.153 53.138 53.143 53.155 53.153 53.138 53.115 53.11 53.088 53.063 52.978 52.958 52.865 52.793 52.748 52.7 52.603 52.478 52.348 52.203 52.023 51.838 51.62 51.428 51.198 50.983 50.758 50.543 50.36 50.163 50.003 49.828 49.658 49.498 49.355 49.11 48.783 48.465 48.123 47.763 47.423 47.108 46.848 46.63 46.518 46.385 46.295 46.283 46.215 46.233 46.32 46.255 46.248 46.363
53.463 53.433 53.458 53.463 53.453 53.46 53.46 53.48 53.483 53.475 53.448 53.46 53.42 53.41 53.408 53.383 53.39 53.335 53.345 53.348 53.338 53.348 53.363 53.375 53.365 53.37 53.353 53.353 53.335 53.325 53.275 53.233 53.138 53.095 52.95 52.828 52.658 52.508 52.3 52.098 51.885 51.675 51.45 51.173 50.918 50.71 50.483 50.263 50.088 49.905 49.733 49.53 49.335 49.083 48.778 48.435 48.07 47.688 47.365 47.03 46.745 46.588 46.42 46.295 46.3 46.283 46.23 46.26 46.245 46.2 46.253 46.353
53.475 53.515 53.513 53.538 53.558 53.548 53.575 53.575 53.568 53.56 53.565 53.565 53.555 53.56 53.553 53.53 53.558 53.545 53.57 53.603 53.608 53.66 53.683 53.685 53.715 53.738 53.743 53.7 53.675 53.678 53.653 53.598 53.513 53.403 53.31 53.133 52.93 52.763 52.545 52.33 52.095 51.85 51.613 51.355 51.083 50.828 50.575 50.338 50.15 49.91 49.735 49.535 49.303 49.03 48.725 48.37 47.993 47.658 47.298 46.983 46.693 46.49 46.38 46.3 46.265 46.23 46.188 46.2 46.293 46.288 46.278 46.338
53.503 53.535 53.553 53.615 53.618 53.638 53.67 53.703 53.723 53.718 53.73 53.73 53.755 53.773 53.803 53.763 53.798 53.835 53.863 53.94 53.933 53.978 54.003 54.015 54.043 54.048 54.028 54.028 53.98 53.993 53.953 53.868 53.775 53.67 53.545 53.395 53.183 52.978 52.75 52.543 52.293 52.03 51.78 51.498 51.22 50.955 50.71 50.453 50.228 49.988 49.778 49.54 49.295 49.015 48.655 48.298 47.888 47.56 47.215 46.928 46.638 46.46 46.41 46.365 46.338 46.273 46.175 46.205 46.283 46.323 46.295 46.26
53.563 53.593 53.628 53.683 53.715 53.775 53.823 53.87 53.875 53.943 53.963 53.978 53.988 54.025 54.058 54.078 54.093 54.158 54.17 54.22 54.268 54.255 54.273 54.273 54.28 54.28 54.278 54.25 54.27 54.248 54.2 54.103 54.025 53.9 53.735 53.565 53.383 53.195 52.968 52.75 52.495 52.185 51.888 51.623 51.36 51.058 50.773 50.525 50.298 50.043 49.818 49.575 49.305 48.973 48.615 48.215 47.823 47.493 47.183 46.89 46.66 46.468 46.495 46.375 46.34 46.295 46.255 46.203 46.23 46.3 46.305 46.265
53.605 53.643 53.75 53.788 53.865 53.955 54.003 54.06 54.115 54.18 54.22 54.258 54.275 54.303 54.335 54.378 54.378 54.415 54.41 54.44 54.443 54.493 54.508 54.488 54.495 54.51 54.493 54.493 54.475 54.44 54.398 54.323 54.208 54.09 53.933 53.763 53.595 53.393 53.178 52.938 52.655 52.355 52.03 51.72 51.42 51.133 50.823 50.573 50.325 50.073 49.86 49.638 49.338 49 48.613 48.21 47.8 47.455 47.17 46.895 46.678 46.498 46.495 46.338 46.368 46.298 46.308 46.213 46.263 46.323 46.268 46.27
53.658 53.74 53.86 53.95 54.038 54.12 54.195 54.293 54.355 54.405 54.465 54.51 54.565 54.563 54.57 54.585 54.598 54.598 54.605 54.608 54.625 54.643 54.655 54.68 54.695 54.693 54.705 54.695 54.69 54.658 54.585 54.515 54.425 54.288 54.135 53.975 53.803 53.595 53.373 53.1 52.8 52.48 52.143 51.813 51.488 51.195 50.88 50.625 50.36 50.125 49.905 49.655 49.368 49.005 48.663 48.22 47.805 47.48 47.19 46.913 46.708 46.535 46.513 46.468 46.428 46.338 46.323 46.238 46.285 46.313 46.293 46.358
53.743 53.813 53.948 54.035 54.213 54.3 54.36 54.44 54.505 54.59 54.613 54.645 54.688 54.693 54.7 54.675 54.69 54.725 54.728 54.725 54.755 54.788 54.8 54.813 54.848 54.848 54.903 54.898 54.883 54.878 54.793 54.733 54.638 54.513 54.358 54.178 53.988 53.748 53.515 53.26 52.923 52.603 52.283 51.918 51.593 51.265 50.973 50.698 50.413 50.165 49.92 49.683 49.385 49.055 48.695 48.273 47.87 47.53 47.225 46.985 46.795 46.65 46.598 46.61 46.458 46.358 46.338 46.265 46.278 46.298 46.305 46.245
53.775 53.91 54.055 54.17 54.26 54.355 54.45 54.518 54.568 54.658 54.698 54.728 54.753 54.793 54.778 54.783 54.785 54.81 54.848 54.868 54.87 54.908 54.913 54.953 54.998 55.025 55.068 55.093 55.11 55.118 55.083 55.01 54.918 54.77 54.588 54.393 54.178 53.925 53.655 53.353 53.02 52.693 52.365 52.038 51.703 51.36 51.058 50.745 50.483 50.203 49.94 49.703 49.415 49.105 48.733 48.35 47.975 47.623 47.298 47.073 46.87 46.768 46.693 46.625 46.453 46.365 46.335 46.303 46.295 46.338 46.348 46.21
53.805 53.915 54.075 54.178 54.26 54.37 54.44 54.505 54.573 54.618 54.713 54.77 54.795 54.85 54.855 54.855 54.89 54.908 54.928 54.975 55.003 55.063 55.053 55.08 55.128 55.208 55.265 55.333 55.385 55.388 55.345 55.275 55.135 54.978 54.805 54.543 54.325 54.048 53.758 53.45 53.128 52.78 52.463 52.14 51.79 51.445 51.125 50.813 50.525 50.235 50.008 49.748 49.48 49.158 48.83 48.455 48.065 47.7 47.413 47.203 47 46.865 46.753 46.663 46.523 46.388 46.33 46.3 46.28 46.315 46.363 46.265
53.84 53.955 54.07 54.17 54.238 54.318 54.41 54.483 54.558 54.638 54.7 54.793 54.86 54.895 54.903 54.995 55.015 55 55.07 55.103 55.123 55.165 55.205 55.258 55.31 55.373 55.453 55.54 55.613 55.63 55.598 55.533 55.373 55.183 54.968 54.723 54.45 54.148 53.84 53.545 53.203 52.885 52.57 52.19 51.878 51.525 51.18 50.87 50.583 50.293 50.015 49.768 49.503 49.195 48.893 48.585 48.193 47.838 47.545 47.315 47.118 46.955 46.815 46.685 46.555 46.458 46.328 46.33 46.335 46.343 46.325 46.29
53.87 53.965 54.065 54.143 54.233 54.3 54.39 54.49 54.565 54.678 54.77 54.853 54.943 54.963 55.008 55.083 55.14 55.155 55.18 55.228 55.268 55.315 55.333 55.395 55.483 55.513 55.6 55.725 55.785 55.84 55.8 55.705 55.545 55.338 55.098 54.833 54.545 54.26 53.953 53.628 53.263 52.97 52.63 52.288 51.915 51.573 51.218 50.92 50.608 50.298 50.045 49.808 49.585 49.288 48.99 48.645 48.305 47.955 47.63 47.41 47.215 47.013 46.863 46.678 46.583 46.468 46.363 46.405 46.403 46.378 46.355 46.345
53.885 53.973 54.098 54.175 54.238 54.3 54.393 54.523 54.6 54.728 54.845 54.95 55.053 55.068 55.11 55.173 55.225 55.248 55.303 55.36 55.4 55.423 55.445 55.52 55.57 55.653 55.738 55.863 55.928 55.96 55.92 55.758 55.595 55.375 55.13 54.885 54.608 54.283 53.993 53.653 53.32 52.968 52.675 52.318 51.96 51.633 51.29 50.953 50.625 50.345 50.1 49.855 49.633 49.38 49.08 48.76 48.435 48.075 47.765 47.503 47.265 47.048 46.873 46.698 46.608 46.528 46.49 46.483 46.47 46.435 46.428 46.39
53.888 54.023 54.14 54.183 54.275 54.348 54.475 54.583 54.708 54.823 54.953 55.04 55.113 55.178 55.183 55.255 55.318 55.35 55.4 55.448 55.485 55.51 55.573 55.613 55.68 55.773 55.865 55.928 56 55.975 55.895 55.77 55.568 55.345 55.108 54.868 54.57 54.31 53.975 53.695 53.345 52.978 52.668 52.293 51.958 51.615 51.275 50.965 50.653 50.358 50.12 49.895 49.695 49.473 49.203 48.9 48.55 48.193 47.828 47.545 47.313 47.07 46.888 46.73 46.618 46.558 46.488 46.455 46.545 46.465 46.44 46.395
53.848 54.008 54.123 54.245 54.323 54.448 54.565 54.67 54.793 54.915 55.04 55.108 55.175 55.233 55.28 55.32 55.35 55.415 55.468 55.52 55.555 55.588 55.653 55.708 55.748 55.793 55.855 55.918 55.948 55.875 55.8 55.653 55.48 55.23 55.02 54.77 54.53 54.293 53.983 53.693 53.373 52.978 52.645 52.305 51.94 51.608 51.268 50.938 50.635 50.365 50.095 49.905 49.718 49.498 49.298 48.97 48.673 48.32 47.938 47.61 47.358 47.103 46.893 46.745 46.563 46.483 46.483 46.485 46.503 46.488 46.478 46.483
53.863 53.988 54.128 54.253 54.395 54.528 54.653 54.77 54.913 55.013 55.118 55.178 55.238 55.313 55.358 55.378 55.433 55.48 55.538 55.588 55.608 55.64 55.7 55.738 55.775 55.79 55.838 55.863 55.843 55.768 55.643 55.54 55.35 55.115 54.915 54.703 54.46 54.203 53.948 53.62 53.32 52.963 52.64 52.27 51.935 51.595 51.238 50.908 50.618 50.36 50.118 49.908 49.73 49.54 49.31 49.068 48.77 48.415 48.038 47.673 47.405 47.123 46.905 46.753 46.573 46.52 46.48 46.5 46.473 46.443 46.483 46.543
53.858 53.983 54.12 54.303 54.408 54.58 54.74 54.868 54.953 55.12 55.205 55.255 55.275 55.333 55.39 55.418 55.47 55.525 55.568 55.593 55.64 55.693 55.72 55.738 55.755 55.773 55.783 55.775 55.703 55.64 55.54 55.38 55.195 55.028 54.845 54.638 54.37 54.123 53.865 53.563 53.253 52.91 52.588 52.273 51.94 51.585 51.255 50.928 50.61 50.32 50.118 49.9 49.725 49.543 49.338 49.138 48.833 48.473 48.133 47.748 47.453 47.198 46.943 46.8 46.605 46.55 46.528 46.525 46.523 46.49 46.485 46.633
53.873 53.993 54.135 54.29 54.48 54.603 54.755 54.91 55.063 55.16 55.253 55.31 55.328 55.365 55.393 55.428 55.48 55.53 55.588 55.593 55.638 55.688 55.7 55.713 55.708 55.713 55.668 55.633 55.565 55.488 55.37 55.223 55.073 54.925 54.735 54.505 54.285 54.033 53.753 53.443 53.16 52.843 52.515 52.22 51.878 51.558 51.265 50.915 50.593 50.325 50.095 49.865 49.67 49.52 49.36 49.178 48.863 48.55 48.203 47.84 47.493 47.24 47.015 46.845 46.673 46.585 46.528 46.53 46.605 46.57 46.568 46.638
53.845 53.975 54.133 54.31 54.455 54.615 54.785 54.96 55.088 55.208 55.28 55.345 55.38 55.408 55.44 55.453 55.468 55.513 55.55 55.568 55.598 55.633 55.65 55.638 55.613 55.595 55.535 55.473 55.415 55.33 55.238 55.108 54.935 54.745 54.603 54.378 54.155 53.913 53.645 53.355 53.068 52.748 52.433 52.14 51.843 51.518 51.215 50.92 50.575 50.343 50.083 49.82 49.643 49.505 49.365 49.153 48.88 48.588 48.245 47.903 47.573 47.293 47.063 46.918 46.785 46.655 46.605 46.633 46.653 46.55 46.563 46.62
53.843 54.003 54.135 54.29 54.458 54.628 54.82 54.958 55.09 55.245 55.28 55.313 55.355 55.388 55.418 55.47 55.47 55.485 55.495 55.51 55.518 55.545 55.53 55.53 55.483 55.453 55.373 55.295 55.258 55.188 55.05 54.943 54.785 54.633 54.428 54.245 54.03 53.805 53.553 53.25 52.955 52.665 52.333 52.058 51.775 51.478 51.18 50.875 50.595 50.33 50.048 49.818 49.605 49.478 49.328 49.135 48.875 48.623 48.285 47.968 47.638 47.383 47.145 46.97 46.835 46.713 46.685 46.675 46.645 46.558 46.553 46.638
53.833 53.945 54.085 54.243 54.4 54.588 54.763 54.943 55.063 55.18 55.245 55.288 55.34 55.358 55.388 55.408 55.425 55.463 55.44 55.443 55.395 55.38 55.368 55.365 55.325 55.293 55.22 55.14 55.035 55 54.88 54.75 54.608 54.46 54.28 54.098 53.905 53.665 53.423 53.165 52.868 52.59 52.263 51.995 51.708 51.4 51.12 50.843 50.558 50.283 50.043 49.825 49.585 49.445 49.3 49.098 48.89 48.635 48.328 48.005 47.713 47.458 47.248 47.073 46.938 46.84 46.705 46.65 46.628 46.613 46.588 46.668
53.808 53.935 54.043 54.195 54.325 54.483 54.648 54.843 54.998 55.085 55.18 55.253 55.275 55.308 55.293 55.333 55.33 55.35 55.333 55.31 55.265 55.243 55.21 55.165 55.143 55.12 55.048 54.97 54.873 54.773 54.7 54.59 54.425 54.303 54.12 53.963 53.748 53.52 53.278 53.05 52.768 52.515 52.218 51.893 51.628 51.33 51.058 50.773 50.493 50.215 49.983 49.735 49.588 49.42 49.283 49.073 48.895 48.675 48.38 48.065 47.765 47.535 47.323 47.185 47.048 46.895 46.763 46.723 46.72 46.675 46.64 46.638
53.773 53.893 54 54.13 54.268 54.365 54.525 54.708 54.868 54.97 55.06 55.13 55.178 55.21 55.198 55.25 55.238 55.238 55.205 55.193 55.143 55.088 55 54.97 54.965 54.89 54.86 54.785 54.693 54.615 54.468 54.388 54.245 54.075 53.963 53.798 53.59 53.363 53.123 52.9 52.675 52.408 52.105 51.815 51.535 51.26 50.985 50.728 50.46 50.175 49.94 49.735 49.578 49.39 49.24 49.068 48.903 48.69 48.418 48.105 47.825 47.59 47.393 47.288 47.15 47 46.843 46.83 46.843 46.735 46.66 46.703
53.758 53.855 53.968 54.03 54.165 54.27 54.395 54.545 54.678 54.783 54.905 54.975 55.03 55.06 55.11 55.115 55.093 55.098 55.07 55.02 54.998 54.955 54.855 54.768 54.763 54.71 54.65 54.588 54.478 54.375 54.28 54.195 54.04 53.92 53.753 53.578 53.395 53.198 52.983 52.758 52.53 52.283 52.008 51.733 51.463 51.203 50.938 50.658 50.388 50.148 49.918 49.723 49.563 49.358 49.198 49.035 48.875 48.695 48.48 48.203 47.903 47.668 47.498 47.343 47.23 47.075 46.97 46.9 46.865 46.795 46.705 46.793
53.745 53.81 53.883 53.99 54.065 54.178 54.268 54.378 54.475 54.615 54.7 54.778 54.845 54.91 54.93 54.943 54.933 54.94 54.91 54.875 54.825 54.773 54.668 54.593 54.548 54.515 54.44 54.37 54.248 54.123 54.035 53.968 53.833 53.73 53.568 53.398 53.225 53.035 52.843 52.625 52.38 52.13 51.873 51.635 51.39 51.113 50.84 50.6 50.335 50.125 49.865 49.71 49.535 49.328 49.163 49.02 48.89 48.743 48.565 48.328 48.015 47.75 47.555 47.44 47.303 47.145 47.043 46.963 46.92 46.838 46.823 46.805
53.69 53.763 53.87 53.948 54.013 54.068 54.153 54.238 54.298 54.41 54.48 54.575 54.615 54.678 54.74 54.745 54.755 54.755 54.75 54.693 54.645 54.575 54.513 54.443 54.383 54.32 54.24 54.138 54.01 53.918 53.8 53.75 53.618 53.515 53.355 53.198 53.053 52.888 52.7 52.483 52.265 52.028 51.79 51.52 51.293 51.035 50.795 50.548 50.3 50.063 49.87 49.705 49.5 49.288 49.138 49.01 48.915 48.768 48.618 48.41 48.135 47.86 47.658 47.493 47.37 47.203 47.05 47.015 46.853 46.915 46.923 46.883
53.558 53.66 53.755 53.853 53.93 53.985 54.06 54.09 54.15 54.213 54.268 54.335 54.38 54.443 54.488 54.518 54.538 54.548 54.538 54.518 54.455 54.395 54.328 54.248 54.2 54.115 54.028 53.913 53.855 53.733 53.633 53.548 53.43 53.293 53.178 53.03 52.88 52.703 52.513 52.338 52.123 51.913 51.678 51.42 51.168 50.948 50.72 50.5 50.245 50.033 49.868 49.685 49.453 49.288 49.145 48.975 48.87 48.775 48.645 48.473 48.24 47.983 47.725 47.558 47.443 47.3 47.168 47.1 47.033 47.118 47.078 46.993
53.415 53.535 53.63 53.728 53.848 53.915 53.968 53.995 54.003 54.045 54.07 54.128 54.168 54.228 54.253 54.268 54.3 54.3 54.318 54.308 54.258 54.205 54.138 54.065 53.985 53.89 53.823 53.74 53.64 53.543 53.45 53.35 53.263 53.15 52.993 52.858 52.685 52.563 52.383 52.178 51.96 51.775 51.523 51.315 51.075 50.853 50.65 50.425 50.18 49.995 49.845 49.668 49.498 49.3 49.133 49 48.893 48.785 48.683 48.545 48.365 48.113 47.863 47.663 47.495 47.37 47.265 47.195 47.185 47.208 47.195 47.113
53.223 53.383 53.493 53.585 53.7 53.808 53.87 53.89 53.895 53.895 53.888 53.92 53.938 53.973 54.013 54.05 54.06 54.053 54.07 54.075 54.055 54.015 53.94 53.873 53.788 53.678 53.6 53.513 53.435 53.363 53.258 53.173 53.068 52.953 52.82 52.683 52.515 52.383 52.195 52.005 51.815 51.615 51.415 51.183 50.988 50.773 50.575 50.383 50.143 49.975 49.848 49.635 49.455 49.295 49.145 49.018 48.908 48.81 48.725 48.595 48.445 48.235 47.985 47.763 47.588 47.445 47.363 47.275 47.265 47.263 47.27 47.118
53.07 53.19 53.303 53.443 53.543 53.633 53.708 53.745 53.768 53.783 53.788 53.765 53.768 53.78 53.808 53.805 53.818 53.833 53.84 53.853 53.838 53.79 53.735 53.695 53.568 53.485 53.403 53.3 53.23 53.158 53.07 52.99 52.88 52.77 52.638 52.538 52.375 52.225 52.058 51.865 51.668 51.495 51.28 51.07 50.885 50.715 50.505 50.298 50.11 49.983 49.81 49.62 49.448 49.305 49.17 49.028 48.935 48.823 48.745 48.618 48.525 48.355 48.135 47.87 47.68 47.538 47.403 47.333 47.325 47.293 47.25 47.2
52.955 53.055 53.125 53.25 53.375 53.485 53.563 53.613 53.63 53.63 53.658 53.635 53.623 53.605 53.625 53.623 53.625 53.635 53.645 53.658 53.64 53.613 53.578 53.498 53.41 53.295 53.198 53.105 53.015 52.948 52.865 52.783 52.69 52.6 52.493 52.335 52.228 52.075 51.943 51.75 51.57 51.348 51.16 50.97 50.803 50.635 50.438 50.22 50.088 49.968 49.778 49.585 49.44 49.303 49.17 49.058 48.95 48.84 48.765 48.633 48.56 48.428 48.228 48.008 47.8 47.625 47.495 47.43 47.388 47.265 47.27 47.283
52.743 52.913 52.998 53.053 53.163 53.265 53.383 53.433 53.463 53.48 53.5 53.515 53.498 53.458 53.455 53.453 53.455 53.44 53.463 53.498 53.463 53.463 53.435 53.385 53.258 53.128 53.003 52.923 52.858 52.775 52.658 52.575 52.5 52.415 52.315 52.193 52.078 51.923 51.8 51.663 51.455 51.27 51.093 50.91 50.7 50.55 50.363 50.153 50.07 49.928 49.743 49.583 49.448 49.318 49.185 49.07 48.965 48.86 48.79 48.683 48.6 48.473 48.328 48.14 47.928 47.755 47.638 47.52 47.45 47.31 47.32 47.353
