LIDAR/se2587_DTM_2M.asc
ncols 500
nrows 500
xllcorner    425000
yllcorner    487000
cellsize     2
NODATA_value -9999
[rows 288 to 319 of 500, columns 72 to 143 of 500]
-9999 -9999 -9999 -9999 -9999 -9999 -9999 -9999 -9999 -9999 -9999 -9999 -9999 -9999 -9999 -9999 -9999 -9999 -9999 -9999 59.923 59.783 59.701 59.588 59.513 59.401 59.283 59.226 59.136 59.023 58.941 58.836 58.778 58.723 58.558 58.516 58.413 58.328 58.258 58.221 58.151 58.091 58.041 57.913 57.858 57.778 57.738 57.668 57.601 57.536 57.471 57.408 57.331 57.286 57.233 57.176 57.103 57.083 57.036 56.968 56.973 56.913 56.933 56.958 56.966 57.051 57.161 57.223 57.356 57.423 57.543 57.641
-9999 -9999 -9999 -9999 -9999 -9999 -9999 -9999 -9999 -9999 -9999 -9999 -9999 -9999 -9999 -9999 -9999 -9999 -9999 -9999 59.867 59.793 59.753 59.641 59.551 59.391 59.348 59.268 59.221 59.111 58.966 58.883 58.853 58.758 58.638 58.551 58.456 58.363 58.298 58.248 58.191 58.098 57.998 57.883 57.851 57.768 57.718 57.646 57.596 57.513 57.448 57.408 57.323 57.278 57.206 57.128 57.091 57.086 57.011 56.953 56.916 56.858 56.863 56.861 56.871 56.931 57.018 57.096 57.231 57.293 57.426 57.533
-9999 -9999 -9999 -9999 -9999 -9999 -9999 -9999 -9999 -9999 -9999 -9999 -9999 -9999 -9999 -9999 -9999 -9999 -9999 -9999 -9999 59.858 59.808 59.676 59.523 59.466 59.393 59.303 59.226 59.143 59.033 58.988 58.886 58.783 58.678 58.581 58.496 58.413 58.353 58.268 58.166 58.096 57.968 57.908 57.838 57.778 57.696 57.628 57.568 57.496 57.443 57.398 57.331 57.258 57.226 57.138 57.116 57.053 56.986 56.926 56.863 56.803 56.793 56.828 56.836 56.876 56.926 56.996 57.101 57.213 57.306 57.406
-9999 -9999 -9999 -9999 -9999 -9999 -9999 -9999 -9999 -9999 -9999 -9999 -9999 -9999 -9999 -9999 -9999 -9999 -9999 -9999 -9999 -9999 59.828 59.696 59.561 59.518 59.483 59.356 59.256 59.186 59.088 59.036 58.908 58.866 58.743 58.653 58.558 58.468 58.363 58.258 58.183 58.066 57.983 57.908 57.813 57.771 57.721 57.621 57.556 57.481 57.436 57.396 57.331 57.266 57.236 57.176 57.113 57.058 56.961 56.886 56.826 56.778 56.753 56.773 56.773 56.813 56.823 56.871 56.986 57.086 57.143 57.203
-9999 -9999 -9999 -9999 -9999 -9999 -9999 -9999 -9999 -9999 -9999 -9999 -9999 -9999 -9999 -9999 -9999 -9999 -9999 -9999 -9999 -9999 59.801 59.701 59.606 59.551 59.501 59.431 59.326 59.216 59.138 59.078 58.988 58.851 58.801 58.693 58.578 58.481 58.361 58.243 58.176 58.051 58.008 57.896 57.821 57.746 57.688 57.636 57.566 57.481 57.423 57.368 57.351 57.303 57.248 57.176 57.086 57.021 56.928 56.888 56.831 56.763 56.723 56.713 56.673 56.723 56.748 56.801 56.876 56.951 57.016 57.056
-9999 -9999 -9999 -9999 -9999 -9999 -9999 -9999 -9999 -9999 -9999 -9999 -9999 -9999 -9999 -9999 -9999 -9999 -9999 -9999 -9999 -9999 -9999 59.731 59.688 59.626 59.538 59.466 59.353 59.266 59.181 59.113 59.041 58.951 58.853 58.736 58.623 58.486 58.348 58.308 58.198 58.061 57.986 57.898 57.801 57.738 57.706 57.633 57.588 57.496 57.436 57.388 57.356 57.278 57.191 57.121 57.056 56.976 56.928 56.881 56.806 56.728 56.701 56.651 56.633 56.651 56.691 56.731 56.768 56.813 56.873 56.948
-9999 -9999 -9999 -9999 -9999 -9999 -9999 -9999 -9999 -9999 -9999 -9999 -9999 -9999 -9999 -9999 -9999 -9999 -9999 -9999 -9999 -9999 -9999 -9999 59.721 59.651 59.548 59.473 59.401 59.298 59.236 59.143 59.078 58.978 58.906 58.738 58.613 58.491 58.373 58.318 58.193 58.078 58.003 57.943 57.876 57.811 57.748 57.676 57.621 57.526 57.488 57.416 57.316 57.253 57.193 57.096 57.061 56.976 56.943 56.881 56.761 56.673 56.648 56.633 56.626 56.621 56.598 56.618 56.663 56.701 56.736 56.776
-9999 -9999 -9999 -9999 -9999 -9999 -9999 -9999 -9999 -9999 -9999 -9999 -9999 -9999 -9999 -9999 -9999 -9999 -9999 -9999 -9999 -9999 -9999 -9999 59.741 59.643 59.616 59.516 59.441 59.361 59.261 59.188 59.096 59.023 58.891 58.751 58.648 58.533 58.423 58.291 58.196 58.128 58.061 57.988 57.908 57.848 57.748 57.703 57.673 57.588 57.516 57.396 57.336 57.246 57.173 57.101 57.026 56.988 56.913 56.863 56.773 56.708 56.633 56.596 56.576 56.528 56.521 56.518 56.541 56.566 56.606 56.673
-9999 -9999 -9999 -9999 -9999 -9999 -9999 -9999 -9999 -9999 -9999 -9999 -9999 -9999 -9999 -9999 -9999 -9999 -9999 -9999 -9999 -9999 -9999 -9999 -9999 59.661 59.621 59.548 59.453 59.391 59.298 59.213 59.151 59.056 58.918 58.791 58.693 58.563 58.473 58.331 58.248 58.148 58.063 57.988 57.898 57.838 57.798 57.738 57.673 57.571 57.516 57.413 57.341 57.243 57.181 57.091 56.978 56.966 56.893 56.826 56.778 56.728 56.663 56.556 56.528 56.486 56.446 56.453 56.456 56.508 56.556 56.581
-9999 -9999 -9999 -9999 -9999 -9999 -9999 -9999 -9999 -9999 -9999 -9999 -9999 -9999 -9999 -9999 -9999 -9999 -9999 -9999 -9999 -9999 -9999 -9999 -9999 -9999 59.633 59.591 59.476 59.398 59.318 59.241 59.146 59.056 58.951 58.798 58.708 58.606 58.478 58.388 58.281 58.201 58.093 58.031 57.926 57.858 57.833 57.753 57.676 57.588 57.463 57.408 57.298 57.253 57.166 57.096 57.023 56.986 56.916 56.881 56.783 56.728 56.681 56.588 56.521 56.468 56.426 56.383 56.411 56.438 56.491 56.473
-9999 -9999 -9999 -9999 -9999 -9999 -9999 -9999 -9999 -9999 -9999 -9999 -9999 -9999 -9999 -9999 -9999 -9999 -9999 -9999 -9999 -9999 -9999 -9999 -9999 -9999 -9999 59.613 59.498 59.418 59.316 59.208 59.138 59.036 58.941 58.823 58.728 58.651 58.511 58.423 58.328 58.238 58.121 58.051 57.963 57.888 57.831 57.756 57.656 57.551 57.426 57.381 57.281 57.223 57.156 57.106 57.026 56.968 56.918 56.878 56.796 56.726 56.671 56.603 56.526 56.441 56.411 56.393 56.378 56.376 56.373 56.406
-9999 -9999 -9999 -9999 -9999 -9999 -9999 -9999 -9999 -9999 -9999 -9999 -9999 -9999 -9999 -9999 -9999 -9999 -9999 -9999 -9999 -9999 -9999 -9999 -9999 -9999 -9999 59.581 59.486 59.406 59.326 59.233 59.111 59.018 58.958 58.843 58.766 58.678 58.581 58.468 58.381 58.246 58.151 58.043 57.958 57.886 57.826 57.716 57.621 57.558 57.458 57.391 57.323 57.211 57.166 57.096 57.013 56.981 56.926 56.866 56.793 56.691 56.646 56.588 56.576 56.478 56.438 56.383 56.333 56.328 56.308 56.313
-9999 -9999 -9999 -9999 -9999 -9999 -9999 -9999 -9999 -9999 -9999 -9999 -9999 -9999 -9999 -9999 -9999 -9999 -9999 -9999 -9999 -9999 -9999 -9999 -9999 -9999 -9999 -9999 59.494 59.393 59.296 59.248 59.123 59.051 59.018 58.913 58.771 58.721 58.613 58.493 58.378 58.268 58.148 58.028 57.951 57.871 57.798 57.706 57.646 57.533 57.476 57.413 57.331 57.211 57.141 57.101 57.056 56.998 56.941 56.846 56.796 56.723 56.683 56.603 56.561 56.516 56.441 56.371 56.328 56.243 56.203 56.211
-9999 -9999 -9999 -9999 -9999 -9999 -9999 -9999 -9999 -9999 -9999 -9999 -9999 -9999 -9999 -9999 -9999 -9999 -9999 -9999 -9999 -9999 -9999 -9999 -9999 -9999 -9999 -9999 -9999 59.374 59.328 59.231 59.141 59.073 59.031 58.923 58.818 58.728 58.646 58.536 58.426 58.288 58.176 58.043 57.971 57.868 57.816 57.713 57.651 57.531 57.443 57.401 57.308 57.188 57.176 57.113 57.058 57.011 56.926 56.856 56.811 56.748 56.693 56.611 56.571 56.493 56.426 56.331 56.288 56.251 56.201 56.168
-9999 -9999 -9999 -9999 -9999 -9999 -9999 -9999 -9999 -9999 -9999 -9999 -9999 -9999 -9999 -9999 -9999 -9999 -9999 -9999 -9999 -9999 -9999 -9999 -9999 -9999 -9999 -9999 -9999 -9999 59.271 59.213 59.143 59.118 59.056 58.956 58.841 58.763 58.678 58.563 58.441 58.281 58.158 58.018 57.951 57.891 57.801 57.711 57.633 57.551 57.463 57.398 57.293 57.208 57.171 57.103 57.058 56.938 56.928 56.886 56.823 56.771 56.706 56.651 56.576 56.488 56.398 56.326 56.268 56.231 56.188 56.108
-9999 -9999 -9999 -9999 -9999 -9999 -9999 -9999 -9999 -9999 -9999 -9999 -9999 -9999 -9999 -9999 -9999 -9999 -9999 -9999 -9999 -9999 -9999 -9999 -9999 -9999 -9999 -9999 -9999 -9999 -9999 59.211 59.166 59.118 59.048 58.971 58.876 58.791 58.676 58.543 58.426 58.256 58.133 58.031 57.928 57.841 57.763 57.703 57.598 57.506 57.446 57.358 57.276 57.191 57.126 57.086 57.048 56.956 56.926 56.871 56.841 56.788 56.766 56.706 56.588 56.511 56.428 56.331 56.263 56.183 56.111 56.048
-9999 -9999 -9999 -9999 -9999 -9999 -9999 -9999 -9999 -9999 -9999 -9999 -9999 -9999 -9999 -9999 -9999 -9999 -9999 -9999 -9999 -9999 -9999 -9999 -9999 -9999 -9999 -9999 -9999 -9999 -9999 -9999 59.151 59.133 59.036 58.961 58.883 58.778 58.668 58.536 58.403 58.263 58.138 57.996 57.896 57.793 57.718 57.643 57.538 57.466 57.411 57.333 57.281 57.193 57.131 57.066 57.028 56.943 56.876 56.861 56.831 56.781 56.703 56.606 56.578 56.498 56.421 56.318 56.201 56.116 56.073 55.986
-9999 -9999 -9999 -9999 -9999 -9999 -9999 -9999 -9999 -9999 -9999 -9999 -9999 -9999 -9999 -9999 -9999 -9999 -9999 -9999 -9999 -9999 -9999 -9999 -9999 -9999 -9999 -9999 -9999 -9999 -9999 -9999 -9999 59.117 59.026 58.966 58.871 58.776 58.673 58.523 58.408 58.271 58.116 57.976 57.876 57.766 57.651 57.598 57.521 57.456 57.398 57.296 57.236 57.163 57.158 57.071 56.976 56.923 56.888 56.853 56.816 56.733 56.668 56.586 56.553 56.478 56.393 56.288 56.148 56.066 56.013 55.978
-9999 -9999 -9999 -9999 -9999 -9999 -9999 -9999 -9999 -9999 -9999 -9999 -9999 -9999 -9999 -9999 -9999 -9999 -9999 -9999 -9999 -9999 -9999 -9999 -9999 -9999 -9999 -9999 -9999 -9999 -9999 -9999 -9999 -9999 59.007 58.928 58.828 58.751 58.651 58.493 58.383 58.273 58.138 58.008 57.856 57.741 57.636 57.556 57.456 57.386 57.343 57.246 57.206 57.113 57.081 57.016 56.978 56.946 56.916 56.856 56.801 56.718 56.656 56.576 56.488 56.378 56.313 56.173 56.108 56.013 55.951 55.916
-9999 -9999 -9999 -9999 -9999 -9999 -9999 -9999 -9999 -9999 -9999 -9999 -9999 -9999 -9999 -9999 -9999 -9999 -9999 -9999 -9999 -9999 -9999 -9999 -9999 -9999 -9999 -9999 -9999 -9999 -9999 -9999 -9999 -9999 -9999 58.861 58.778 58.716 58.611 58.506 58.386 58.273 58.121 57.996 57.838 57.698 57.586 57.516 57.416 57.318 57.261 57.188 57.126 57.121 57.053 57.013 56.988 56.936 56.868 56.813 56.736 56.696 56.603 56.513 56.416 56.318 56.216 56.138 56.038 56.001 55.946 55.891
-9999 -9999 -9999 -9999 -9999 -9999 -9999 -9999 -9999 -9999 -9999 -9999 -9999 -9999 -9999 -9999 -9999 -9999 -9999 -9999 -9999 -9999 -9999 -9999 -9999 -9999 -9999 -9999 -9999 -9999 -9999 -9999 -9999 -9999 -9999 -9999 58.771 58.713 58.616 58.488 58.386 58.233 58.096 57.953 57.818 57.678 57.553 57.446 57.343 57.278 57.233 57.171 57.118 57.071 57.003 56.953 56.916 56.861 56.816 56.776 56.668 56.641 56.528 56.433 56.368 56.268 56.166 56.093 55.973 55.938 55.888 55.856
-9999 -9999 -9999 -9999 -9999 -9999 -9999 -9999 -9999 -9999 -9999 -9999 -9999 -9999 -9999 -9999 -9999 -9999 -9999 -9999 -9999 -9999 -9999 -9999 -9999 -9999 -9999 -9999 -9999 -9999 -9999 -9999 -9999 -9999 -9999 -9999 -9999 -9999 58.573 58.478 58.391 58.223 58.081 57.936 57.801 57.638 57.491 57.393 57.308 57.273 57.151 57.086 57.051 56.998 56.933 56.936 56.856 56.818 56.758 56.691 56.588 56.533 56.451 56.378 56.281 56.186 56.106 56.031 55.931 55.953 55.848 55.836
-9999 -9999 -9999 -9999 -9999 -9999 -9999 -9999 -9999 -9999 -9999 -9999 -9999 -9999 -9999 -9999 -9999 -9999 -9999 -9999 -9999 -9999 -9999 -9999 -9999 -9999 -9999 -9999 -9999 -9999 -9999 -9999 -9999 -9999 -9999 -9999 -9999 -9999 -9999 58.468 58.338 58.181 58.021 57.863 57.731 57.581 57.443 57.381 57.291 57.223 57.091 57.046 57.011 56.973 56.883 56.866 56.823 56.763 56.691 56.591 56.533 56.448 56.398 56.278 56.188 56.133 56.046 55.961 55.903 55.891 55.843 55.753
-9999 -9999 -9999 -9999 -9999 -9999 -9999 -9999 -9999 -9999 -9999 -9999 -9999 -9999 -9999 -9999 -9999 -9999 -9999 -9999 -9999 -9999 -9999 -9999 -9999 -9999 -9999 -9999 -9999 -9999 -9999 -9999 -9999 -9999 -9999 -9999 -9999 -9999 -9999 -9999 58.308 58.173 58.003 57.871 57.726 57.578 57.448 57.366 57.238 57.158 57.098 57.023 56.961 56.906 56.838 56.798 56.743 56.673 56.628 56.536 56.468 56.383 56.301 56.183 56.121 56.036 55.938 55.903 55.891 55.821 55.771 55.733
-9999 -9999 -9999 -9999 -9999 -9999 -9999 -9999 -9999 -9999 -9999 -9999 -9999 -9999 -9999 -9999 -9999 -9999 -9999 -9999 -9999 -9999 -9999 -9999 -9999 -9999 -9999 -9999 -9999 -9999 -9999 -9999 -9999 -9999 -9999 -9999 -9999 -9999 -9999 -9999 -9999 58.137 57.976 57.863 57.716 57.573 57.461 57.341 57.258 57.123 57.073 56.988 56.923 56.803 56.753 56.721 56.646 56.616 56.526 56.468 56.356 56.313 56.213 56.116 56.058 55.988 55.941 55.873 55.836 55.791 55.788 55.731
-9999 -9999 -9999 -9999 -9999 -9999 -9999 -9999 -9999 -9999 -9999 -9999 -9999 -9999 -9999 -9999 -9999 -9999 -9999 -9999 -9999 -9999 -9999 -9999 -9999 -9999 -9999 -9999 -9999 -9999 -9999 -9999 -9999 -9999 -9999 -9999 -9999 -9999 -9999 -9999 -9999 -9999 57.977 57.838 57.693 57.538 57.406 57.303 57.168 57.103 57.011 56.938 56.871 56.783 56.691 56.638 56.571 56.518 56.443 56.386 56.291 56.208 56.128 56.066 56.001 55.946 55.858 55.823 55.776 55.768 55.766 55.741
-9999 -9999 -9999 -9999 -9999 -9999 -9999 -9999 -9999 -9999 -9999 -9999 -9999 -9999 -9999 -9999 -9999 -9999 -9999 -9999 -9999 -9999 -9999 -9999 -9999 -9999 -9999 -9999 -9999 -9999 -9999 -9999 -9999 -9999 -9999 -9999 -9999 -9999 -9999 -9999 -9999 -9999 -9999 57.811 57.673 57.526 57.373 57.261 57.146 57.076 56.978 56.871 56.781 56.723 56.618 56.566 56.506 56.446 56.381 56.293 56.233 56.118 56.043 55.971 55.916 55.838 55.828 55.801 55.796 55.781 55.741 55.741
-9999 -9999 -9999 -9999 -9999 -9999 -9999 -9999 -9999 -9999 -9999 -9999 -9999 -9999 -9999 -9999 -9999 -9999 -9999 -9999 -9999 -9999 -9999 -9999 -9999 -9999 -9999 -9999 -9999 -9999 -9999 -9999 -9999 -9999 -9999 -9999 -9999 -9999 -9999 -9999 -9999 -9999 -9999 -9999 57.621 57.491 57.376 57.246 57.118 56.998 56.911 56.808 56.711 56.638 56.561 56.481 56.436 56.366 56.301 56.211 56.128 56.078 55.993 55.901 55.908 55.838 55.811 55.811 55.771 55.743 55.716 55.701
-9999 -9999 -9999 -9999 -9999 -9999 -9999 -9999 -9999 -9999 -9999 -9999 -9999 -9999 -9999 -9999 -9999 -9999 -9999 -9999 -9999 -9999 -9999 -9999 -9999 -9999 -9999 -9999 -9999 -9999 -9999 -9999 -9999 -9999 -9999 -9999 -9999 -9999 -9999 -9999 -9999 -9999 -9999 -9999 -9999 57.484 57.353 57.236 57.113 56.946 56.861 56.758 56.653 56.561 56.471 56.393 56.328 56.271 56.198 56.123 56.063 56.008 55.926 55.891 55.888 55.813 55.801 55.763 55.743 55.736 55.718 55.676
-9999 -9999 -9999 -9999 -9999 -9999 -9999 -9999 -9999 -9999 -9999 -9999 -9999 -9999 -9999 -9999 -9999 -9999 -9999 -9999 -9999 -9999 -9999 -9999 -9999 -9999 -9999 -9999 -9999 -9999 -9999 -9999 -9999 -9999 -9999 -9999 -9999 -9999 -9999 -9999 -9999 -9999 -9999 -9999 -9999 -9999 57.364 57.181 57.053 56.898 56.801 56.706 56.573 56.471 56.398 56.321 56.251 56.231 56.203 56.081 55.998 55.951 55.921 55.883 55.833 55.816 55.751 55.728 55.721 55.696 55.716 55.691
-9999 -9999 -9999 -9999 -9999 -9999 -9999 -9999 -9999 -9999 -9999 -9999 -9999 -9999 -9999 -9999 -9999 -9999 -9999 -9999 -9999 -9999 -9999 -9999 -9999 -9999 -9999 -9999 -9999 -9999 -9999 -9999 -9999 -9999 -9999 -9999 -9999 -9999 -9999 -9999 -9999 -9999 -9999 -9999 -9999 -9999 -9999 57.164 57.006 56.893 56.778 56.641 56.476 56.406 56.356 56.311 56.248 56.178 56.111 56.021 55.941 55.918 55.858 55.851 55.808 55.796 55.736 55.736 55.703 55.673 55.666 55.648
-9999 -9999 -9999 -9999 -9999 -9999 -9999 -9999 -9999 -9999 -9999 -9999 -9999 -9999 -9999 -9999 -9999 -9999 -9999 -9999 -9999 -9999 -9999 -9999 -9999 -9999 -9999 -9999 -9999 -9999 -9999 -9999 -9999 -9999 -9999 -9999 -9999 -9999 -9999 -9999 -9999 -9999 -9999 -9999 -9999 -9999 -9999 -9999 56.981 56.866 56.738 56.596 56.501 56.401 56.323 56.298 56.223 56.118 56.068 55.991 55.961 55.911 55.851 55.833 55.816 55.773 55.708 55.718 55.713 55.671 55.621 55.613
