LIDAR/se2586_DTM_2M.asc
ncols 500
nrows 500
xllcorner    425000
yllcorner    486000
cellsize     2
NODATA_value -9999
[rows 170 to 203 of 500, columns 375 to 449 of 500]
49.376 49.331 49.251 49.216 49.176 49.126 49.073 49.023 48.996 48.966 48.933 48.898 48.798 48.793 48.726 48.701 48.681 48.653 48.578 48.558 48.558 48.516 48.501 48.441 48.438 48.418 48.393 48.363 48.343 48.298 48.313 48.256 48.208 48.206 48.186 48.156 48.113 48.116 48.096 48.066 48.083 48.046 48.011 48.011 47.973 47.978 47.938 47.943 47.928 47.906 47.936 47.913 47.863 47.871 47.856 47.846 47.833 47.843 47.838 47.813 47.791 47.758 47.708 47.686 47.636 47.606 47.568 47.511 47.466 47.461 47.403 47.353 47.281 47.276 47.191
49.341 49.291 49.251 49.213 49.161 49.103 49.066 49.013 49.003 48.948 48.913 48.871 48.783 48.778 48.746 48.701 48.638 48.626 48.581 48.561 48.536 48.486 48.481 48.421 48.418 48.381 48.366 48.358 48.336 48.316 48.301 48.276 48.226 48.193 48.203 48.156 48.086 48.098 48.088 48.036 48.051 48.041 48.031 48.001 48.033 48.006 47.958 47.948 47.923 47.913 47.928 47.941 47.921 47.901 47.886 47.878 47.886 47.831 47.851 47.838 47.796 47.793 47.773 47.711 47.668 47.638 47.583 47.551 47.483 47.473 47.416 47.383 47.358 47.268 47.196
49.338 49.283 49.243 49.178 49.091 49.088 49.071 48.988 48.976 48.933 48.881 48.838 48.798 48.718 48.721 48.683 48.631 48.646 48.598 48.536 48.518 48.473 48.471 48.453 48.396 48.368 48.376 48.371 48.341 48.308 48.271 48.271 48.246 48.218 48.181 48.131 48.121 48.113 48.123 48.066 48.036 48.026 48.018 47.986 48.026 47.993 47.971 47.966 47.921 47.928 47.936 47.918 47.908 47.901 47.898 47.901 47.903 47.883 47.871 47.846 47.841 47.788 47.773 47.703 47.703 47.658 47.603 47.508 47.491 47.491 47.431 47.358 47.326 47.273 47.216
49.338 49.256 49.206 49.168 49.101 49.076 49.053 48.986 48.936 48.901 48.861 48.813 48.793 48.743 48.733 48.673 48.598 48.633 48.591 48.586 48.541 48.506 48.461 48.433 48.396 48.388 48.383 48.351 48.341 48.303 48.261 48.278 48.221 48.203 48.183 48.153 48.138 48.108 48.101 48.086 48.073 48.008 48.003 48.003 47.976 47.963 47.956 47.983 47.948 47.956 47.948 47.926 47.941 47.903 47.898 47.913 47.908 47.908 47.911 47.868 47.841 47.833 47.786 47.741 47.708 47.681 47.648 47.576 47.506 47.483 47.391 47.373 47.321 47.278 47.213
49.308 49.283 49.223 49.198 49.128 49.061 49.018 48.966 48.948 48.901 48.858 48.828 48.753 48.731 48.723 48.676 48.618 48.596 48.566 48.568 48.551 48.491 48.441 48.428 48.398 48.393 48.383 48.386 48.331 48.323 48.281 48.273 48.216 48.193 48.178 48.151 48.158 48.113 48.066 48.061 48.086 48.053 48.031 47.993 47.963 47.938 47.968 47.968 47.956 47.961 47.961 47.951 47.976 47.938 47.951 47.926 47.933 47.923 47.931 47.901 47.841 47.831 47.826 47.766 47.731 47.678 47.658 47.603 47.543 47.483 47.401 47.341 47.301 47.261 47.226
49.318 49.258 49.186 49.171 49.106 49.041 49.013 48.953 48.916 48.886 48.833 48.801 48.771 48.731 48.703 48.681 48.616 48.583 48.558 48.508 48.521 48.471 48.446 48.448 48.398 48.381 48.361 48.351 48.308 48.306 48.293 48.273 48.213 48.163 48.176 48.146 48.116 48.108 48.103 48.066 48.051 48.058 48.033 48.013 47.983 48.003 47.971 47.981 47.976 47.958 47.976 47.971 47.983 47.961 47.996 47.948 47.933 47.933 47.938 47.901 47.856 47.831 47.818 47.826 47.741 47.713 47.676 47.601 47.531 47.471 47.428 47.381 47.336 47.286 47.233
49.271 49.253 49.183 49.103 49.093 49.016 48.996 48.966 48.913 48.878 48.823 48.808 48.748 48.718 48.676 48.651 48.593 48.583 48.566 48.538 48.496 48.481 48.446 48.438 48.411 48.383 48.361 48.328 48.296 48.308 48.301 48.228 48.193 48.153 48.153 48.141 48.103 48.096 48.103 48.043 48.048 48.071 48.033 47.943 47.971 47.978 47.981 47.981 47.973 47.986 47.991 47.978 47.981 47.958 47.988 47.956 47.951 47.988 47.946 47.933 47.921 47.896 47.823 47.823 47.768 47.728 47.668 47.598 47.546 47.491 47.411 47.371 47.316 47.276 47.196
49.263 49.211 49.176 49.083 49.061 49.003 48.973 48.946 48.906 48.888 48.828 48.836 48.793 48.718 48.686 48.653 48.616 48.601 48.563 48.526 48.503 48.476 48.458 48.458 48.398 48.358 48.348 48.318 48.311 48.288 48.273 48.238 48.208 48.178 48.176 48.161 48.116 48.106 48.073 48.053 48.031 48.018 48.028 47.983 47.973 47.968 47.956 47.966 47.976 47.956 47.968 47.996 48.003 47.998 47.978 47.988 48.008 48.008 47.986 47.963 47.956 47.903 47.876 47.863 47.783 47.733 47.678 47.601 47.568 47.491 47.426 47.353 47.318 47.258 47.183
49.213 49.176 49.148 49.108 49.043 48.998 48.958 48.903 48.863 48.818 48.766 48.791 48.746 48.733 48.686 48.691 48.601 48.558 48.548 48.523 48.481 48.463 48.441 48.418 48.413 48.371 48.328 48.316 48.291 48.273 48.243 48.206 48.198 48.183 48.148 48.141 48.118 48.133 48.098 48.053 48.043 48.001 48.006 48.003 48.011 47.968 48.001 47.971 48.001 47.981 47.961 47.981 48.023 48.006 47.983 48.021 48.011 47.998 48.011 47.988 47.963 47.938 47.898 47.861 47.813 47.753 47.708 47.636 47.581 47.533 47.453 47.371 47.301 47.243 47.193
49.166 49.136 49.103 49.051 49.023 49.003 48.996 48.928 48.891 48.823 48.783 48.771 48.756 48.691 48.661 48.653 48.628 48.588 48.543 48.526 48.493 48.481 48.458 48.421 48.391 48.351 48.331 48.308 48.278 48.278 48.223 48.191 48.176 48.173 48.161 48.131 48.133 48.111 48.083 48.051 48.053 48.008 48.001 47.996 47.981 47.968 47.953 47.943 47.971 47.983 47.976 47.983 47.996 48.001 48.001 48.016 48.016 48.038 48.023 47.981 47.978 47.968 47.918 47.881 47.833 47.801 47.733 47.651 47.593 47.521 47.436 47.368 47.291 47.236 47.146
49.121 49.081 49.073 49.023 48.983 48.978 48.941 48.888 48.908 48.826 48.801 48.758 48.713 48.673 48.636 48.623 48.613 48.588 48.556 48.541 48.506 48.458 48.441 48.396 48.398 48.353 48.331 48.288 48.276 48.248 48.216 48.198 48.176 48.173 48.141 48.103 48.096 48.098 48.088 48.046 48.038 47.991 48.003 48.003 47.988 47.983 47.968 47.966 47.958 47.976 47.988 48.021 48.016 48.016 48.028 48.011 48.031 48.016 48.008 47.983 48.003 47.993 47.966 47.911 47.833 47.823 47.748 47.678 47.633 47.538 47.458 47.376 47.301 47.241 47.156
49.101 49.043 49.016 49.026 48.956 48.943 48.898 48.861 48.838 48.816 48.776 48.773 48.718 48.683 48.636 48.608 48.608 48.588 48.516 48.473 48.466 48.423 48.411 48.403 48.368 48.346 48.306 48.293 48.261 48.221 48.226 48.208 48.136 48.163 48.123 48.103 48.103 48.078 48.043 48.026 48.001 47.993 47.993 47.961 47.958 47.988 47.996 47.973 47.963 47.973 47.976 47.988 48.016 48.031 48.018 48.011 48.006 48.041 48.021 47.998 48.001 47.976 47.953 47.906 47.848 47.826 47.778 47.678 47.611 47.551 47.463 47.406 47.323 47.248 47.171
49.088 49.021 49.006 48.968 48.906 48.918 48.876 48.818 48.806 48.796 48.748 48.738 48.678 48.671 48.638 48.626 48.598 48.571 48.521 48.463 48.443 48.418 48.403 48.398 48.373 48.361 48.333 48.336 48.296 48.238 48.231 48.198 48.151 48.116 48.113 48.093 48.093 48.056 48.026 48.013 47.991 47.993 47.971 47.946 47.973 47.963 47.953 47.941 47.976 47.968 47.971 48.006 48.011 48.023 48.028 48.046 48.011 48.046 48.028 47.996 47.993 47.988 47.963 47.911 47.863 47.836 47.766 47.706 47.636 47.546 47.476 47.381 47.313 47.251 47.166
49.048 49.003 48.978 48.938 48.906 48.883 48.863 48.821 48.788 48.766 48.723 48.713 48.681 48.643 48.601 48.566 48.548 48.571 48.528 48.498 48.483 48.403 48.383 48.366 48.351 48.326 48.318 48.293 48.271 48.226 48.221 48.211 48.193 48.133 48.116 48.076 48.023 48.021 48.006 47.993 48.008 47.983 47.988 47.946 47.936 47.941 47.908 47.911 47.948 47.961 47.941 47.938 47.986 48.023 48.008 48.028 48.028 47.988 48.003 48.001 47.976 48.001 47.983 47.931 47.863 47.798 47.766 47.683 47.621 47.543 47.466 47.403 47.313 47.238 47.183
49.011 48.966 48.966 48.931 48.878 48.858 48.838 48.823 48.758 48.723 48.726 48.698 48.641 48.628 48.588 48.563 48.541 48.498 48.491 48.471 48.483 48.413 48.381 48.346 48.326 48.311 48.276 48.236 48.241 48.221 48.193 48.198 48.168 48.136 48.106 48.058 48.013 48.016 48.011 47.978 48.001 47.986 47.998 47.993 47.946 47.953 47.951 47.936 47.941 47.966 47.956 47.958 47.988 48.018 48.018 48.043 48.028 48.018 48.016 48.016 47.993 47.978 47.966 47.941 47.876 47.811 47.763 47.696 47.621 47.541 47.463 47.396 47.303 47.241 47.178
48.996 48.966 48.911 48.903 48.901 48.863 48.813 48.778 48.721 48.713 48.708 48.668 48.606 48.616 48.578 48.553 48.501 48.523 48.466 48.476 48.426 48.366 48.371 48.386 48.343 48.306 48.283 48.261 48.226 48.198 48.176 48.168 48.141 48.138 48.098 48.101 48.061 48.023 48.006 47.973 47.966 47.966 47.958 47.968 47.946 47.958 47.986 47.941 47.931 47.938 47.946 47.956 47.968 47.996 48.018 48.013 48.016 48.001 48.008 48.036 48.031 48.008 47.968 47.931 47.843 47.821 47.771 47.693 47.621 47.538 47.433 47.361 47.298 47.218 47.183
48.958 48.938 48.911 48.873 48.841 48.816 48.818 48.726 48.686 48.703 48.648 48.623 48.603 48.588 48.548 48.528 48.478 48.458 48.436 48.441 48.411 48.351 48.346 48.373 48.336 48.293 48.251 48.256 48.243 48.213 48.191 48.136 48.103 48.083 48.086 48.086 48.056 48.008 48.028 47.998 47.948 47.956 47.916 47.943 47.923 47.926 47.943 47.926 47.933 47.943 47.936 47.913 47.943 47.953 47.986 47.981 48.001 48.008 48.011 47.996 48.011 47.988 47.963 47.886 47.821 47.791 47.708 47.663 47.551 47.503 47.421 47.363 47.296 47.228 47.171
48.951 48.891 48.893 48.853 48.818 48.813 48.718 48.686 48.683 48.663 48.638 48.593 48.591 48.561 48.533 48.516 48.481 48.433 48.416 48.381 48.373 48.358 48.336 48.361 48.273 48.241 48.248 48.238 48.208 48.208 48.183 48.166 48.121 48.108 48.096 48.063 48.041 47.991 47.983 47.956 47.986 47.968 47.926 47.931 47.926 47.913 47.933 47.916 47.891 47.916 47.903 47.911 47.928 47.931 47.918 47.963 47.958 47.968 47.978 48.008 47.966 47.941 47.898 47.871 47.843 47.766 47.706 47.633 47.566 47.471 47.421 47.356 47.283 47.203 47.143
48.891 48.856 48.861 48.826 48.791 48.803 48.736 48.708 48.673 48.681 48.628 48.583 48.546 48.508 48.498 48.461 48.471 48.416 48.406 48.393 48.338 48.341 48.326 48.318 48.268 48.238 48.241 48.211 48.166 48.168 48.136 48.108 48.123 48.086 48.088 48.056 48.033 47.993 47.986 47.971 47.963 47.958 47.951 47.931 47.951 47.938 47.943 47.926 47.896 47.878 47.886 47.871 47.883 47.913 47.883 47.918 47.921 47.946 47.958 47.941 47.933 47.891 47.868 47.841 47.771 47.698 47.651 47.611 47.556 47.483 47.371 47.296 47.251 47.186 47.113
48.858 48.831 48.853 48.811 48.743 48.768 48.736 48.691 48.643 48.618 48.578 48.591 48.546 48.501 48.466 48.433 48.426 48.388 48.393 48.398 48.316 48.321 48.283 48.261 48.263 48.206 48.191 48.183 48.178 48.143 48.121 48.096 48.078 48.058 48.068 48.051 48.026 47.973 47.953 47.928 47.941 47.968 47.951 47.931 47.951 47.936 47.943 47.951 47.916 47.873 47.893 47.868 47.863 47.868 47.898 47.881 47.848 47.863 47.886 47.903 47.886 47.833 47.838 47.766 47.743 47.656 47.621 47.561 47.511 47.453 47.376 47.303 47.261 47.181 47.098
48.838 48.808 48.796 48.788 48.731 48.711 48.681 48.626 48.611 48.588 48.561 48.533 48.506 48.468 48.448 48.388 48.381 48.368 48.361 48.353 48.296 48.311 48.286 48.243 48.228 48.213 48.193 48.168 48.133 48.091 48.081 48.076 48.058 48.031 48.016 47.978 47.963 47.951 47.936 47.946 47.948 47.923 47.941 47.916 47.938 47.916 47.908 47.923 47.921 47.923 47.888 47.858 47.866 47.848 47.853 47.876 47.823 47.828 47.811 47.856 47.838 47.781 47.783 47.748 47.688 47.643 47.618 47.571 47.518 47.428 47.336 47.281 47.203 47.146 47.121
48.816 48.821 48.776 48.748 48.698 48.663 48.656 48.616 48.588 48.546 48.503 48.498 48.456 48.426 48.416 48.396 48.388 48.341 48.328 48.293 48.281 48.281 48.266 48.228 48.191 48.173 48.168 48.146 48.121 48.083 48.053 48.073 48.036 48.018 47.996 47.968 47.946 47.933 47.903 47.886 47.908 47.903 47.936 47.911 47.938 47.918 47.918 47.911 47.886 47.881 47.863 47.851 47.838 47.828 47.833 47.836 47.831 47.791 47.746 47.753 47.783 47.753 47.713 47.686 47.678 47.638 47.576 47.538 47.498 47.428 47.346 47.268 47.196 47.153 47.098
48.826 48.801 48.761 48.736 48.701 48.638 48.641 48.601 48.526 48.533 48.478 48.476 48.453 48.423 48.413 48.391 48.371 48.316 48.323 48.291 48.263 48.241 48.226 48.191 48.146 48.151 48.161 48.116 48.081 48.046 48.036 48.003 47.998 47.976 47.976 47.943 47.961 47.923 47.901 47.898 47.881 47.881 47.896 47.888 47.903 47.878 47.893 47.868 47.856 47.838 47.851 47.831 47.843 47.816 47.808 47.771 47.786 47.763 47.733 47.701 47.698 47.678 47.658 47.641 47.631 47.603 47.536 47.498 47.438 47.391 47.318 47.238 47.176 47.106 47.043
48.801 48.766 48.741 48.693 48.678 48.626 48.588 48.556 48.516 48.523 48.476 48.471 48.468 48.411 48.396 48.373 48.316 48.293 48.296 48.258 48.216 48.201 48.188 48.146 48.138 48.101 48.103 48.091 48.048 48.018 48.013 47.993 47.943 47.933 47.928 47.878 47.893 47.873 47.863 47.821 47.828 47.873 47.863 47.851 47.886 47.868 47.868 47.851 47.856 47.861 47.821 47.813 47.823 47.813 47.771 47.726 47.721 47.728 47.721 47.648 47.676 47.651 47.608 47.593 47.603 47.576 47.491 47.468 47.378 47.358 47.291 47.201 47.161 47.096 47.023
48.773 48.753 48.728 48.693 48.653 48.593 48.578 48.558 48.493 48.468 48.451 48.453 48.448 48.381 48.368 48.353 48.291 48.288 48.256 48.226 48.183 48.181 48.158 48.093 48.096 48.083 48.066 48.061 48.018 47.968 47.953 47.936 47.916 47.901 47.878 47.821 47.828 47.841 47.833 47.801 47.831 47.841 47.843 47.836 47.851 47.856 47.836 47.821 47.821 47.826 47.838 47.806 47.781 47.758 47.766 47.713 47.696 47.693 47.691 47.633 47.636 47.643 47.601 47.606 47.563 47.511 47.433 47.401 47.356 47.311 47.226 47.138 47.141 47.098 47.046
48.746 48.726 48.686 48.671 48.608 48.603 48.548 48.568 48.533 48.458 48.411 48.416 48.378 48.353 48.296 48.313 48.266 48.268 48.243 48.223 48.191 48.148 48.108 48.058 48.056 48.033 48.013 47.998 47.988 47.988 47.926 47.888 47.896 47.896 47.853 47.821 47.813 47.816 47.833 47.813 47.808 47.781 47.823 47.793 47.796 47.823 47.798 47.801 47.796 47.811 47.793 47.773 47.756 47.753 47.728 47.718 47.688 47.663 47.671 47.596 47.586 47.598 47.541 47.521 47.513 47.463 47.423 47.396 47.321 47.271 47.181 47.123 47.113 47.058 47.003
48.708 48.703 48.671 48.658 48.616 48.551 48.521 48.526 48.508 48.496 48.438 48.433 48.381 48.331 48.288 48.273 48.221 48.253 48.248 48.211 48.188 48.123 48.106 48.043 48.021 48.001 47.976 47.928 47.928 47.958 47.916 47.916 47.878 47.821 47.803 47.791 47.811 47.798 47.791 47.811 47.793 47.768 47.746 47.761 47.741 47.768 47.758 47.776 47.766 47.773 47.751 47.726 47.721 47.721 47.716 47.681 47.686 47.653 47.651 47.568 47.563 47.553 47.541 47.508 47.453 47.416 47.381 47.323 47.308 47.251 47.198 47.131 47.061 47.008 46.936
48.653 48.646 48.626 48.613 48.586 48.523 48.496 48.481 48.461 48.421 48.418 48.436 48.363 48.331 48.298 48.306 48.241 48.221 48.198 48.148 48.128 48.081 48.041 48.026 48.021 47.963 47.938 47.918 47.923 47.876 47.868 47.858 47.813 47.821 47.798 47.781 47.766 47.786 47.751 47.751 47.736 47.746 47.758 47.731 47.733 47.738 47.713 47.738 47.711 47.708 47.703 47.673 47.683 47.698 47.686 47.661 47.636 47.631 47.611 47.533 47.543 47.513 47.491 47.478 47.416 47.376 47.346 47.316 47.258 47.213 47.176 47.128 47.061 46.983 46.968
48.636 48.613 48.541 48.511 48.506 48.473 48.483 48.451 48.466 48.431 48.393 48.396 48.346 48.353 48.298 48.278 48.258 48.226 48.178 48.111 48.078 48.063 47.998 47.971 47.951 47.943 47.926 47.911 47.891 47.861 47.826 47.796 47.788 47.796 47.766 47.761 47.763 47.756 47.761 47.728 47.708 47.711 47.698 47.708 47.746 47.726 47.696 47.711 47.711 47.683 47.651 47.661 47.661 47.648 47.646 47.623 47.608 47.566 47.553 47.501 47.486 47.493 47.478 47.438 47.396 47.366 47.343 47.301 47.236 47.178 47.113 47.068 47.016 46.973 46.916
48.596 48.596 48.501 48.473 48.466 48.436 48.438 48.408 48.426 48.403 48.403 48.378 48.351 48.276 48.233 48.206 48.191 48.156 48.111 48.081 48.058 48.031 47.961 47.928 47.901 47.868 47.856 47.858 47.831 47.838 47.813 47.786 47.746 47.736 47.701 47.723 47.763 47.753 47.693 47.733 47.706 47.671 47.676 47.651 47.676 47.666 47.668 47.646 47.648 47.696 47.621 47.626 47.608 47.613 47.606 47.571 47.576 47.536 47.541 47.498 47.466 47.458 47.431 47.408 47.368 47.358 47.318 47.251 47.221 47.161 47.113 47.083 47.048 47.011 46.946
48.566 48.526 48.483 48.441 48.436 48.391 48.338 48.346 48.321 48.298 48.278 48.321 48.321 48.261 48.253 48.218 48.198 48.116 48.103 48.048 48.041 47.991 47.971 47.938 47.893 47.878 47.813 47.806 47.801 47.788 47.773 47.763 47.731 47.721 47.718 47.703 47.713 47.701 47.651 47.658 47.703 47.673 47.661 47.651 47.663 47.638 47.653 47.638 47.636 47.623 47.613 47.611 47.613 47.616 47.573 47.583 47.523 47.508 47.521 47.511 47.446 47.443 47.428 47.356 47.308 47.323 47.283 47.233 47.191 47.151 47.103 47.041 47.011 46.981 46.951
48.598 48.533 48.476 48.426 48.356 48.313 48.296 48.303 48.263 48.251 48.196 48.196 48.228 48.201 48.208 48.161 48.171 48.093 48.053 48.023 47.996 47.928 47.893 47.868 47.888 47.868 47.808 47.811 47.781 47.773 47.738 47.738 47.726 47.741 47.711 47.693 47.723 47.696 47.666 47.648 47.656 47.648 47.636 47.618 47.623 47.583 47.648 47.643 47.613 47.603 47.586 47.598 47.603 47.566 47.526 47.558 47.531 47.501 47.483 47.441 47.433 47.401 47.368 47.363 47.313 47.276 47.251 47.161 47.128 47.086 47.093 47.033 47.001 46.938 46.921
48.683 48.571 48.483 48.461 48.388 48.308 48.286 48.283 48.288 48.206 48.161 48.121 48.143 48.128 48.101 48.066 48.053 48.021 48.023 47.978 47.978 47.933 47.888 47.866 47.841 47.821 47.818 47.806 47.763 47.768 47.748 47.691 47.721 47.686 47.683 47.673 47.691 47.661 47.646 47.636 47.633 47.616 47.601 47.573 47.573 47.581 47.608 47.603 47.606 47.581 47.528 47.558 47.561 47.538 47.526 47.523 47.486 47.471 47.463 47.433 47.398 47.368 47.341 47.266 47.266 47.231 47.186 47.143 47.128 47.096 47.063 47.013 46.993 46.961 46.921
48.798 48.693 48.623 48.526 48.453 48.368 48.291 48.251 48.243 48.183 48.166 48.103 48.081 48.088 48.051 47.996 47.961 47.961 47.951 47.928 47.891 47.871 47.888 47.863 47.821 47.793 47.778 47.741 47.746 47.736 47.748 47.703 47.716 47.711 47.706 47.666 47.663 47.641 47.596 47.593 47.603 47.593 47.593 47.538 47.558 47.553 47.548 47.541 47.571 47.563 47.528 47.551 47.563 47.563 47.536 47.503 47.453 47.456 47.451 47.441 47.401 47.383 47.346 47.278 47.238 47.201 47.156 47.111 47.076 47.058 47.053 47.016 46.991 46.936 46.911
