LIDAR/se2587_DTM_2M.asc
ncols 500
nrows 500
xllcorner    425000
yllcorner    487000
cellsize     2
NODATA_value -9999
[rows 96 to 127 of 500, columns 216 to 287 of 500]
53.248 53.273 53.333 53.261 53.118 53.096 53.066 53.071 53.138 53.271 53.271 53.293 53.313 53.336 53.356 53.358 53.318 53.341 53.333 53.348 53.321 53.336 53.303 53.288 53.306 53.328 53.271 53.356 53.543 53.618 53.686 53.763 53.856 53.836 53.843 53.88 53.848 53.858 53.898 53.87 53.848 53.905 53.905 53.8 53.755 53.658 53.618 53.59 53.593 53.623 53.615 53.63 53.633 53.67 53.695 53.718 53.81 53.848 53.87 53.873 53.933 54.068 54.285 54.538 54.675 54.73 54.803 54.873 54.933 54.92 54.883 54.875
53.233 53.276 53.316 53.286 53.113 53.063 53.068 53.081 53.133 53.243 53.248 53.273 53.318 53.321 53.306 53.336 53.303 53.338 53.318 53.306 53.303 53.336 53.286 53.243 53.253 53.318 53.301 53.431 53.566 53.641 53.701 53.791 53.866 53.881 53.873 53.905 53.883 53.888 53.933 53.92 53.86 53.93 53.905 53.805 53.753 53.665 53.608 53.563 53.565 53.62 53.608 53.62 53.653 53.658 53.673 53.723 53.843 53.92 53.938 53.95 53.955 54.08 54.288 54.553 54.743 54.843 54.85 54.87 54.91 54.875 54.853 54.823
53.236 53.283 53.183 53.071 53.093 53.103 53.098 53.113 53.113 53.236 53.256 53.258 53.298 53.313 53.313 53.316 53.306 53.368 53.306 53.246 53.288 53.308 53.338 53.336 53.273 53.293 53.316 53.428 53.563 53.678 53.776 53.816 53.876 53.916 53.863 53.905 53.898 53.9 53.913 53.92 53.893 53.928 53.915 53.818 53.738 53.675 53.61 53.563 53.565 53.578 53.6 53.623 53.665 53.675 53.68 53.755 53.873 53.945 53.955 53.96 53.998 54.05 54.253 54.458 54.748 54.838 54.858 54.865 54.868 54.843 54.83 54.815
53.106 53.186 53.221 53.221 53.236 53.148 53.058 53.061 53.098 53.186 53.223 53.248 53.278 53.311 53.303 53.326 53.373 53.376 53.261 53.243 53.273 53.268 53.343 53.318 53.338 53.316 53.346 53.461 53.526 53.671 53.761 53.806 53.908 53.948 53.913 53.955 53.943 53.915 53.928 53.94 53.893 53.9 53.918 53.823 53.745 53.68 53.605 53.59 53.585 53.598 53.643 53.698 53.745 53.755 53.783 53.81 53.898 53.963 54.023 54.02 53.993 54.105 54.208 54.368 54.695 54.833 54.888 54.935 54.875 54.875 54.893 54.898
53.223 53.213 53.246 53.298 53.271 53.201 53.096 53.023 53.026 53.126 53.128 53.191 53.178 53.266 53.338 53.318 53.338 53.368 53.261 53.236 53.236 53.271 53.318 53.323 53.388 53.323 53.318 53.463 53.593 53.683 53.751 53.781 53.921 53.916 53.936 53.963 53.958 53.916 53.938 53.943 53.896 53.913 53.926 53.818 53.751 53.668 53.613 53.631 53.631 53.636 53.658 53.698 53.773 53.786 53.803 53.836 53.926 53.978 54.066 54.116 54.098 54.136 54.221 54.381 54.586 54.736 54.881 54.961 54.936 54.943 54.951 54.951
53.238 53.248 53.273 53.296 53.281 53.233 53.161 53.121 53.018 53.066 53.168 53.188 53.221 53.316 53.346 53.353 53.303 53.243 53.236 53.206 53.191 53.223 53.228 53.186 53.253 53.321 53.331 53.441 53.611 53.696 53.726 53.788 53.888 53.948 53.968 53.988 53.986 53.941 53.963 53.973 53.928 53.913 53.893 53.811 53.773 53.698 53.673 53.661 53.633 53.641 53.683 53.723 53.786 53.798 53.781 53.813 53.923 54.023 54.091 54.183 54.226 54.246 54.373 54.436 54.551 54.751 54.936 54.998 54.988 54.986 55.018 54.986
53.203 53.256 53.293 53.291 53.323 53.288 53.211 53.173 53.111 53.103 53.173 53.181 53.308 53.381 53.426 53.428 53.408 53.326 53.278 53.228 53.198 53.233 53.211 53.261 53.263 53.353 53.348 53.418 53.528 53.713 53.748 53.791 53.878 53.936 53.938 53.953 53.971 53.928 53.946 53.971 53.951 53.893 53.896 53.826 53.776 53.703 53.621 53.611 53.621 53.623 53.686 53.738 53.806 53.778 53.796 53.821 53.953 54.086 54.141 54.213 54.326 54.391 54.411 54.516 54.683 54.821 54.956 55.058 55.051 55.068 55.038 55.041
53.161 53.293 53.321 53.331 53.373 53.366 53.286 53.201 53.218 53.131 53.173 53.211 53.316 53.376 53.416 53.433 53.408 53.341 53.323 53.281 53.291 53.278 53.248 53.298 53.308 53.318 53.338 53.401 53.521 53.683 53.728 53.786 53.848 53.941 53.951 53.963 53.958 53.943 53.951 53.968 53.911 53.893 53.888 53.798 53.771 53.723 53.616 53.558 53.581 53.603 53.713 53.811 53.863 53.893 53.906 53.936 54.003 54.151 54.193 54.298 54.426 54.488 54.536 54.586 54.771 54.856 55.033 55.151 55.121 55.113 55.091 55.088
53.116 53.243 53.326 53.303 53.336 53.381 53.358 53.271 53.268 53.213 53.208 53.266 53.336 53.373 53.403 53.383 53.383 53.316 53.258 53.298 53.326 53.351 53.328 53.233 53.268 53.273 53.251 53.323 53.436 53.606 53.733 53.808 53.878 53.911 53.991 54.033 54.011 53.968 53.968 53.968 53.911 53.858 53.846 53.793 53.776 53.763 53.681 53.493 53.433 53.593 53.791 53.916 53.988 54.013 54.093 54.096 54.088 54.193 54.301 54.361 54.486 54.618 54.676 54.708 54.768 54.858 55.003 55.096 55.113 55.113 55.083 55.083
53.118 53.213 53.306 53.283 53.303 53.383 53.363 53.311 53.263 53.248 53.246 53.306 53.333 53.343 53.366 53.413 53.416 53.328 53.258 53.273 53.273 53.348 53.258 53.218 53.351 53.268 53.253 53.288 53.408 53.586 53.728 53.806 53.878 53.966 53.993 53.968 53.986 53.961 53.951 53.953 53.931 53.853 53.823 53.813 53.786 53.766 53.696 53.368 53.281 53.483 53.843 54.031 54.088 54.146 54.211 54.191 54.013 54.011 54.248 54.463 54.568 54.651 54.783 54.796 54.866 54.953 55.053 55.116 55.143 55.151 55.113 55.121
53.091 53.166 53.281 53.298 53.291 53.361 53.361 53.311 53.266 53.238 53.253 53.291 53.331 53.351 53.326 53.353 53.366 53.326 53.288 53.348 53.341 53.226 53.191 53.216 53.343 53.261 53.211 53.266 53.408 53.561 53.688 53.803 53.856 53.923 53.976 53.956 54.001 53.966 53.946 53.963 53.973 53.913 53.856 53.801 53.763 53.751 53.688 53.371 53.283 53.381 53.801 54.138 54.186 54.273 54.321 54.253 53.983 53.866 54.093 54.566 54.743 54.778 54.821 54.851 54.958 55.031 55.103 55.143 55.168 55.211 55.193 55.221
53.091 53.118 53.228 53.283 53.291 53.341 53.393 53.366 53.293 53.216 53.213 53.271 53.336 53.368 53.336 53.378 53.363 53.348 53.353 53.346 53.328 53.213 53.161 53.196 53.258 53.276 53.203 53.286 53.383 53.546 53.663 53.753 53.848 53.941 53.961 53.981 54.021 53.953 53.951 53.968 53.953 53.928 53.868 53.796 53.766 53.741 53.743 53.631 53.396 53.391 53.906 54.231 54.313 54.358 54.401 54.318 54.046 53.931 54.023 54.626 54.916 54.991 54.953 54.926 55.006 55.071 55.133 55.146 55.168 55.243 55.223 55.253
53.116 53.138 53.243 53.281 53.318 53.356 53.386 53.388 53.316 53.228 53.238 53.268 53.306 53.371 53.366 53.408 53.411 53.346 53.341 53.408 53.391 53.331 53.186 53.203 53.186 53.206 53.193 53.286 53.411 53.553 53.641 53.728 53.858 54.003 53.973 53.973 53.983 53.968 53.913 53.906 53.966 53.911 53.858 53.786 53.766 53.793 53.828 53.863 53.861 53.896 54.241 54.431 54.416 54.393 54.418 54.306 54.013 53.943 54.078 54.716 55.103 55.206 55.163 55.053 55.061 55.106 55.166 55.218 55.256 55.271 55.278 55.318
53.136 53.093 53.201 53.336 53.326 53.351 53.406 53.411 53.351 53.268 53.226 53.263 53.263 53.313 53.316 53.378 53.356 53.326 53.301 53.316 53.303 53.338 53.276 53.248 53.208 53.178 53.201 53.258 53.413 53.556 53.646 53.726 53.806 53.956 53.993 54.011 53.996 53.981 53.898 53.866 53.958 53.966 53.888 53.813 53.803 53.831 53.861 53.918 54.016 54.188 54.361 54.411 54.441 54.418 54.441 54.361 54.106 54.011 54.106 54.746 55.206 55.333 55.336 55.183 55.101 55.121 55.193 55.303 55.308 55.306 55.286 55.363
53.111 53.101 53.131 53.241 53.286 53.308 53.371 53.401 53.371 53.331 53.256 53.266 53.246 53.221 53.283 53.333 53.338 53.308 53.356 53.363 53.273 53.276 53.271 53.231 53.241 53.191 53.243 53.336 53.388 53.546 53.658 53.741 53.768 53.918 54.041 54.031 53.976 53.993 53.938 53.916 53.976 54.026 53.928 53.696 53.691 53.826 53.971 54.006 54.086 54.221 54.351 54.378 54.421 54.453 54.473 54.498 54.353 54.246 54.371 54.898 55.218 55.341 55.376 55.268 55.126 55.103 55.191 55.281 55.356 55.363 55.361 55.381
53.063 53.076 53.091 53.203 53.263 53.311 53.343 53.411 53.393 53.373 53.316 53.298 53.233 53.198 53.236 53.296 53.353 53.298 53.343 53.353 53.341 53.338 53.281 53.268 53.253 53.173 53.238 53.358 53.426 53.551 53.616 53.703 53.758 53.848 53.978 54.036 53.991 54.001 53.983 53.953 53.996 54.036 53.951 53.511 53.496 53.868 54.163 54.183 54.186 54.256 54.378 54.421 54.463 54.481 54.496 54.556 54.713 54.798 54.886 54.971 55.103 55.198 55.256 55.178 55.093 55.078 55.151 55.208 55.358 55.421 55.438 55.433
52.988 53.128 53.131 53.193 53.253 53.293 53.323 53.373 53.411 53.398 53.343 53.373 53.361 53.258 53.226 53.266 53.311 53.298 53.341 53.376 53.356 53.343 53.316 53.281 53.238 53.176 53.231 53.306 53.423 53.561 53.641 53.716 53.741 53.803 53.906 53.996 53.968 53.973 53.986 53.971 54.001 54.053 53.993 53.618 53.528 54.018 54.403 54.393 54.356 54.341 54.396 54.431 54.478 54.498 54.518 54.571 54.693 54.848 54.846 54.881 54.888 54.978 55.026 55.078 55.041 55.053 55.128 55.221 55.358 55.466 55.498 55.486
52.903 53.143 53.151 53.193 53.246 53.313 53.321 53.368 53.421 53.426 53.398 53.381 53.403 53.358 53.276 53.253 53.281 53.318 53.366 53.378 53.341 53.341 53.338 53.286 53.253 53.238 53.258 53.313 53.418 53.536 53.636 53.713 53.741 53.818 53.906 53.993 54.003 53.996 54.003 54.008 54.026 54.101 54.063 53.801 53.601 54.128 54.548 54.558 54.446 54.413 54.411 54.426 54.503 54.536 54.571 54.606 54.671 54.761 54.793 54.806 54.821 54.838 54.878 54.926 54.963 55.028 55.116 55.223 55.381 55.523 55.573 55.558
53.086 53.108 53.121 53.201 53.263 53.306 53.328 53.361 53.416 53.436 53.451 53.386 53.413 53.403 53.316 53.321 53.331 53.313 53.308 53.346 53.311 53.276 53.298 53.313 53.321 53.283 53.261 53.316 53.401 53.541 53.616 53.691 53.738 53.811 53.908 53.966 54.031 54.018 54.068 54.053 54.111 54.143 54.043 53.798 53.681 54.096 54.508 54.553 54.496 54.493 54.488 54.483 54.526 54.561 54.606 54.628 54.656 54.743 54.768 54.806 54.818 54.826 54.848 54.878 54.956 55.018 55.116 55.231 55.408 55.528 55.636 55.651
53.066 53.101 53.098 53.206 53.278 53.338 53.351 53.343 53.391 53.428 53.458 53.416 53.411 53.378 53.321 53.318 53.291 53.261 53.246 53.251 53.271 53.286 53.323 53.338 53.328 53.308 53.326 53.381 53.448 53.556 53.651 53.691 53.746 53.806 53.916 53.986 54.016 54.066 54.083 54.161 54.176 54.221 53.976 53.716 53.728 54.163 54.513 54.521 54.538 54.546 54.566 54.583 54.598 54.611 54.641 54.648 54.671 54.736 54.771 54.796 54.868 54.896 54.891 54.931 55.011 55.106 55.201 55.266 55.413 55.551 55.708 55.733
53.131 53.101 53.101 53.181 53.293 53.353 53.353 53.323 53.373 53.416 53.418 53.388 53.338 53.358 53.306 53.258 53.231 53.196 53.176 53.246 53.261 53.298 53.336 53.336 53.333 53.338 53.353 53.381 53.431 53.541 53.631 53.681 53.751 53.826 53.898 53.986 54.033 54.091 54.173 54.241 54.256 54.293 54.176 53.996 53.983 54.331 54.548 54.581 54.596 54.591 54.613 54.651 54.643 54.641 54.661 54.671 54.691 54.723 54.793 54.823 54.866 54.911 54.958 55.023 55.168 55.273 55.366 55.388 55.456 55.566 55.716 55.816
53.123 53.148 53.113 53.158 53.221 53.308 53.361 53.298 53.321 53.338 53.348 53.343 53.313 53.338 53.263 53.206 53.251 53.186 53.133 53.218 53.258 53.286 53.316 53.283 53.336 53.341 53.356 53.408 53.443 53.513 53.633 53.683 53.796 53.871 53.936 54.016 54.073 54.126 54.281 54.318 54.323 54.388 54.381 54.376 54.428 54.546 54.641 54.678 54.638 54.623 54.631 54.668 54.651 54.636 54.683 54.663 54.693 54.721 54.768 54.846 54.886 54.926 54.946 55.068 55.306 55.503 55.578 55.506 55.496 55.598 55.741 55.858
53.148 53.128 53.121 53.158 53.208 53.296 53.403 53.318 53.281 53.286 53.293 53.293 53.266 53.263 53.208 53.173 53.266 53.228 53.213 53.191 53.226 53.268 53.273 53.326 53.358 53.381 53.411 53.421 53.476 53.543 53.628 53.731 53.831 53.908 54.003 54.058 54.128 54.203 54.351 54.393 54.398 54.453 54.473 54.468 54.508 54.591 54.751 54.878 54.866 54.728 54.668 54.681 54.678 54.648 54.666 54.683 54.718 54.758 54.801 54.896 54.923 54.926 54.953 55.101 55.371 55.571 55.683 55.606 55.523 55.646 55.781 55.901
53.141 53.126 53.098 53.148 53.213 53.283 53.316 53.296 53.203 53.206 53.228 53.248 53.236 53.188 53.178 53.146 53.123 53.133 53.141 53.203 53.166 53.273 53.296 53.323 53.371 53.381 53.428 53.446 53.486 53.538 53.678 53.778 53.893 53.968 54.056 54.133 54.238 54.313 54.376 54.411 54.481 54.533 54.563 54.563 54.538 54.683 54.963 55.186 55.106 54.838 54.718 54.696 54.693 54.696 54.706 54.738 54.788 54.826 54.871 54.943 54.973 54.998 55.006 55.071 55.308 55.541 55.678 55.651 55.603 55.696 55.823 55.946
53.201 53.171 53.131 53.211 53.181 53.183 53.193 53.203 53.166 53.148 53.133 53.158 53.163 53.156 53.206 53.161 53.096 53.088 53.088 53.143 53.171 53.261 53.296 53.316 53.356 53.373 53.411 53.443 53.513 53.593 53.728 53.843 53.953 54.041 54.093 54.186 54.278 54.338 54.361 54.356 54.481 54.606 54.636 54.673 54.623 54.761 55.123 55.378 55.306 54.966 54.756 54.716 54.736 54.753 54.786 54.831 54.891 54.933 54.973 55.003 55.038 55.023 55.043 55.096 55.303 55.571 55.723 55.703 55.686 55.751 55.886 56.023
53.201 53.178 53.166 53.186 53.148 53.136 53.131 53.181 53.186 53.131 53.121 53.128 53.166 53.193 53.201 53.191 53.118 53.163 53.163 53.206 53.276 53.336 53.341 53.326 53.331 53.361 53.386 53.413 53.541 53.648 53.778 53.903 53.983 54.101 54.183 54.283 54.343 54.338 54.353 54.406 54.598 54.721 54.728 54.721 54.708 54.806 55.148 55.436 55.343 55.038 54.783 54.721 54.768 54.861 54.888 54.951 55.001 55.021 55.046 55.083 55.108 55.096 55.091 55.106 55.331 55.658 55.891 55.938 55.826 55.858 55.973 56.088
53.198 53.216 53.168 53.138 53.178 53.118 53.113 53.203 53.206 53.158 53.138 53.138 53.211 53.238 53.238 53.173 53.196 53.263 53.248 53.246 53.283 53.371 53.398 53.298 53.343 53.386 53.436 53.488 53.598 53.721 53.836 53.968 54.063 54.163 54.276 54.326 54.338 54.368 54.476 54.581 54.698 54.773 54.808 54.776 54.788 54.853 55.078 55.303 55.293 55.018 54.796 54.761 54.838 54.913 54.968 55.021 55.063 55.103 55.083 55.141 55.163 55.146 55.133 55.136 55.386 55.786 56.088 56.111 55.991 55.946 56.046 56.151
53.163 53.206 53.166 53.158 53.191 53.188 53.098 53.166 53.211 53.198 53.176 53.146 53.181 53.221 53.311 53.283 53.223 53.238 53.203 53.258 53.276 53.206 53.253 53.253 53.253 53.303 53.413 53.516 53.633 53.766 53.886 54.038 54.158 54.221 54.303 54.336 54.418 54.533 54.661 54.706 54.751 54.773 54.848 54.858 54.876 54.863 55.023 55.178 55.176 55.013 54.833 54.826 54.918 54.996 55.048 55.091 55.121 55.128 55.136 55.163 55.163 55.158 55.191 55.203 55.453 55.866 56.186 56.203 56.081 56.033 56.123 56.271
53.171 53.206 53.198 53.183 53.233 53.211 53.163 53.228 53.226 53.228 53.206 53.118 53.108 53.233 53.313 53.293 53.263 53.236 53.211 53.286 53.296 53.143 53.161 53.181 53.223 53.278 53.411 53.558 53.696 53.836 53.953 54.091 54.216 54.266 54.346 54.508 54.606 54.701 54.758 54.738 54.748 54.721 54.796 54.951 54.961 54.941 55.078 55.118 55.086 55.013 54.951 54.938 54.966 55.031 55.068 55.121 55.153 55.171 55.228 55.258 55.243 55.273 55.313 55.373 55.651 56.006 56.301 56.311 56.168 56.143 56.231 56.353
53.143 53.198 53.186 53.181 53.216 53.198 53.236 53.258 53.243 53.216 53.196 53.198 53.211 53.273 53.271 53.256 53.198 53.161 53.173 53.233 53.273 53.248 53.253 53.186 53.236 53.356 53.511 53.668 53.781 53.881 53.996 54.168 54.271 54.401 54.568 54.733 54.768 54.811 54.758 54.743 54.763 54.818 54.866 54.973 55.041 55.053 55.166 55.148 55.081 55.031 54.993 55.003 55.033 55.073 55.123 55.161 55.213 55.283 55.393 55.433 55.441 55.483 55.521 55.583 55.851 56.206 56.466 56.493 56.316 56.281 56.376 56.473
53.246 53.266 53.231 53.221 53.221 53.251 53.163 53.216 53.246 53.191 53.218 53.251 53.226 53.278 53.296 53.253 53.226 53.213 53.148 53.146 53.218 53.231 53.293 53.238 53.293 53.441 53.576 53.741 53.801 53.871 54.011 54.243 54.413 54.643 54.751 54.806 54.843 54.838 54.808 54.841 54.876 54.888 54.883 54.943 55.083 55.158 55.191 55.228 55.226 55.126 55.103 55.073 55.081 55.141 55.198 55.281 55.353 55.456 55.548 55.591 55.626 55.643 55.666 55.721 56.018 56.406 56.683 56.663 56.491 56.428 56.508 56.606
53.243 53.278 53.266 53.231 53.221 53.243 53.211 53.256 53.286 53.226 53.213 53.208 53.221 53.268 53.283 53.256 53.241 53.253 53.243 53.243 53.233 53.211 53.258 53.306 53.373 53.531 53.673 53.786 53.803 53.828 54.003 54.351 54.646 54.798 54.853 54.906 54.886 54.911 54.931 54.916 54.941 54.958 54.983 54.983 55.113 55.338 55.376 55.426 55.516 55.386 55.301 55.238 55.216 55.311 55.413 55.458 55.528 55.591 55.656 55.651 55.696 55.711 55.728 55.876 56.221 56.568 56.866 56.866 56.686 56.586 56.653 56.746
