LIDAR/se2589_DTM_2M.asc
ncols 500
nrows 500
xllcorner    425000
yllcorner    489000
cellsize     2
NODATA_value -9999
[rows 320 to 351 of 500, columns 292 to 364 of 500]
42.035 42.093 42.14 42.183 42.258 42.345 42.393 42.478 42.555 42.648 42.743 42.813 42.893 43 43.093 43.155 43.228 43.275 43.378 43.435 43.453 43.518 43.57 43.615 43.745 43.765 43.765 43.763 43.73 43.733 43.688 43.618 43.565 43.52 43.398 43.373 43.288 43.203 43.125 43.053 42.953 42.855 42.698 42.655 42.553 42.433 42.305 42.218 42.095 41.963 41.833 41.74 41.62 41.475 41.378 41.245 41.11 41.003 40.913 40.76 40.655 40.583 40.535 40.433 40.398 40.37 40.288 40.225 40.208 40.16 40.125 40.12 40.103
41.95 41.973 42.035 42.085 42.16 42.265 42.31 42.388 42.475 42.543 42.63 42.72 42.813 42.903 42.995 43.053 43.135 43.23 43.323 43.37 43.413 43.46 43.48 43.578 43.658 43.718 43.695 43.685 43.698 43.678 43.623 43.598 43.568 43.48 43.418 43.348 43.248 43.165 43.093 42.998 42.885 42.8 42.678 42.618 42.495 42.383 42.268 42.173 42.085 41.958 41.815 41.728 41.58 41.45 41.333 41.23 41.14 40.96 40.888 40.755 40.648 40.558 40.503 40.44 40.355 40.335 40.278 40.24 40.203 40.153 40.148 40.133 40.14
41.83 41.87 41.925 41.975 42.085 42.15 42.208 42.308 42.393 42.473 42.558 42.66 42.75 42.835 42.913 43.005 43.078 43.14 43.258 43.305 43.323 43.378 43.425 43.538 43.608 43.648 43.625 43.635 43.64 43.625 43.623 43.563 43.518 43.463 43.408 43.318 43.2 43.145 43.09 42.99 42.883 42.815 42.693 42.59 42.533 42.41 42.278 42.18 42.06 41.94 41.838 41.705 41.585 41.485 41.345 41.25 41.133 40.953 40.853 40.733 40.628 40.545 40.453 40.39 40.333 40.31 40.253 40.243 40.215 40.175 40.163 40.16 40.163
41.715 41.783 41.828 41.893 41.968 42.058 42.125 42.203 42.3 42.368 42.46 42.588 42.638 42.723 42.81 42.893 42.955 43.055 43.183 43.218 43.273 43.308 43.38 43.5 43.555 43.578 43.575 43.563 43.568 43.575 43.54 43.513 43.47 43.423 43.348 43.278 43.213 43.13 43.055 42.945 42.845 42.77 42.645 42.565 42.488 42.363 42.238 42.15 42.053 41.94 41.8 41.705 41.588 41.458 41.333 41.218 41.075 40.958 40.838 40.695 40.61 40.543 40.478 40.403 40.343 40.295 40.24 40.245 40.22 40.22 40.213 40.193 40.173
41.648 41.675 41.72 41.768 41.86 41.92 42.018 42.09 42.188 42.303 42.398 42.498 42.595 42.63 42.73 42.785 42.898 42.988 43.063 43.115 43.143 43.2 43.298 43.403 43.458 43.5 43.538 43.523 43.508 43.525 43.51 43.465 43.433 43.36 43.29 43.235 43.188 43.105 43.04 42.903 42.823 42.735 42.653 42.518 42.43 42.345 42.228 42.145 42.048 41.933 41.77 41.66 41.548 41.46 41.31 41.205 41.065 40.953 40.808 40.705 40.62 40.57 40.46 40.423 40.383 40.33 40.285 40.3 40.245 40.243 40.245 40.225 40.225
41.558 41.6 41.618 41.68 41.763 41.838 41.898 42.008 42.083 42.193 42.318 42.368 42.458 42.558 42.668 42.73 42.84 42.943 43.023 43.053 43.118 43.16 43.288 43.32 43.415 43.408 43.45 43.468 43.465 43.453 43.455 43.428 43.39 43.35 43.278 43.19 43.128 43.048 42.968 42.87 42.778 42.7 42.613 42.525 42.425 42.293 42.205 42.075 42.013 41.888 41.768 41.663 41.523 41.405 41.288 41.16 41.038 40.905 40.793 40.708 40.605 40.535 40.483 40.423 40.383 40.375 40.355 40.31 40.293 40.275 40.278 40.225 40.263
41.493 41.518 41.543 41.655 41.693 41.753 41.83 41.935 42.033 42.153 42.238 42.33 42.41 42.485 42.605 42.675 42.77 42.865 42.928 42.983 43.05 43.145 43.255 43.313 43.35 43.41 43.405 43.405 43.413 43.408 43.408 43.38 43.325 43.268 43.218 43.18 43.098 43.023 42.92 42.843 42.74 42.655 42.58 42.488 42.403 42.28 42.18 42.113 41.97 41.845 41.75 41.653 41.533 41.398 41.273 41.138 41.02 40.905 40.77 40.708 40.59 40.51 40.453 40.418 40.415 40.393 40.355 40.338 40.303 40.315 40.298 40.275 40.29
41.418 41.443 41.465 41.52 41.62 41.71 41.775 41.895 41.968 42.058 42.163 42.268 42.36 42.448 42.548 42.633 42.74 42.788 42.873 42.928 42.978 43.1 43.193 43.243 43.253 43.313 43.358 43.36 43.385 43.355 43.328 43.285 43.285 43.23 43.193 43.11 43.045 42.965 42.868 42.78 42.683 42.608 42.548 42.443 42.37 42.255 42.153 42.08 41.975 41.84 41.718 41.623 41.48 41.365 41.248 41.143 41.035 40.903 40.793 40.72 40.605 40.533 40.47 40.433 40.405 40.365 40.33 40.318 40.338 40.335 40.31 40.325 40.31
41.368 41.42 41.438 41.503 41.61 41.705 41.74 41.788 41.925 42.04 42.123 42.223 42.303 42.395 42.503 42.588 42.66 42.725 42.783 42.858 42.953 43.098 43.158 43.19 43.24 43.253 43.305 43.3 43.328 43.293 43.31 43.268 43.25 43.15 43.115 43.06 43.005 42.933 42.873 42.773 42.703 42.568 42.493 42.405 42.298 42.185 42.115 42.015 41.888 41.81 41.715 41.575 41.488 41.373 41.258 41.135 41 40.888 40.793 40.71 40.628 40.518 40.468 40.415 40.393 40.37 40.363 40.328 40.328 40.318 40.335 40.288 40.285
41.31 41.36 41.405 41.468 41.548 41.628 41.713 41.795 41.898 41.985 42.095 42.205 42.28 42.375 42.49 42.548 42.6 42.675 42.733 42.798 42.913 43.048 43.095 43.163 43.233 43.23 43.283 43.278 43.293 43.258 43.26 43.255 43.188 43.118 43.07 43.02 42.975 42.883 42.82 42.713 42.648 42.563 42.475 42.38 42.313 42.19 42.113 41.995 41.875 41.778 41.67 41.58 41.45 41.323 41.253 41.118 41.013 40.888 40.77 40.67 40.605 40.538 40.475 40.45 40.418 40.408 40.393 40.335 40.353 40.328 40.295 40.25 40.25
41.32 41.355 41.383 41.433 41.515 41.578 41.67 41.78 41.87 41.955 42.073 42.175 42.255 42.308 42.433 42.518 42.603 42.645 42.718 42.803 42.928 43.003 43.05 43.105 43.133 43.205 43.228 43.225 43.263 43.245 43.195 43.195 43.13 43.103 43.028 42.975 42.943 42.863 42.765 42.705 42.598 42.523 42.418 42.338 42.275 42.175 42.095 41.973 41.898 41.768 41.655 41.565 41.445 41.378 41.26 41.118 40.993 40.88 40.79 40.678 40.603 40.53 40.445 40.425 40.395 40.413 40.37 40.333 40.345 40.333 40.315 40.3 40.308
41.323 41.368 41.385 41.415 41.493 41.6 41.655 41.775 41.835 41.94 42.035 42.118 42.208 42.298 42.375 42.473 42.533 42.593 42.653 42.743 42.893 42.95 42.983 43.025 43.088 43.13 43.165 43.155 43.19 43.185 43.178 43.14 43.068 43.028 42.943 42.913 42.9 42.808 42.735 42.665 42.578 42.503 42.428 42.315 42.218 42.145 42.043 41.953 41.875 41.76 41.648 41.568 41.453 41.35 41.225 41.133 41.015 40.855 40.788 40.69 40.633 40.54 40.465 40.448 40.435 40.42 40.36 40.375 40.36 40.363 40.325 40.313 40.325
41.343 41.365 41.408 41.48 41.498 41.583 41.638 41.73 41.833 41.943 42.025 42.095 42.18 42.265 42.358 42.433 42.485 42.51 42.605 42.748 42.865 42.895 42.948 43.003 43.028 43.088 43.108 43.105 43.138 43.098 43.09 43.065 43.003 42.97 42.91 42.863 42.79 42.748 42.688 42.6 42.535 42.468 42.383 42.265 42.178 42.073 42.015 41.945 41.838 41.755 41.643 41.53 41.408 41.323 41.203 41.073 40.973 40.863 40.785 40.68 40.59 40.548 40.505 40.455 40.443 40.438 40.408 40.388 40.38 40.368 40.35 40.318 40.295
41.378 41.383 41.423 41.46 41.563 41.605 41.66 41.735 41.8 41.91 42.01 42.07 42.148 42.235 42.285 42.373 42.443 42.51 42.583 42.733 42.813 42.835 42.91 42.965 42.978 43.033 43.03 43.023 43.063 43.035 43 42.973 42.943 42.905 42.843 42.798 42.753 42.665 42.608 42.543 42.453 42.373 42.323 42.225 42.158 42.03 41.99 41.88 41.78 41.683 41.633 41.525 41.413 41.3 41.185 41.08 40.943 40.85 40.74 40.67 40.555 40.52 40.458 40.423 40.39 40.408 40.393 40.368 40.34 40.353 40.338 40.35 40.325
41.425 41.435 41.453 41.533 41.578 41.648 41.7 41.793 41.853 41.923 41.998 42.063 42.135 42.195 42.275 42.325 42.393 42.458 42.538 42.698 42.755 42.798 42.85 42.868 42.92 42.958 42.965 42.998 42.978 42.963 42.928 42.923 42.86 42.815 42.77 42.718 42.643 42.588 42.543 42.468 42.393 42.343 42.24 42.16 42.108 42.023 41.938 41.843 41.75 41.673 41.575 41.458 41.343 41.218 41.13 41.02 40.888 40.808 40.748 40.653 40.573 40.518 40.458 40.408 40.378 40.378 40.368 40.38 40.358 40.345 40.35 40.32 40.313
41.465 41.498 41.498 41.565 41.61 41.693 41.75 41.808 41.865 41.943 42 42.078 42.12 42.198 42.248 42.313 42.373 42.453 42.543 42.668 42.73 42.778 42.783 42.833 42.845 42.88 42.89 42.938 42.92 42.89 42.853 42.818 42.753 42.75 42.685 42.61 42.555 42.513 42.468 42.403 42.315 42.258 42.178 42.123 42.035 41.953 41.848 41.785 41.7 41.623 41.548 41.423 41.303 41.165 41.075 40.995 40.878 40.79 40.69 40.605 40.538 40.498 40.445 40.425 40.395 40.415 40.398 40.388 40.383 40.39 40.365 40.363 40.315
41.535 41.54 41.598 41.643 41.685 41.723 41.773 41.835 41.885 41.93 41.99 42.058 42.13 42.168 42.2 42.295 42.348 42.43 42.57 42.595 42.67 42.723 42.773 42.768 42.815 42.855 42.868 42.865 42.84 42.818 42.788 42.743 42.66 42.653 42.6 42.55 42.493 42.428 42.383 42.328 42.218 42.163 42.09 42.03 41.925 41.88 41.783 41.69 41.628 41.55 41.448 41.335 41.218 41.105 40.995 40.953 40.823 40.73 40.658 40.59 40.495 40.463 40.418 40.4 40.383 40.418 40.395 40.373 40.39 40.383 40.385 40.353 40.333
41.618 41.63 41.663 41.68 41.725 41.758 41.81 41.84 41.905 41.96 41.985 42.035 42.113 42.178 42.2 42.248 42.343 42.433 42.545 42.565 42.625 42.645 42.715 42.728 42.763 42.75 42.783 42.81 42.778 42.753 42.725 42.678 42.633 42.593 42.53 42.49 42.42 42.35 42.313 42.248 42.153 42.12 42.028 41.935 41.83 41.79 41.7 41.638 41.56 41.465 41.388 41.298 41.183 41.1 40.995 40.88 40.805 40.695 40.628 40.57 40.488 40.45 40.388 40.37 40.365 40.38 40.393 40.403 40.4 40.39 40.393 40.385 40.35
41.68 41.66 41.703 41.723 41.8 41.85 41.888 41.89 41.95 41.983 41.993 42.058 42.085 42.155 42.2 42.248 42.305 42.465 42.528 42.55 42.608 42.623 42.675 42.693 42.718 42.71 42.738 42.715 42.71 42.683 42.64 42.62 42.568 42.49 42.425 42.383 42.328 42.25 42.233 42.17 42.078 42.015 41.938 41.868 41.768 41.725 41.678 41.563 41.473 41.38 41.305 41.22 41.115 41.038 40.93 40.828 40.743 40.678 40.623 40.555 40.485 40.423 40.405 40.333 40.393 40.358 40.39 40.393 40.345 40.365 40.398 40.415 40.383
41.76 41.75 41.768 41.793 41.863 41.91 41.93 41.955 41.985 42.023 42.03 42.078 42.098 42.173 42.193 42.263 42.335 42.47 42.508 42.543 42.605 42.598 42.623 42.618 42.655 42.67 42.688 42.635 42.675 42.625 42.6 42.558 42.485 42.425 42.38 42.345 42.268 42.21 42.158 42.073 42.018 41.935 41.875 41.795 41.688 41.615 41.618 41.485 41.383 41.323 41.22 41.123 41.043 40.973 40.873 40.795 40.708 40.638 40.555 40.508 40.458 40.415 40.408 40.363 40.34 40.333 40.313 40.333 40.295 40.323 40.363 40.4 40.403
41.805 41.795 41.835 41.873 41.888 41.93 41.965 41.983 42.008 42.038 42.07 42.108 42.135 42.183 42.223 42.243 42.338 42.42 42.5 42.548 42.555 42.565 42.58 42.6 42.59 42.6 42.613 42.61 42.565 42.55 42.543 42.493 42.39 42.365 42.31 42.275 42.208 42.133 42.098 42.028 41.938 41.88 41.798 41.728 41.645 41.58 41.505 41.43 41.345 41.24 41.145 41.083 40.985 40.883 40.803 40.71 40.615 40.558 40.523 40.48 40.433 40.398 40.358 40.348 40.33 40.273 40.265 40.263 40.225 40.283 40.333 40.368 40.365
41.85 41.87 41.885 41.923 41.94 41.988 41.988 41.99 42.02 42.058 42.083 42.12 42.145 42.175 42.21 42.248 42.37 42.443 42.503 42.533 42.515 42.548 42.533 42.53 42.558 42.545 42.548 42.52 42.495 42.508 42.483 42.44 42.363 42.328 42.238 42.173 42.13 42.095 42.003 41.948 41.885 41.798 41.74 41.665 41.585 41.493 41.438 41.35 41.283 41.17 41.068 41.003 40.895 40.8 40.745 40.678 40.568 40.51 40.475 40.435 40.385 40.358 40.318 40.308 40.313 40.29 40.283 40.295 40.288 40.278 40.318 40.355 40.348
41.895 41.905 41.94 41.968 41.975 41.988 41.988 42.025 42.033 42.055 42.093 42.133 42.155 42.213 42.255 42.318 42.398 42.428 42.48 42.52 42.515 42.503 42.5 42.51 42.525 42.513 42.498 42.45 42.448 42.43 42.383 42.355 42.333 42.263 42.205 42.128 42.055 41.998 41.943 41.883 41.82 41.74 41.663 41.61 41.513 41.43 41.36 41.253 41.183 41.135 41.03 40.94 40.878 40.755 40.72 40.663 40.573 40.52 40.46 40.435 40.38 40.355 40.31 40.305 40.308 40.325 40.353 40.345 40.35 40.338 40.323 40.345 40.353
41.973 41.953 41.975 41.983 41.98 42.035 42.025 42.05 42.07 42.083 42.123 42.14 42.175 42.208 42.215 42.308 42.39 42.403 42.455 42.435 42.45 42.438 42.44 42.465 42.443 42.45 42.435 42.438 42.398 42.368 42.318 42.3 42.253 42.21 42.158 42.055 41.97 41.928 41.875 41.793 41.758 41.678 41.6 41.555 41.46 41.393 41.32 41.225 41.135 41.053 40.98 40.913 40.848 40.738 40.665 40.605 40.518 40.48 40.45 40.385 40.333 40.34 40.315 40.298 40.335 40.29 40.323 40.34 40.36 40.358 40.33 40.32 40.3
41.955 41.98 42.003 41.995 42 42.03 42.03 42.06 42.088 42.12 42.118 42.123 42.155 42.17 42.205 42.293 42.348 42.39 42.39 42.415 42.395 42.4 42.4 42.35 42.373 42.355 42.348 42.37 42.37 42.3 42.273 42.228 42.168 42.13 42.088 41.995 41.918 41.875 41.84 41.728 41.658 41.59 41.538 41.495 41.425 41.333 41.24 41.158 41.095 41.015 40.91 40.835 40.77 40.723 40.638 40.545 40.49 40.443 40.378 40.355 40.345 40.333 40.315 40.32 40.325 40.293 40.33 40.353 40.36 40.33 40.313 40.308 40.283
41.953 41.985 42.013 42.045 42.018 42.053 42.068 42.08 42.11 42.118 42.12 42.133 42.125 42.138 42.203 42.263 42.31 42.335 42.338 42.363 42.358 42.33 42.32 42.293 42.3 42.3 42.293 42.298 42.275 42.253 42.21 42.15 42.08 42.068 41.983 41.935 41.883 41.813 41.753 41.71 41.625 41.558 41.458 41.388 41.328 41.27 41.188 41.09 41.028 40.938 40.865 40.77 40.715 40.635 40.6 40.523 40.465 40.425 40.393 40.35 40.335 40.315 40.298 40.298 40.293 40.315 40.328 40.333 40.325 40.31 40.29 40.278 40.265
42.003 42.013 42.038 42.058 42.04 42.08 42.08 42.075 42.073 42.085 42.1 42.093 42.125 42.098 42.218 42.29 42.25 42.275 42.318 42.313 42.27 42.278 42.258 42.248 42.263 42.22 42.24 42.218 42.195 42.148 42.125 42.05 41.983 41.958 41.91 41.863 41.803 41.735 41.695 41.63 41.578 41.508 41.42 41.32 41.258 41.188 41.148 41.033 40.955 40.885 40.83 40.735 40.67 40.585 40.548 40.51 40.48 40.42 40.395 40.35 40.315 40.305 40.295 40.29 40.293 40.298 40.285 40.275 40.288 40.328 40.328 40.273 40.248
41.975 42.023 42.033 42.043 42.055 42.053 42.08 42.065 42.058 42.08 42.095 42.085 42.115 42.115 42.193 42.22 42.23 42.21 42.233 42.233 42.208 42.203 42.185 42.143 42.155 42.155 42.145 42.165 42.118 42.085 42.048 42.01 41.913 41.89 41.848 41.788 41.723 41.665 41.62 41.583 41.498 41.445 41.373 41.273 41.193 41.143 41.088 41.005 40.938 40.825 40.77 40.695 40.62 40.573 40.525 40.488 40.43 40.408 40.358 40.313 40.298 40.298 40.273 40.273 40.283 40.268 40.273 40.275 40.29 40.318 40.303 40.28 40.273
41.988 41.998 42.025 42.035 42.06 42.063 42.073 42.078 42.068 42.063 42.065 42.05 42.048 42.105 42.2 42.18 42.19 42.173 42.18 42.168 42.15 42.15 42.118 42.085 42.108 42.08 42.068 42.038 42.018 42.003 42.003 41.96 41.855 41.835 41.79 41.71 41.68 41.618 41.533 41.5 41.42 41.39 41.303 41.23 41.148 41.07 41.023 40.95 40.895 40.815 40.765 40.665 40.583 40.545 40.498 40.453 40.423 40.358 40.338 40.32 40.293 40.258 40.223 40.223 40.245 40.263 40.27 40.27 40.3 40.258 40.255 40.258 40.243
42.058 42.043 42.04 42.045 42.068 42.095 42.1 42.093 42.083 42.06 42.04 42.025 42.005 42.083 42.11 42.113 42.108 42.103 42.108 42.113 42.093 42.098 42.058 42.048 42.03 42.028 42.023 42 41.945 41.888 41.878 41.858 41.793 41.763 41.733 41.668 41.61 41.58 41.533 41.465 41.4 41.368 41.305 41.22 41.133 41.033 41.005 40.903 40.843 40.77 40.688 40.655 40.568 40.53 40.51 40.43 40.385 40.32 40.32 40.28 40.26 40.218 40.225 40.228 40.225 40.243 40.27 40.273 40.258 40.27 40.253 40.23 40.225
42.088 42.048 42.063 42.08 42.073 42.025 42.058 42.055 42.058 42.018 41.995 42.013 42.033 42.073 42.08 42.045 42.045 42.058 42.03 41.988 42.043 42.015 41.983 41.968 41.955 41.958 41.945 41.935 41.908 41.84 41.84 41.803 41.748 41.715 41.668 41.625 41.593 41.535 41.495 41.428 41.368 41.305 41.223 41.155 41.098 41.035 40.965 40.86 40.81 40.74 40.685 40.61 40.588 40.52 40.46 40.425 40.393 40.36 40.328 40.308 40.268 40.225 40.228 40.215 40.233 40.23 40.235 40.285 40.278 40.268 40.273 40.243 40.273
42.073 42.053 42.065 42.108 42.06 42.03 42.033 42.02 41.99 41.985 41.97 41.953 41.988 42.06 42.033 42.01 42.033 42.038 42.01 41.973 42.008 41.978 41.963 41.935 41.905 41.89 41.89 41.87 41.833 41.793 41.778 41.748 41.713 41.663 41.645 41.568 41.543 41.503 41.418 41.393 41.343 41.275 41.235 41.125 41.055 41 40.92 40.845 40.818 40.728 40.663 40.618 40.573 40.493 40.433 40.395 40.39 40.345 40.275 40.238 40.235 40.225 40.21 40.193 40.17 40.19 40.228 40.225 40.23 40.248 40.225 40.235 40.265
