LIDAR/se2586_DTM_2M.asc
ncols 500
nrows 500
xllcorner    425000
yllcorner    486000
cellsize     2
NODATA_value -9999
[rows 34 to 67 of 500, columns 225 to 299 of 500]
-9999 -9999 -9999 -9999 -9999 -9999 -9999 -9999 -9999 -9999 -9999 55.574 55.363 55.195 55.043 54.915 54.745 54.595 54.518 54.47 54.403 54.403 54.325 54.323 54.375 54.21 54.11 54.143 54.163 54.048 53.89 53.868 53.855 53.835 53.78 53.77 53.795 53.82 53.813 53.795 53.748 53.743 53.715 53.67 53.588 53.553 53.465 53.388 53.298 53.198 53.113 53.01 52.895 52.783 52.653 52.618 52.535 52.443 52.365 52.308 52.238 52.2 52.173 52.168 52.16 52.158 52.15 52.143 52.145 52.135 52.15 52.143 52.08 52.03 52.035
-9999 -9999 -9999 -9999 -9999 -9999 -9999 -9999 -9999 -9999 -9999 -9999 55.274 55.128 54.973 54.84 54.628 54.49 54.453 54.4 54.385 54.34 54.285 54.28 54.268 54.113 54.098 54.08 54.025 53.883 53.81 53.783 53.788 53.73 53.693 53.698 53.725 53.723 53.72 53.718 53.665 53.655 53.625 53.618 53.54 53.515 53.425 53.333 53.29 53.203 53.118 53.02 52.903 52.8 52.715 52.64 52.56 52.44 52.398 52.37 52.31 52.253 52.22 52.225 52.235 52.225 52.253 52.248 52.23 52.228 52.198 52.193 52.165 52.113 52.085
-9999 -9999 -9999 -9999 -9999 -9999 -9999 -9999 -9999 -9999 -9999 -9999 -9999 55.058 54.868 54.728 54.505 54.413 54.335 54.343 54.323 54.26 54.218 54.27 54.13 54.038 54.083 54.005 53.858 53.74 53.705 53.688 53.68 53.64 53.608 53.598 53.638 53.593 53.65 53.633 53.608 53.59 53.54 53.528 53.503 53.465 53.418 53.343 53.278 53.215 53.123 53.01 52.9 52.823 52.75 52.643 52.578 52.505 52.425 52.435 52.36 52.325 52.323 52.298 52.275 52.323 52.33 52.338 52.323 52.313 52.263 52.268 52.235 52.175 52.14
-9999 -9999 -9999 -9999 -9999 -9999 -9999 -9999 -9999 -9999 -9999 -9999 -9999 -9999 54.815 54.613 54.425 54.368 54.35 54.295 54.268 54.215 54.21 54.22 54.078 53.993 54 53.945 53.78 53.61 53.58 53.588 53.575 53.513 53.463 53.495 53.543 53.523 53.535 53.52 53.543 53.538 53.513 53.485 53.445 53.41 53.34 53.278 53.248 53.195 53.148 53.035 52.943 52.868 52.783 52.688 52.638 52.543 52.518 52.47 52.398 52.38 52.39 52.37 52.383 52.4 52.398 52.38 52.393 52.388 52.353 52.353 52.283 52.233 52.18
-9999 -9999 -9999 -9999 -9999 -9999 -9999 -9999 -9999 -9999 -9999 -9999 -9999 -9999 54.727 54.538 54.373 54.303 54.288 54.26 54.23 54.203 54.185 54.165 54.043 53.96 53.96 53.848 53.67 53.505 53.448 53.455 53.46 53.433 53.4 53.438 53.433 53.43 53.48 53.468 53.498 53.448 53.45 53.408 53.378 53.335 53.275 53.253 53.19 53.143 53.105 53.038 52.965 52.875 52.8 52.675 52.638 52.593 52.538 52.53 52.49 52.43 52.443 52.423 52.47 52.483 52.48 52.45 52.438 52.433 52.41 52.363 52.315 52.263 52.213
-9999 -9999 -9999 -9999 -9999 -9999 -9999 -9999 -9999 -9999 -9999 -9999 -9999 -9999 -9999 54.447 54.335 54.273 54.233 54.228 54.183 54.17 54.175 54.11 54.005 53.963 53.985 53.775 53.523 53.408 53.355 53.368 53.363 53.34 53.303 53.345 53.348 53.323 53.393 53.398 53.385 53.363 53.353 53.355 53.333 53.288 53.233 53.22 53.165 53.123 53.078 53.023 52.953 52.87 52.83 52.728 52.688 52.635 52.603 52.57 52.553 52.515 52.53 52.5 52.498 52.498 52.503 52.518 52.483 52.46 52.44 52.425 52.37 52.308 52.235
-9999 -9999 -9999 -9999 -9999 -9999 -9999 -9999 -9999 -9999 -9999 -9999 -9999 -9999 -9999 -9999 54.278 54.255 54.205 54.188 54.158 54.158 54.09 53.988 53.96 53.95 53.915 53.645 53.378 53.29 53.255 53.28 53.268 53.24 53.243 53.26 53.26 53.26 53.288 53.31 53.293 53.305 53.283 53.235 53.263 53.243 53.208 53.185 53.153 53.088 53.045 53.025 52.973 52.883 52.85 52.8 52.743 52.698 52.635 52.625 52.633 52.595 52.583 52.563 52.555 52.558 52.568 52.583 52.525 52.503 52.458 52.418 52.395 52.348 52.26
-9999 -9999 -9999 -9999 -9999 -9999 -9999 -9999 -9999 -9999 -9999 -9999 -9999 -9999 -9999 -9999 54.23 54.218 54.205 54.175 54.155 54.128 54.028 53.983 53.968 53.898 53.735 53.483 53.288 53.19 53.165 53.178 53.155 53.14 53.155 53.14 53.143 53.17 53.16 53.203 53.215 53.213 53.208 53.175 53.2 53.208 53.153 53.13 53.125 53.07 53.048 53.038 52.93 52.903 52.85 52.81 52.783 52.75 52.703 52.688 52.66 52.638 52.603 52.63 52.643 52.66 52.62 52.583 52.553 52.503 52.5 52.485 52.44 52.405 52.305
-9999 -9999 -9999 -9999 -9999 -9999 -9999 -9999 -9999 -9999 -9999 -9999 -9999 -9999 -9999 -9999 -9999 54.23 54.205 54.158 54.165 54.13 53.998 53.973 53.965 53.885 53.68 53.365 53.185 53.143 53.143 53.093 53.055 53.075 53.075 53.095 53.038 53.078 53.113 53.128 53.113 53.168 53.133 53.155 53.14 53.14 53.115 53.09 53.07 53.065 53.043 52.993 52.955 52.903 52.873 52.835 52.813 52.728 52.718 52.71 52.7 52.64 52.645 52.65 52.683 52.698 52.658 52.623 52.63 52.55 52.575 52.51 52.455 52.388 52.338
-9999 -9999 -9999 -9999 -9999 -9999 -9999 -9999 -9999 -9999 -9999 -9999 -9999 -9999 -9999 -9999 -9999 -9999 54.215 54.153 54.153 54.068 53.963 53.94 53.953 53.848 53.563 53.253 53.098 53.075 53.073 53.025 52.99 52.995 52.993 52.99 52.993 53.01 53.04 53.013 53.02 53.07 53.065 53.095 53.105 53.09 53.08 53.078 53.043 53.043 53.038 53.008 52.955 52.923 52.878 52.87 52.845 52.8 52.765 52.735 52.74 52.698 52.67 52.675 52.693 52.69 52.688 52.688 52.648 52.575 52.59 52.545 52.465 52.433 52.33
-9999 -9999 -9999 -9999 -9999 -9999 -9999 -9999 -9999 -9999 -9999 -9999 -9999 -9999 -9999 -9999 -9999 -9999 54.205 54.17 54.133 53.978 53.978 53.96 53.91 53.855 53.413 53.133 53.04 53.013 52.978 52.948 52.913 52.908 52.915 52.925 52.938 52.948 52.958 52.96 52.973 52.975 52.983 52.998 53.025 53.05 53.045 53.043 53.04 53.025 53.04 53.008 52.97 52.93 52.895 52.893 52.828 52.815 52.778 52.758 52.743 52.688 52.693 52.705 52.728 52.695 52.713 52.67 52.633 52.603 52.595 52.53 52.485 52.413 52.353
-9999 -9999 -9999 -9999 -9999 -9999 -9999 -9999 -9999 -9999 -9999 -9999 -9999 -9999 -9999 -9999 -9999 -9999 -9999 54.187 54.11 53.97 53.988 54.003 53.97 53.813 53.293 53.06 53.003 52.973 52.913 52.89 52.84 52.838 52.88 52.83 52.823 52.835 52.883 52.903 52.935 52.958 52.953 52.928 52.978 53.015 52.998 53.018 53.013 53 53.043 52.975 52.97 52.95 52.908 52.858 52.82 52.815 52.773 52.755 52.76 52.713 52.72 52.7 52.733 52.73 52.725 52.663 52.635 52.613 52.6 52.568 52.505 52.448 52.383
-9999 -9999 -9999 -9999 -9999 -9999 -9999 -9999 -9999 -9999 -9999 -9999 -9999 -9999 -9999 -9999 -9999 -9999 -9999 -9999 54.035 53.97 54.008 54.003 53.978 53.695 53.165 53.008 52.963 52.935 52.885 52.803 52.805 52.785 52.788 52.773 52.758 52.79 52.815 52.835 52.838 52.9 52.898 52.915 52.91 52.965 52.968 52.985 52.965 52.99 53.005 52.945 52.965 52.925 52.908 52.885 52.87 52.858 52.8 52.765 52.74 52.753 52.738 52.71 52.74 52.748 52.718 52.7 52.658 52.625 52.608 52.568 52.475 52.428 52.4
-9999 -9999 -9999 -9999 -9999 -9999 -9999 -9999 -9999 -9999 -9999 -9999 -9999 -9999 -9999 -9999 -9999 -9999 -9999 -9999 -9999 54.013 54.003 53.983 54.048 53.653 53.115 52.958 52.93 52.9 52.85 52.798 52.753 52.763 52.705 52.723 52.705 52.758 52.753 52.793 52.795 52.85 52.875 52.89 52.898 52.91 52.955 52.948 52.923 52.925 52.963 52.923 52.945 52.903 52.888 52.893 52.86 52.833 52.828 52.768 52.773 52.745 52.74 52.733 52.748 52.76 52.743 52.723 52.663 52.643 52.598 52.573 52.498 52.438 52.35
-9999 -9999 -9999 -9999 -9999 -9999 -9999 -9999 -9999 -9999 -9999 -9999 -9999 -9999 -9999 -9999 -9999 -9999 -9999 -9999 -9999 54.027 53.995 54.02 53.998 53.533 53.073 52.913 52.903 52.875 52.808 52.775 52.735 52.738 52.68 52.708 52.668 52.678 52.69 52.748 52.763 52.81 52.825 52.84 52.87 52.903 52.905 52.933 52.948 52.945 52.95 52.905 52.903 52.898 52.903 52.87 52.82 52.858 52.825 52.813 52.78 52.738 52.72 52.743 52.765 52.745 52.738 52.695 52.693 52.643 52.573 52.525 52.5 52.43 52.328
-9999 -9999 -9999 -9999 -9999 -9999 -9999 -9999 -9999 -9999 -9999 -9999 -9999 -9999 -9999 -9999 -9999 -9999 -9999 -9999 -9999 -9999 54.03 54.018 53.968 53.403 53.018 52.91 52.895 52.848 52.82 52.763 52.7 52.698 52.655 52.683 52.64 52.673 52.713 52.723 52.765 52.743 52.77 52.803 52.853 52.868 52.89 52.908 52.913 52.91 52.9 52.92 52.905 52.92 52.898 52.87 52.868 52.858 52.818 52.765 52.78 52.75 52.765 52.75 52.788 52.718 52.695 52.693 52.668 52.638 52.57 52.528 52.488 52.39 52.298
-9999 -9999 -9999 -9999 -9999 -9999 -9999 -9999 -9999 -9999 -9999 -9999 -9999 -9999 -9999 -9999 -9999 -9999 -9999 -9999 -9999 -9999 -9999 53.951 53.776 53.286 53.003 52.913 52.876 52.846 52.788 52.753 52.721 52.683 52.651 52.626 52.648 52.676 52.701 52.688 52.726 52.718 52.731 52.798 52.801 52.863 52.886 52.903 52.893 52.908 52.883 52.908 52.913 52.921 52.911 52.883 52.871 52.858 52.848 52.808 52.778 52.758 52.748 52.721 52.731 52.706 52.666 52.661 52.633 52.591 52.528 52.493 52.411 52.331 52.223
-9999 -9999 -9999 -9999 -9999 -9999 -9999 -9999 -9999 -9999 -9999 -9999 -9999 -9999 -9999 -9999 -9999 -9999 -9999 -9999 -9999 -9999 -9999 53.931 53.703 53.238 53.036 52.948 52.893 52.841 52.798 52.746 52.736 52.673 52.648 52.633 52.618 52.633 52.671 52.631 52.673 52.683 52.698 52.761 52.791 52.848 52.876 52.866 52.883 52.888 52.866 52.883 52.891 52.908 52.911 52.876 52.873 52.836 52.826 52.838 52.801 52.761 52.733 52.743 52.738 52.681 52.628 52.643 52.621 52.586 52.513 52.458 52.411 52.321 52.188
-9999 -9999 -9999 -9999 -9999 -9999 -9999 -9999 -9999 -9999 -9999 -9999 -9999 -9999 -9999 -9999 -9999 -9999 -9999 -9999 -9999 -9999 -9999 -9999 53.621 53.218 53.038 52.981 52.936 52.876 52.791 52.768 52.718 52.678 52.671 52.646 52.633 52.621 52.616 52.646 52.666 52.666 52.678 52.741 52.761 52.796 52.816 52.833 52.903 52.856 52.833 52.843 52.876 52.881 52.891 52.861 52.858 52.826 52.843 52.803 52.821 52.743 52.763 52.766 52.738 52.693 52.648 52.633 52.576 52.511 52.446 52.403 52.341 52.283 52.173
-9999 -9999 -9999 -9999 -9999 -9999 -9999 -9999 -9999 -9999 -9999 -9999 -9999 -9999 -9999 -9999 -9999 -9999 -9999 -9999 -9999 -9999 -9999 -9999 53.554 53.216 53.091 53.013 52.993 52.931 52.836 52.788 52.746 52.698 52.671 52.626 52.646 52.606 52.636 52.618 52.631 52.671 52.678 52.741 52.741 52.786 52.823 52.846 52.873 52.871 52.871 52.878 52.873 52.863 52.856 52.833 52.831 52.843 52.841 52.818 52.813 52.768 52.768 52.771 52.723 52.666 52.656 52.626 52.546 52.478 52.406 52.368 52.306 52.216 52.151
-9999 -9999 -9999 -9999 -9999 -9999 -9999 -9999 -9999 -9999 -9999 -9999 -9999 -9999 -9999 -9999 -9999 -9999 -9999 -9999 -9999 -9999 -9999 -9999 -9999 53.266 53.146 53.091 53.036 52.976 52.893 52.836 52.771 52.718 52.671 52.636 52.623 52.623 52.613 52.608 52.648 52.671 52.691 52.698 52.738 52.781 52.783 52.816 52.818 52.823 52.891 52.848 52.833 52.841 52.838 52.838 52.806 52.786 52.813 52.793 52.763 52.766 52.756 52.738 52.721 52.678 52.613 52.573 52.511 52.471 52.421 52.321 52.263 52.211 52.106
-9999 -9999 -9999 -9999 -9999 -9999 -9999 -9999 -9999 -9999 -9999 -9999 -9999 -9999 -9999 -9999 -9999 -9999 -9999 -9999 -9999 -9999 -9999 -9999 -9999 53.306 53.251 53.186 53.073 52.988 52.931 52.886 52.803 52.761 52.698 52.641 52.618 52.636 52.603 52.616 52.638 52.641 52.668 52.693 52.733 52.771 52.776 52.793 52.803 52.833 52.838 52.856 52.861 52.856 52.823 52.811 52.798 52.783 52.803 52.806 52.761 52.746 52.763 52.718 52.688 52.621 52.566 52.543 52.491 52.458 52.381 52.313 52.223 52.108 52.053
-9999 -9999 -9999 -9999 -9999 -9999 -9999 -9999 -9999 -9999 -9999 -9999 -9999 -9999 -9999 -9999 -9999 -9999 -9999 -9999 -9999 -9999 -9999 -9999 -9999 -9999 53.347 53.303 53.158 53.061 52.976 52.913 52.851 52.798 52.753 52.688 52.681 52.666 52.668 52.626 52.646 52.626 52.676 52.691 52.706 52.731 52.761 52.788 52.801 52.808 52.813 52.831 52.823 52.778 52.801 52.796 52.798 52.796 52.763 52.766 52.758 52.746 52.706 52.696 52.676 52.608 52.583 52.541 52.483 52.401 52.318 52.278 52.191 52.046 51.996
-9999 -9999 -9999 -9999 -9999 -9999 -9999 -9999 -9999 -9999 -9999 -9999 -9999 -9999 -9999 -9999 -9999 -9999 -9999 -9999 -9999 -9999 -9999 -9999 -9999 -9999 -9999 53.381 53.251 53.128 53.056 52.968 52.898 52.851 52.778 52.751 52.728 52.703 52.676 52.631 52.643 52.646 52.678 52.693 52.721 52.738 52.751 52.768 52.803 52.798 52.823 52.818 52.798 52.823 52.798 52.781 52.776 52.753 52.726 52.758 52.741 52.746 52.703 52.683 52.671 52.601 52.551 52.501 52.453 52.391 52.336 52.226 52.131 52.038 51.928
-9999 -9999 -9999 -9999 -9999 -9999 -9999 -9999 -9999 -9999 -9999 -9999 -9999 -9999 -9999 -9999 -9999 -9999 -9999 -9999 -9999 -9999 -9999 -9999 -9999 -9999 -9999 53.461 53.311 53.233 53.108 53.023 52.971 52.936 52.813 52.768 52.771 52.703 52.681 52.686 52.656 52.683 52.698 52.686 52.703 52.703 52.738 52.761 52.793 52.801 52.771 52.778 52.776 52.796 52.801 52.756 52.736 52.756 52.728 52.738 52.721 52.736 52.711 52.646 52.648 52.646 52.561 52.501 52.431 52.386 52.301 52.193 52.111 51.998 51.891
-9999 -9999 -9999 -9999 -9999 -9999 -9999 -9999 -9999 -9999 -9999 -9999 -9999 -9999 -9999 -9999 -9999 -9999 -9999 -9999 -9999 -9999 -9999 -9999 -9999 -9999 -9999 -9999 53.381 53.306 53.253 53.143 53.053 52.963 52.916 52.843 52.781 52.766 52.723 52.731 52.698 52.686 52.696 52.686 52.696 52.708 52.738 52.756 52.768 52.748 52.761 52.753 52.766 52.748 52.738 52.711 52.728 52.743 52.711 52.726 52.711 52.711 52.721 52.651 52.628 52.598 52.538 52.478 52.388 52.326 52.256 52.171 52.051 51.951 51.843
-9999 -9999 -9999 -9999 -9999 -9999 -9999 -9999 -9999 -9999 -9999 -9999 -9999 -9999 -9999 -9999 -9999 -9999 -9999 -9999 -9999 -9999 -9999 -9999 -9999 -9999 -9999 -9999 53.486 53.413 53.308 53.218 53.133 53.038 52.933 52.891 52.836 52.821 52.786 52.756 52.693 52.718 52.703 52.733 52.693 52.706 52.716 52.741 52.746 52.736 52.701 52.743 52.711 52.706 52.696 52.688 52.696 52.678 52.688 52.711 52.701 52.701 52.671 52.653 52.651 52.606 52.518 52.426 52.363 52.311 52.238 52.093 51.988 51.903 51.798
-9999 -9999 -9999 -9999 -9999 -9999 -9999 -9999 -9999 -9999 -9999 -9999 -9999 -9999 -9999 -9999 -9999 -9999 -9999 -9999 -9999 -9999 -9999 -9999 -9999 -9999 -9999 -9999 -9999 53.477 53.391 53.268 53.221 53.103 53.003 52.966 52.916 52.876 52.828 52.781 52.771 52.748 52.738 52.708 52.696 52.726 52.703 52.686 52.721 52.701 52.696 52.706 52.701 52.678 52.686 52.611 52.633 52.656 52.651 52.636 52.676 52.688 52.623 52.638 52.621 52.578 52.506 52.396 52.331 52.293 52.218 52.088 51.981 51.876 51.761
-9999 -9999 -9999 -9999 -9999 -9999 -9999 -9999 -9999 -9999 -9999 -9999 -9999 -9999 -9999 -9999 -9999 -9999 -9999 -9999 -9999 -9999 -9999 -9999 -9999 -9999 -9999 -9999 -9999 -9999 53.463 53.358 53.286 53.191 53.091 53.023 52.956 52.931 52.858 52.826 52.808 52.763 52.746 52.716 52.726 52.708 52.696 52.688 52.701 52.686 52.633 52.651 52.673 52.638 52.611 52.623 52.611 52.633 52.631 52.626 52.636 52.656 52.623 52.621 52.553 52.526 52.456 52.391 52.293 52.226 52.153 52.086 51.971 51.821 51.708
-9999 -9999 -9999 -9999 -9999 -9999 -9999 -9999 -9999 -9999 -9999 -9999 -9999 -9999 -9999 -9999 -9999 -9999 -9999 -9999 -9999 -9999 -9999 -9999 -9999 -9999 -9999 -9999 -9999 -9999 53.521 53.438 53.363 53.263 53.171 53.091 52.996 52.971 52.926 52.858 52.806 52.771 52.761 52.758 52.733 52.686 52.678 52.716 52.706 52.668 52.618 52.611 52.631 52.598 52.611 52.596 52.598 52.603 52.603 52.603 52.603 52.603 52.608 52.586 52.523 52.448 52.388 52.363 52.328 52.258 52.161 52.051 51.946 51.836 51.693
-9999 -9999 -9999 -9999 -9999 -9999 -9999 -9999 -9999 -9999 -9999 -9999 -9999 -9999 -9999 -9999 -9999 -9999 -9999 -9999 -9999 -9999 -9999 -9999 -9999 -9999 -9999 -9999 -9999 -9999 -9999 53.514 53.443 53.343 53.183 53.141 53.106 53.018 52.938 52.903 52.843 52.801 52.786 52.768 52.716 52.706 52.673 52.673 52.671 52.591 52.553 52.583 52.628 52.623 52.588 52.603 52.593 52.558 52.563 52.561 52.583 52.553 52.563 52.531 52.478 52.406 52.373 52.361 52.321 52.266 52.166 52.043 51.903 51.801 51.658
-9999 -9999 -9999 -9999 -9999 -9999 -9999 -9999 -9999 -9999 -9999 -9999 -9999 -9999 -9999 -9999 -9999 -9999 -9999 -9999 -9999 -9999 -9999 -9999 -9999 -9999 -9999 -9999 -9999 -9999 -9999 -9999 53.523 53.411 53.306 53.233 53.146 53.061 52.963 52.931 52.878 52.821 52.798 52.758 52.716 52.721 52.673 52.676 52.638 52.596 52.586 52.591 52.558 52.561 52.551 52.563 52.541 52.526 52.518 52.531 52.558 52.528 52.501 52.453 52.443 52.431 52.403 52.378 52.278 52.261 52.183 52.046 51.931 51.781 51.656
-9999 -9999 -9999 -9999 -9999 -9999 -9999 -9999 -9999 -9999 -9999 -9999 -9999 -9999 -9999 -9999 -9999 -9999 -9999 -9999 -9999 -9999 -9999 -9999 -9999 -9999 -9999 -9999 -9999 -9999 -9999 -9999 53.611 53.491 53.403 53.286 53.196 53.131 53.063 52.981 52.873 52.851 52.833 52.801 52.781 52.748 52.676 52.678 52.621 52.598 52.596 52.591 52.568 52.533 52.523 52.531 52.503 52.468 52.463 52.453 52.503 52.506 52.441 52.438 52.436 52.421 52.373 52.348 52.286 52.238 52.148 52.021 51.913 51.761 51.608
-9999 -9999 -9999 -9999 -9999 -9999 -9999 -9999 -9999 -9999 -9999 -9999 -9999 -9999 -9999 -9999 -9999 -9999 -9999 -9999 -9999 -9999 -9999 -9999 -9999 -9999 -9999 -9999 -9999 -9999 -9999 -9999 -9999 53.526 53.448 53.346 53.228 53.153 53.088 52.998 52.918 52.898 52.833 52.798 52.771 52.723 52.661 52.636 52.588 52.578 52.608 52.556 52.571 52.528 52.481 52.451 52.441 52.418 52.426 52.436 52.446 52.458 52.421 52.453 52.436 52.421 52.378 52.331 52.311 52.238 52.161 52.016 51.903 51.793 51.616
