LIDAR/se2589_DTM_2M.asc
ncols 500
nrows 500
xllcorner    425000
yllcorner    489000
cellsize     2
NODATA_value -9999
[rows 224 to 255 of 500, columns 292 to 364 of 500]
39.438 39.44 39.383 39.29 39.22 39.183 39.093 39.038 38.963 38.858 38.775 38.718 38.645 38.58 38.5 38.41 38.34 38.3 38.21 38.12 38.045 37.97 37.87 37.845 37.795 37.785 37.773 37.743 37.67 37.658 37.658 37.643 37.618 37.625 37.6 37.603 37.58 37.58 37.57 37.558 37.553 37.523 37.518 37.52 37.513 37.5 37.468 37.465 37.43 37.383 37.39 37.383 37.39 37.445 37.445 37.39 37.37 37.345 37.423 37.443 37.428 37.383 37.423 37.433 37.443 37.46 37.46 37.45 37.425 37.423 37.385 37.413 37.378
39.338 39.365 39.33 39.223 39.16 39.12 39.013 38.95 38.9 38.813 38.678 38.613 38.55 38.505 38.428 38.363 38.298 38.233 38.12 38.05 37.968 37.93 37.848 37.818 37.725 37.718 37.683 37.653 37.623 37.585 37.635 37.568 37.58 37.555 37.56 37.51 37.53 37.56 37.505 37.493 37.505 37.503 37.533 37.515 37.49 37.43 37.348 37.33 37.23 37.325 37.218 37.335 37.438 37.493 37.438 37.408 37.403 37.358 37.398 37.463 37.438 37.383 37.393 37.4 37.42 37.395 37.415 37.405 37.393 37.4 37.343 37.353 37.335
39.233 39.25 39.18 39.12 39.058 38.998 38.918 38.835 38.76 38.68 38.605 38.52 38.453 38.405 38.333 38.248 38.163 38.103 38.013 37.938 37.873 37.823 37.748 37.718 37.678 37.638 37.618 37.643 37.595 37.518 37.565 37.538 37.57 37.543 37.545 37.54 37.483 37.45 37.453 37.48 37.513 37.453 37.46 37.443 37.448 37.365 37.008 36.803 36.67 36.638 36.655 36.843 37.083 37.205 37.16 37.145 37.038 37.045 36.953 36.908 37.06 37.155 37.265 37.318 37.44 37.435 37.393 37.35 37.393 37.42 37.39 37.363 37.335
39.15 39.138 39.118 39.028 38.948 38.893 38.815 38.725 38.628 38.54 38.46 38.403 38.338 38.263 38.2 38.143 38.065 37.968 37.935 37.89 37.818 37.743 37.735 37.69 37.623 37.558 37.563 37.545 37.523 37.52 37.523 37.518 37.558 37.473 37.448 37.473 37.44 37.405 37.458 37.418 37.38 37.415 37.49 37.505 37.198 36.748 36.5 36.528 36.568 36.563 36.56 36.598 36.643 36.593 36.523 36.59 36.558 36.808 36.753 36.73 36.66 36.565 36.653 36.795 37.073 37.2 37.278 37.348 37.355 37.348 37.35 37.345 37.323
39.07 39.053 39.003 38.923 38.843 38.788 38.71 38.613 38.538 38.438 38.323 38.27 38.21 38.148 38.118 38.095 37.968 37.923 37.853 37.855 37.763 37.723 37.685 37.688 37.608 37.568 37.555 37.525 37.55 37.558 37.48 37.47 37.493 37.488 37.43 37.415 37.388 37.343 37.378 37.41 37.405 37.383 37.178 36.803 36.548 36.545 36.68 36.68 36.71 36.69 36.68 36.725 36.77 36.77 37.083 37.3 37.383 37.555 37.623 37.56 37.248 37.265 36.94 36.793 36.838 36.648 36.68 36.82 36.875 37.19 37.313 37.305 37.303
38.945 38.928 38.888 38.808 38.74 38.653 38.613 38.52 38.433 38.32 38.183 38.145 38.095 38.043 37.993 37.953 37.9 37.878 37.81 37.765 37.718 37.693 37.658 37.618 37.583 37.553 37.51 37.49 37.508 37.535 37.543 37.515 37.513 37.503 37.458 37.405 37.405 37.298 37.07 37.123 36.908 36.6 36.483 36.493 36.673 36.773 36.885 36.868 36.868 36.82 36.81 36.855 36.903 36.915 37.355 37.555 37.595 37.6 37.628 37.618 37.595 37.605 37.595 37.623 37.52 37.2 36.978 36.87 36.76 36.87 36.818 37.135 37.28
38.803 38.788 38.753 38.698 38.625 38.545 38.473 38.375 38.31 38.215 38.145 38.003 37.99 37.958 37.933 37.848 37.843 37.818 37.79 37.705 37.69 37.665 37.62 37.565 37.548 37.548 37.54 37.57 37.598 37.578 37.568 37.553 37.483 37.43 37.413 37.29 37.063 36.898 36.638 36.34 36.455 36.625 36.673 36.72 36.868 37.003 37.085 37.095 37.035 36.95 36.935 36.988 37.04 37.048 37.228 37.32 37.353 37.448 37.473 37.495 37.488 37.47 37.528 37.625 37.628 37.595 37.523 37.42 37.375 37.325 36.72 36.573 37.078
38.68 38.71 38.623 38.558 38.513 38.418 38.355 38.295 38.188 38.125 38.025 37.97 37.908 37.86 37.878 37.86 37.83 37.788 37.728 37.67 37.65 37.605 37.54 37.56 37.59 37.618 37.593 37.588 37.593 37.583 37.61 37.58 37.543 37.3 37.025 36.835 36.708 36.63 36.705 36.593 36.688 36.9 36.963 36.95 37.06 37.185 37.258 37.25 37.27 37.31 37.265 37.305 37.313 37.213 37.15 37.163 37.25 37.203 37.125 37.163 37.248 37.213 37.378 37.5 37.505 37.53 37.513 37.578 37.608 37.63 37.225 36.715 36.565
38.583 38.555 38.503 38.443 38.398 38.355 38.268 38.17 38.078 38.05 37.925 37.903 37.878 37.878 37.848 37.808 37.76 37.648 37.61 37.563 37.543 37.565 37.575 37.583 37.598 37.603 37.6 37.6 37.593 37.623 37.583 37.305 37.128 36.858 36.795 36.708 36.908 36.888 36.945 36.963 36.995 37.155 37.22 37.178 37.248 37.355 37.418 37.42 37.448 37.525 37.545 37.563 37.568 37.56 37.498 37.593 37.518 37.473 37.443 37.323 37.165 37.05 37.135 37.238 37.3 37.353 37.358 37.435 37.458 37.633 37.578 37.215 36.543
38.47 38.413 38.403 38.355 38.305 38.223 38.15 38.068 37.948 37.945 37.923 37.903 37.87 37.853 37.78 37.72 37.638 37.623 37.57 37.548 37.51 37.518 37.578 37.613 37.625 37.683 37.678 37.61 37.55 37.523 37.15 36.893 37.045 37.12 36.975 36.95 37.085 37.098 37.215 37.17 37.26 37.275 37.425 37.393 37.418 37.453 37.483 37.523 37.615 37.705 37.71 37.748 37.763 37.77 37.745 37.803 37.723 37.7 37.708 37.635 37.503 37.408 37.263 37.133 37.12 37.275 37.328 37.318 37.34 37.48 37.58 37.558 37.163
38.39 38.353 38.353 38.295 38.22 38.133 38.048 38.015 37.955 37.938 37.903 37.873 37.833 37.753 37.778 37.7 37.635 37.593 37.515 37.488 37.44 37.46 37.465 37.508 37.633 37.593 37.263 37.063 36.968 36.908 37.065 37.535 37.738 37.628 37.258 37.175 37.233 37.298 37.37 37.45 37.465 37.42 37.46 37.42 37.483 37.58 37.65 37.715 37.735 37.828 37.84 37.853 37.888 37.968 38.05 38.035 37.92 37.858 37.803 37.718 37.683 37.638 37.593 37.503 37.313 37.145 37.19 37.215 37.323 37.375 37.37 37.455 37.533
38.368 38.258 38.27 38.185 38.133 38.08 38.06 38 37.99 37.95 37.88 37.808 37.84 37.828 37.81 37.735 37.623 37.535 37.453 37.38 37.19 37.06 37.008 36.985 37.018 37.138 37.19 37.425 37.543 37.708 37.823 37.835 37.708 37.62 37.468 37.39 37.415 37.503 37.568 37.628 37.608 37.625 37.63 37.69 37.778 37.883 37.89 37.915 37.958 37.968 37.99 38.045 38.14 38.255 38.303 38.293 38.175 38.028 37.905 37.823 37.743 37.728 37.788 37.758 37.575 37.388 37.083 37.145 37.355 37.333 37.31 37.39 37.478
38.388 38.163 38.158 38.165 38.203 38.133 38.028 38.013 37.923 37.87 37.893 37.915 37.898 37.893 37.835 37.783 37.613 37.43 37.24 37.103 37.065 37.54 37.715 37.738 37.83 37.923 37.995 38.013 37.945 37.9 37.763 37.663 37.533 37.455 37.503 37.623 37.698 37.723 37.73 37.798 37.825 37.943 37.973 37.97 38.108 38.13 38.1 38.15 38.2 38.183 38.205 38.323 38.395 38.498 38.528 38.5 38.438 38.238 38.05 38.013 37.933 37.88 37.863 37.878 37.843 37.723 37.393 37.105 37.153 37.298 37.345 37.388 37.373
38.36 38.115 38.12 38.118 38.203 38.105 38.005 37.963 37.94 37.948 37.99 37.98 37.928 37.91 37.905 37.818 37.498 37.21 37.093 37.27 37.955 38.243 38.11 38.088 38.028 37.993 37.933 37.9 37.73 37.623 37.488 37.488 37.583 37.655 37.668 37.795 37.913 37.943 38.003 38.023 38.105 38.155 38.203 38.228 38.375 38.363 38.325 38.348 38.383 38.41 38.493 38.65 38.645 38.703 38.713 38.635 38.625 38.458 38.218 38.143 38.135 38.043 38.018 37.925 37.943 37.805 37.585 37.368 37.07 37.145 37.36 37.375 37.33
38.508 38.158 38.07 38.138 38.175 38.083 38.013 37.995 37.99 38.025 38.01 37.955 37.963 37.923 37.953 37.855 37.223 37.205 37.648 37.85 38.09 38.09 38.035 37.978 37.923 37.758 37.635 37.56 37.46 37.418 37.588 37.733 37.93 38.013 37.968 37.873 38.03 38.18 38.228 38.275 38.35 38.385 38.338 38.388 38.485 38.518 38.555 38.608 38.67 38.638 38.745 38.838 38.775 38.85 38.883 38.74 38.733 38.56 38.448 38.4 38.395 38.308 38.228 38.1 37.978 37.773 37.613 37.508 37.395 37.215 37.093 37.238 37.283
38.693 38.188 37.83 38.138 38.178 38.178 38.115 38.083 38.073 38.025 38.008 37.953 37.893 37.873 37.76 37.465 37.235 37.953 38.06 38.038 38.023 37.89 37.81 37.78 37.655 37.535 37.503 37.493 37.403 37.518 37.815 38.058 38.185 38.193 38.205 38.225 38.113 38.11 38.255 38.335 38.433 38.433 38.463 38.588 38.693 38.755 38.805 38.778 38.885 38.868 38.893 38.93 38.94 39.02 39.033 38.873 38.843 38.775 38.728 38.71 38.625 38.53 38.39 38.293 38.09 37.805 37.625 37.498 37.5 37.49 37.255 36.998 37.108
38.83 38.428 38.135 38.143 38.19 38.208 38.173 38.11 38.1 38.063 37.95 37.825 37.668 37.58 37.385 37.4 38.048 38.105 38.06 37.978 37.88 37.673 37.635 37.565 37.538 37.625 37.573 37.533 37.548 37.665 37.963 38.205 38.34 38.33 38.32 38.365 38.308 38.313 38.263 38.385 38.493 38.583 38.635 38.74 38.85 38.953 38.895 38.838 38.858 38.963 38.985 39.035 39.118 39.145 39.15 39.05 38.985 38.928 38.863 38.915 38.85 38.71 38.59 38.475 38.265 37.905 37.645 37.558 37.493 37.445 37.328 37.155 37.013
38.933 38.728 38.375 38.268 38.325 38.333 38.293 38.173 38.075 37.9 37.753 37.58 37.5 37.318 37.22 37.835 38.133 38.07 37.985 37.773 37.663 37.573 37.58 37.623 37.735 37.748 37.683 37.603 37.605 37.73 37.965 38.263 38.365 38.373 38.393 38.433 38.42 38.565 38.485 38.438 38.465 38.65 38.748 38.825 38.978 39.008 38.953 38.923 38.885 38.968 39.063 39.16 39.233 39.263 39.315 39.263 39.168 39.115 39.075 39.038 38.99 38.943 38.77 38.613 38.365 38.063 37.86 37.773 37.588 37.375 37.363 37.323 37.245
38.988 39.045 38.818 38.573 38.348 38.163 38.068 37.91 37.79 37.605 37.485 37.34 37.288 37.22 37.593 38.095 38.08 37.925 37.765 37.588 37.575 37.573 37.553 37.715 37.85 37.828 37.748 37.73 37.743 37.835 38.1 38.278 38.433 38.463 38.468 38.528 38.538 38.6 38.685 38.72 38.63 38.613 38.695 38.843 38.953 39.023 38.973 38.87 38.893 38.995 39.045 39.145 39.215 39.27 39.318 39.308 39.28 39.25 39.19 39.138 39.11 39.098 38.96 38.793 38.57 38.303 38.103 37.838 37.673 37.475 37.36 37.34 37.248
39.03 39.08 39.075 38.798 38.16 37.81 37.698 37.55 37.455 37.338 37.27 37.255 37.393 37.558 37.88 37.958 37.92 37.678 37.63 37.663 37.673 37.678 37.665 37.708 37.83 37.835 37.778 37.828 37.873 38.038 38.223 38.36 38.483 38.613 38.67 38.735 38.688 38.785 38.94 38.993 38.89 38.753 38.673 38.83 38.965 39.033 38.963 38.848 38.883 38.918 38.958 39.058 39.108 39.18 39.21 39.25 39.243 39.253 39.273 39.255 39.248 39.143 38.928 38.82 38.643 38.495 38.318 37.865 37.738 37.545 37.45 37.425 37.343
38.97 38.945 38.425 38.32 37.813 37.505 37.503 37.548 37.58 37.773 37.803 37.89 38.043 37.975 37.93 37.888 37.775 37.728 37.8 37.79 37.795 37.808 37.84 37.835 37.83 37.833 37.838 37.925 38.078 38.22 38.4 38.568 38.66 38.705 38.733 38.815 38.843 39.088 39.295 39.325 39.203 39.025 38.82 38.76 38.9 38.99 38.958 38.988 39.018 39.015 38.945 39.005 39.018 39.04 39.088 39.065 39.053 39.148 39.243 39.168 39.13 39.115 38.965 38.815 38.67 38.55 38.268 37.963 37.815 37.625 37.503 37.45 37.335
39.023 39.03 38.225 37.773 37.94 38.433 38.56 38.46 38.398 38.338 38.218 38.105 38.135 38.023 38.008 37.985 37.865 37.87 37.94 37.883 37.893 37.943 37.905 37.895 37.893 37.95 37.963 38.083 38.305 38.4 38.58 38.81 38.898 38.86 38.753 38.903 39.153 39.458 39.65 39.68 39.568 39.38 39.098 38.865 38.765 38.848 38.925 38.978 39.01 39.033 39.06 39.068 39.043 39.015 39.005 38.985 39.03 39.028 39.04 39.03 39.035 39.073 39.06 38.908 38.725 38.588 38.22 38.01 37.88 37.768 37.65 37.565 37.495
39.13 39.058 38.878 38.515 38.858 38.913 38.815 38.69 38.593 38.5 38.38 38.238 38.168 38.155 38.13 38.093 37.973 37.948 38.03 38.008 37.938 38.013 38.023 37.975 38.003 38.073 38.155 38.315 38.43 38.603 38.78 38.963 39.118 39.143 39.093 39.248 39.55 39.795 39.92 39.99 39.963 39.77 39.465 39.15 38.945 38.893 38.975 38.973 39.043 39.12 39.115 39.108 39.075 38.98 38.978 39.03 39.09 39.098 39.048 38.998 38.99 38.958 38.945 38.873 38.7 38.555 38.238 38.088 38.01 37.813 37.645 37.51 37.503
39.175 39.058 39.063 38.968 39.228 39.11 38.86 38.725 38.633 38.57 38.468 38.318 38.245 38.243 38.22 38.208 38.123 38.073 38.115 38.073 38.055 38.03 38.095 38.158 38.223 38.305 38.423 38.515 38.723 38.94 39.115 39.273 39.415 39.51 39.595 39.733 39.968 40.055 40.083 40.113 40.078 40.023 39.8 39.468 39.248 39.15 39.115 39.08 39.115 39.223 39.208 39.075 39.018 38.888 38.893 38.955 38.988 39.045 39.08 39.1 39.078 39.005 38.96 38.838 38.6 38.385 38.215 38.073 37.793 37.688 37.52 37.365 37.355
39.18 39.093 39.16 39.17 39.285 39.17 38.885 38.77 38.6 38.525 38.483 38.46 38.415 38.488 38.4 38.335 38.203 38.2 38.225 38.225 38.208 38.215 38.308 38.345 38.428 38.533 38.635 38.82 39.028 39.263 39.433 39.575 39.718 39.838 39.96 40.055 40.098 40.115 40.11 40.09 40.135 40.103 40.015 39.783 39.583 39.425 39.353 39.305 39.113 39.085 39.165 39.028 38.878 38.758 38.76 38.795 38.893 38.953 39.035 39.075 39.035 38.915 38.905 38.815 38.555 38.238 38.008 37.938 37.85 37.815 37.728 37.62 37.548
39.23 39.155 39.2 39.198 39.16 39.088 38.968 38.898 38.753 38.725 38.68 38.64 38.765 38.918 38.7 38.498 38.398 38.333 38.42 38.323 38.383 38.428 38.495 38.533 38.658 38.785 39.023 39.233 39.448 39.633 39.713 39.87 40.02 40.088 40.168 40.22 40.198 40.163 40.143 40.158 40.185 40.183 40.148 40.028 39.865 39.62 39.515 39.428 39.26 39.235 39.19 39.02 38.885 38.783 38.773 38.703 38.73 38.765 38.81 38.873 38.815 38.683 38.595 38.535 38.24 38.125 38.135 38.145 38.003 37.903 37.815 37.703 37.643
39.275 39.195 39.285 39.338 39.323 39.168 38.988 39.008 39.005 38.988 38.975 38.91 38.898 38.983 38.81 38.658 38.663 38.608 38.63 38.61 38.69 38.755 38.845 38.935 39.16 39.32 39.563 39.72 39.818 39.975 40.058 40.188 40.28 40.305 40.335 40.378 40.298 40.275 40.198 40.21 40.248 40.28 40.25 40.17 40.05 39.838 39.678 39.445 39.298 39.298 39.3 39.23 39.163 39.043 38.93 38.865 38.805 38.81 38.848 38.9 38.913 38.738 38.605 38.463 38.44 38.325 38.195 38.115 37.985 37.888 37.815 37.763 37.808
39.375 39.343 39.425 39.555 39.57 39.428 39.285 39.285 39.388 39.3 39.268 39.218 39.125 39.098 39.043 38.975 39.033 39.07 39.053 39.105 39.255 39.278 39.363 39.513 39.675 39.848 40.068 40.138 40.148 40.225 40.335 40.378 40.398 40.468 40.525 40.525 40.433 40.45 40.395 40.363 40.388 40.42 40.418 40.338 40.215 39.963 39.72 39.508 39.435 39.388 39.298 39.263 39.233 39.128 39.058 39.08 39.118 39.178 39.198 39.278 39.128 39.003 38.878 38.758 38.61 38.375 38.158 38.078 38.108 37.955 37.848 37.845 37.918
39.603 39.46 39.563 39.745 39.813 39.718 39.63 39.603 39.693 39.648 39.603 39.538 39.46 39.47 39.45 39.45 39.47 39.523 39.505 39.55 39.635 39.67 39.728 39.758 39.858 39.955 40.1 40.133 40.185 40.253 40.353 40.358 40.368 40.46 40.508 40.51 40.45 40.473 40.438 40.388 40.533 40.495 40.548 40.485 40.375 40.185 39.955 39.91 39.718 39.535 39.39 39.398 39.388 39.318 39.225 39.213 39.285 39.353 39.428 39.455 39.363 39.185 39.073 38.895 38.588 38.355 38.165 38.233 38.403 38.173 37.935 37.863 37.898
39.778 39.62 39.803 39.985 40.038 40.06 40.01 39.985 39.955 39.9 39.87 39.753 39.735 39.678 39.608 39.613 39.595 39.588 39.553 39.543 39.563 39.573 39.628 39.678 39.775 39.778 39.908 39.928 40.033 40.07 40.158 40.158 40.2 40.258 40.303 40.303 40.308 40.368 40.383 40.343 40.43 40.445 40.443 40.405 40.408 40.298 40.138 40.138 40.098 39.858 39.78 39.658 39.563 39.523 39.43 39.413 39.483 39.59 39.69 39.563 39.448 39.333 39.205 38.923 38.695 38.55 38.283 38.268 38.38 38.088 37.93 37.898 37.975
39.948 39.843 40.025 40.273 40.23 40.195 40.175 40.095 40.01 39.915 39.825 39.733 39.68 39.625 39.603 39.563 39.518 39.523 39.525 39.535 39.548 39.568 39.62 39.673 39.758 39.835 39.888 39.938 40.02 40.07 40.125 40.17 40.195 40.233 40.255 40.263 40.273 40.293 40.32 40.253 40.305 40.283 40.24 40.235 40.225 40.18 40.153 40.193 40.198 40.118 40.12 39.975 39.955 39.97 39.88 39.853 39.855 39.873 39.983 39.88 39.635 39.48 39.28 39.06 38.838 38.64 38.398 38.125 38.15 37.985 37.96 38.02 38.095
40.095 40.083 40.248 40.4 40.36 40.213 40.105 39.998 39.948 39.858 39.815 39.78 39.725 39.67 39.638 39.628 39.615 39.59 39.575 39.595 39.615 39.653 39.685 39.735 39.798 39.863 39.91 39.98 40.02 40.07 40.118 40.17 40.195 40.233 40.248 40.295 40.283 40.313 40.315 40.298 40.315 40.32 40.29 40.27 40.228 40.183 40.128 40.163 40.118 40.09 40.018 39.973 39.995 39.965 40.003 39.978 39.918 39.96 39.975 39.96 39.833 39.703 39.603 39.385 39.163 38.915 38.603 38.448 38.333 38.193 38.148 38.16 38.275
