LIDAR/se2586_DTM_2M.asc
ncols 500
nrows 500
xllcorner    425000
yllcorner    486000
cellsize     2
NODATA_value -9999
[rows 34 to 67 of 500, columns 300 to 374 of 500]
51.983 51.938 51.893 51.84 51.78 51.763 51.728 51.693 51.64 51.598 51.563 51.528 51.488 51.525 51.5 51.495 51.495 51.5 51.48 51.485 51.455 51.405 51.408 51.373 51.33 51.263 51.27 51.215 51.19 51.133 51.083 51.008 50.988 50.945 50.92 50.9 50.938 50.94 50.923 50.968 50.998 50.998 51.028 51.065 51.075 51.098 51.098 50.995 50.855 50.705 50.58 50.578 50.505 50.473 50.42 50.378 50.343 50.223 50.1 49.955 49.825 49.775 49.71 49.61 49.495 49.443 49.418 49.318 49.048 48.748 48.603 48.475 48.385 48.253 48.108
52.018 51.965 51.923 51.863 51.82 51.763 51.728 51.668 51.633 51.588 51.558 51.558 51.525 51.483 51.453 51.453 51.455 51.428 51.44 51.398 51.373 51.37 51.325 51.288 51.245 51.18 51.15 51.093 51.06 51.03 50.99 50.923 50.888 50.86 50.843 50.81 50.828 50.843 50.885 50.875 50.913 50.963 50.985 51.025 51.078 51.065 51.068 51.093 51.013 50.838 50.663 50.64 50.595 50.538 50.48 50.443 50.39 50.3 50.235 50.123 49.993 49.845 49.755 49.67 49.615 49.54 49.415 49.32 49.145 48.933 48.678 48.603 48.52 48.338 48.168
52.075 51.995 51.925 51.9 51.86 51.785 51.743 51.675 51.628 51.58 51.573 51.543 51.49 51.475 51.428 51.423 51.42 51.37 51.35 51.333 51.31 51.31 51.225 51.168 51.155 51.118 51.058 51.008 50.953 50.895 50.823 50.778 50.755 50.743 50.743 50.728 50.713 50.74 50.763 50.805 50.863 50.933 50.928 50.973 51.01 50.998 51.025 51.093 51.078 50.985 50.853 50.738 50.67 50.623 50.57 50.533 50.45 50.335 50.268 50.223 50.15 49.968 49.825 49.703 49.66 49.573 49.455 49.303 49.123 48.96 48.803 48.665 48.58 48.48 48.285
52.11 52.045 51.995 51.905 51.835 51.818 51.743 51.67 51.653 51.588 51.558 51.538 51.513 51.495 51.433 51.37 51.405 51.345 51.288 51.268 51.248 51.173 51.123 51.085 51.05 50.983 50.925 50.895 50.823 50.738 50.71 50.665 50.638 50.628 50.605 50.648 50.643 50.65 50.695 50.72 50.79 50.843 50.9 50.918 50.948 50.963 51.015 51.058 51.058 51.058 50.985 50.853 50.785 50.688 50.673 50.57 50.488 50.41 50.313 50.26 50.188 50.085 49.94 49.758 49.668 49.6 49.528 49.405 49.16 49.03 48.923 48.848 48.645 48.513 48.355
52.16 52.11 52.033 51.953 51.85 51.813 51.758 51.71 51.678 51.64 51.578 51.553 51.49 51.46 51.44 51.358 51.328 51.29 51.225 51.198 51.17 51.08 51.028 50.988 50.913 50.853 50.813 50.738 50.693 50.625 50.62 50.553 50.543 50.503 50.488 50.53 50.585 50.595 50.615 50.65 50.74 50.8 50.84 50.883 50.91 50.953 50.983 51.053 51.04 51.055 51.053 51.023 50.915 50.763 50.713 50.63 50.525 50.468 50.37 50.293 50.215 50.133 50.005 49.855 49.705 49.61 49.558 49.455 49.28 49.133 49.053 48.97 48.813 48.568 48.385
52.15 52.093 52.028 51.985 51.893 51.843 51.795 51.748 51.683 51.62 51.583 51.568 51.525 51.448 51.428 51.345 51.288 51.25 51.188 51.133 51.055 51.003 50.968 50.868 50.823 50.725 50.648 50.608 50.565 50.488 50.445 50.385 50.365 50.403 50.433 50.46 50.47 50.515 50.563 50.6 50.655 50.76 50.803 50.82 50.878 50.948 50.99 51.013 51.055 51.068 51.078 51.08 51.053 50.898 50.775 50.703 50.578 50.503 50.405 50.32 50.235 50.143 50.058 49.953 49.755 49.62 49.543 49.478 49.35 49.265 49.13 49.055 48.883 48.71 48.473
52.183 52.115 52.093 52.015 51.94 51.905 51.825 51.78 51.723 51.668 51.63 51.57 51.518 51.458 51.378 51.318 51.238 51.185 51.138 51.07 51.003 50.943 50.823 50.74 50.705 50.565 50.485 50.473 50.41 50.37 50.323 50.27 50.258 50.31 50.328 50.33 50.39 50.453 50.473 50.55 50.598 50.68 50.73 50.795 50.86 50.92 50.963 50.975 51.06 51.095 51.118 51.123 51.118 51.038 50.923 50.788 50.665 50.553 50.445 50.373 50.288 50.165 50.095 49.99 49.893 49.7 49.54 49.438 49.395 49.343 49.263 49.115 48.955 48.828 48.68
52.23 52.143 52.105 52.073 51.985 51.925 51.87 51.798 51.738 51.69 51.64 51.545 51.488 51.433 51.37 51.273 51.2 51.133 51.045 50.98 50.9 50.838 50.76 50.65 50.583 50.483 50.418 50.355 50.298 50.225 50.188 50.205 50.205 50.18 50.205 50.248 50.33 50.348 50.393 50.47 50.538 50.598 50.65 50.73 50.813 50.863 50.923 50.965 50.995 51.068 51.105 51.098 51.09 51.113 51.04 50.983 50.79 50.623 50.503 50.38 50.328 50.22 50.083 50.01 49.908 49.785 49.615 49.448 49.38 49.36 49.298 49.203 49.023 48.91 48.773
52.26 52.18 52.1 52.055 51.993 51.92 51.9 51.798 51.74 51.665 51.61 51.54 51.475 51.393 51.295 51.218 51.15 51.058 50.97 50.91 50.788 50.703 50.633 50.56 50.453 50.363 50.288 50.205 50.143 50.143 50.095 50.095 50.093 50.088 50.145 50.168 50.228 50.258 50.32 50.42 50.503 50.533 50.57 50.665 50.748 50.83 50.885 50.925 50.965 51.025 51.065 51.09 51.128 51.078 51.053 51.015 50.863 50.683 50.56 50.395 50.303 50.225 50.125 50.01 49.945 49.848 49.73 49.573 49.42 49.36 49.283 49.265 49.148 48.995 48.86
52.323 52.24 52.158 52.058 52.035 51.95 51.928 51.828 51.738 51.648 51.6 51.51 51.445 51.338 51.25 51.19 51.088 51.003 50.893 50.833 50.733 50.633 50.538 50.43 50.363 50.263 50.178 50.113 50.073 50.03 49.993 49.958 49.983 50.013 50.058 50.055 50.123 50.18 50.25 50.355 50.413 50.495 50.565 50.648 50.69 50.78 50.838 50.88 50.923 51.005 51.05 51.09 51.113 51.113 51.045 50.988 50.955 50.793 50.648 50.47 50.3 50.225 50.153 50.05 49.97 49.85 49.755 49.67 49.513 49.328 49.273 49.25 49.195 49.128 48.988
52.303 52.253 52.15 52.083 52.04 51.913 51.87 51.81 51.725 51.635 51.558 51.483 51.408 51.283 51.175 51.12 51.008 50.908 50.808 50.735 50.66 50.56 50.433 50.358 50.25 50.155 50.103 49.973 49.938 49.908 49.885 49.88 49.89 49.92 49.94 49.985 50 50.105 50.18 50.235 50.345 50.455 50.533 50.618 50.67 50.705 50.788 50.853 50.895 50.948 51.003 51.03 51.05 51.06 51.01 50.973 50.97 50.858 50.718 50.525 50.348 50.235 50.158 50.09 49.985 49.863 49.755 49.665 49.563 49.41 49.293 49.263 49.223 49.153 49.07
52.308 52.225 52.143 52.103 52.003 51.873 51.818 51.783 51.69 51.583 51.51 51.418 51.335 51.255 51.143 51.045 50.933 50.848 50.723 50.638 50.575 50.46 50.345 50.228 50.148 50.043 49.988 49.885 49.833 49.808 49.818 49.79 49.795 49.813 49.843 49.905 49.93 49.98 50.118 50.218 50.315 50.403 50.483 50.573 50.62 50.653 50.723 50.758 50.85 50.895 50.955 50.97 50.975 51.023 50.99 50.99 50.98 50.925 50.768 50.598 50.42 50.278 50.138 50.06 49.983 49.89 49.77 49.678 49.59 49.503 49.375 49.255 49.203 49.145 49.13
52.328 52.188 52.148 52.073 51.995 51.923 51.783 51.723 51.635 51.513 51.465 51.363 51.275 51.18 51.1 50.985 50.84 50.75 50.645 50.565 50.468 50.37 50.248 50.15 50.06 49.963 49.855 49.785 49.755 49.705 49.7 49.668 49.688 49.738 49.773 49.823 49.883 49.98 50.073 50.155 50.26 50.34 50.428 50.485 50.57 50.648 50.698 50.735 50.805 50.845 50.873 50.89 50.928 50.953 50.96 50.978 50.948 50.908 50.83 50.695 50.483 50.345 50.193 50.065 49.983 49.908 49.775 49.685 49.618 49.545 49.478 49.31 49.203 49.143 49.14
52.298 52.185 52.088 52.05 51.95 51.843 51.75 51.678 51.608 51.503 51.42 51.323 51.23 51.13 51.015 50.9 50.82 50.738 50.615 50.475 50.368 50.285 50.165 50.035 49.918 49.848 49.768 49.723 49.633 49.625 49.593 49.563 49.595 49.663 49.668 49.725 49.843 49.895 50.023 50.093 50.173 50.28 50.35 50.448 50.56 50.618 50.683 50.725 50.755 50.793 50.83 50.85 50.865 50.915 50.903 50.938 50.913 50.835 50.815 50.768 50.625 50.418 50.178 50.045 49.953 49.898 49.843 49.713 49.625 49.553 49.49 49.413 49.253 49.143 49.105
52.23 52.145 52.065 51.98 51.898 51.803 51.728 51.598 51.538 51.44 51.343 51.25 51.135 51.013 50.935 50.84 50.748 50.633 50.535 50.398 50.27 50.17 50.055 49.91 49.818 49.75 49.688 49.593 49.55 49.51 49.503 49.525 49.515 49.55 49.625 49.695 49.775 49.87 49.965 50.053 50.135 50.19 50.333 50.41 50.51 50.588 50.635 50.725 50.69 50.735 50.775 50.798 50.818 50.845 50.853 50.863 50.87 50.813 50.785 50.785 50.715 50.47 50.218 50.095 49.948 49.868 49.848 49.763 49.64 49.548 49.47 49.435 49.35 49.213 49.11
52.188 52.13 52 51.92 51.808 51.71 51.638 51.548 51.453 51.368 51.258 51.148 51.035 50.97 50.88 50.775 50.668 50.558 50.433 50.275 50.16 50.043 49.915 49.823 49.745 49.648 49.558 49.483 49.48 49.443 49.418 49.458 49.448 49.478 49.588 49.663 49.728 49.818 49.895 49.995 50.088 50.185 50.293 50.368 50.455 50.573 50.623 50.698 50.723 50.698 50.708 50.738 50.763 50.758 50.783 50.805 50.82 50.783 50.763 50.743 50.67 50.528 50.34 50.163 49.948 49.86 49.815 49.753 49.695 49.593 49.503 49.47 49.39 49.318 49.178
52.183 52.073 51.973 51.901 51.813 51.703 51.578 51.518 51.378 51.283 51.183 51.051 51.026 50.906 50.791 50.713 50.578 50.458 50.323 50.173 50.016 49.923 49.813 49.721 49.621 49.553 49.456 49.403 49.383 49.368 49.353 49.396 49.446 49.496 49.518 49.586 49.666 49.733 49.836 49.953 50.041 50.131 50.238 50.341 50.448 50.531 50.583 50.611 50.643 50.646 50.698 50.696 50.716 50.708 50.711 50.746 50.793 50.728 50.748 50.741 50.651 50.598 50.463 50.291 50.063 49.898 49.821 49.743 49.711 49.648 49.546 49.461 49.401 49.351 49.278
52.128 52.033 51.961 51.838 51.748 51.638 51.548 51.421 51.323 51.238 51.136 51.023 50.966 50.828 50.706 50.596 50.476 50.346 50.196 50.058 49.893 49.836 49.711 49.631 49.538 49.436 49.363 49.326 49.288 49.281 49.303 49.353 49.391 49.378 49.441 49.508 49.606 49.708 49.783 49.916 49.998 50.088 50.178 50.293 50.383 50.468 50.511 50.581 50.631 50.653 50.696 50.673 50.633 50.673 50.688 50.733 50.723 50.696 50.713 50.691 50.613 50.626 50.531 50.426 50.176 49.961 49.831 49.768 49.706 49.663 49.603 49.523 49.443 49.398 49.351
52.043 51.981 51.891 51.756 51.678 51.568 51.463 51.396 51.268 51.183 51.096 50.943 50.813 50.716 50.616 50.493 50.341 50.213 50.053 49.928 49.803 49.708 49.606 49.531 49.436 49.328 49.283 49.263 49.246 49.253 49.283 49.301 49.321 49.301 49.406 49.478 49.568 49.671 49.761 49.828 49.953 50.046 50.151 50.248 50.338 50.438 50.476 50.541 50.608 50.608 50.638 50.656 50.626 50.626 50.663 50.686 50.666 50.631 50.666 50.668 50.618 50.591 50.541 50.473 50.251 50.033 49.883 49.788 49.731 49.693 49.648 49.568 49.488 49.411 49.381
52.031 51.901 51.861 51.721 51.661 51.533 51.403 51.336 51.221 51.078 50.966 50.848 50.736 50.638 50.506 50.353 50.211 50.073 49.933 49.791 49.671 49.591 49.511 49.438 49.336 49.223 49.231 49.226 49.198 49.201 49.233 49.236 49.253 49.313 49.371 49.468 49.538 49.636 49.706 49.808 49.911 50.006 50.121 50.193 50.293 50.398 50.428 50.506 50.561 50.588 50.618 50.631 50.633 50.591 50.601 50.618 50.608 50.596 50.611 50.601 50.586 50.593 50.561 50.488 50.391 50.196 49.941 49.801 49.731 49.733 49.671 49.603 49.546 49.493 49.421
51.991 51.901 51.803 51.703 51.558 51.451 51.346 51.253 51.133 50.981 50.826 50.746 50.623 50.486 50.343 50.231 50.101 49.963 49.826 49.683 49.578 49.506 49.401 49.333 49.253 49.201 49.173 49.166 49.131 49.151 49.156 49.181 49.218 49.268 49.346 49.408 49.488 49.581 49.666 49.778 49.866 49.976 50.066 50.181 50.266 50.348 50.416 50.488 50.528 50.568 50.616 50.598 50.638 50.616 50.573 50.556 50.558 50.566 50.608 50.571 50.526 50.551 50.566 50.496 50.528 50.423 50.081 49.891 49.808 49.756 49.726 49.671 49.608 49.566 49.491
51.953 51.846 51.736 51.643 51.476 51.388 51.258 51.146 51.016 50.878 50.708 50.593 50.493 50.376 50.243 50.106 49.941 49.811 49.683 49.578 49.486 49.356 49.306 49.206 49.196 49.156 49.116 49.106 49.091 49.081 49.113 49.161 49.211 49.248 49.343 49.401 49.488 49.538 49.623 49.698 49.851 49.943 50.028 50.128 50.198 50.298 50.383 50.451 50.493 50.568 50.563 50.601 50.621 50.601 50.568 50.541 50.526 50.528 50.546 50.503 50.483 50.488 50.556 50.536 50.493 50.536 50.241 49.968 49.883 49.801 49.748 49.713 49.683 49.616 49.586
51.911 51.783 51.686 51.568 51.433 51.281 51.161 50.988 50.893 50.756 50.626 50.491 50.358 50.251 50.116 49.948 49.791 49.668 49.541 49.436 49.368 49.256 49.208 49.178 49.151 49.118 49.078 49.061 49.036 49.038 49.076 49.133 49.176 49.258 49.316 49.353 49.478 49.548 49.613 49.703 49.783 49.893 49.991 50.091 50.163 50.251 50.351 50.426 50.483 50.528 50.551 50.586 50.556 50.561 50.541 50.528 50.518 50.478 50.478 50.483 50.496 50.506 50.531 50.531 50.491 50.523 50.326 50.108 50.003 49.916 49.818 49.773 49.723 49.661 49.646
51.841 51.711 51.606 51.466 51.346 51.213 51.066 50.926 50.796 50.603 50.471 50.363 50.241 50.093 49.933 49.806 49.701 49.571 49.451 49.348 49.246 49.208 49.178 49.121 49.063 49.043 49.001 48.986 48.978 49.003 49.061 49.121 49.173 49.258 49.348 49.366 49.448 49.551 49.616 49.681 49.786 49.881 49.978 50.073 50.143 50.208 50.303 50.361 50.453 50.486 50.516 50.558 50.568 50.526 50.511 50.501 50.476 50.426 50.451 50.468 50.488 50.516 50.526 50.538 50.506 50.483 50.408 50.251 50.091 50.021 49.908 49.808 49.788 49.738 49.711
51.778 51.626 51.516 51.396 51.223 51.093 50.968 50.826 50.696 50.518 50.378 50.251 50.101 49.956 49.831 49.691 49.596 49.461 49.333 49.273 49.213 49.158 49.118 49.066 48.991 48.978 48.948 48.943 48.986 48.981 49.011 49.118 49.173 49.233 49.298 49.348 49.438 49.536 49.598 49.678 49.776 49.868 49.943 50.051 50.121 50.181 50.258 50.348 50.391 50.441 50.473 50.498 50.528 50.516 50.493 50.491 50.488 50.453 50.463 50.506 50.481 50.491 50.506 50.541 50.528 50.498 50.471 50.308 50.163 50.091 50.018 49.916 49.823 49.798 49.756
51.738 51.598 51.428 51.288 51.146 50.996 50.828 50.711 50.573 50.451 50.271 50.111 49.968 49.848 49.743 49.598 49.478 49.346 49.258 49.193 49.161 49.081 49.021 48.966 48.926 48.908 48.896 48.933 48.981 49.028 49.048 49.126 49.173 49.243 49.306 49.371 49.456 49.528 49.603 49.693 49.758 49.863 49.916 49.991 50.083 50.163 50.208 50.276 50.353 50.381 50.441 50.448 50.498 50.488 50.498 50.496 50.486 50.471 50.471 50.491 50.481 50.471 50.491 50.491 50.551 50.496 50.476 50.343 50.226 50.178 50.131 50.066 49.923 49.871 49.808
51.676 51.551 51.363 51.238 51.071 50.931 50.743 50.581 50.473 50.316 50.138 49.983 49.871 49.746 49.623 49.463 49.371 49.281 49.203 49.081 49.056 48.986 48.941 48.898 48.901 48.888 48.908 48.931 48.993 49.026 49.083 49.141 49.186 49.228 49.331 49.373 49.438 49.556 49.596 49.701 49.766 49.843 49.923 49.968 50.048 50.136 50.178 50.246 50.308 50.361 50.401 50.441 50.471 50.488 50.488 50.518 50.453 50.466 50.466 50.481 50.461 50.476 50.488 50.531 50.543 50.531 50.461 50.406 50.333 50.266 50.208 50.166 50.061 49.938 49.886
51.646 51.503 51.308 51.166 50.991 50.821 50.688 50.528 50.351 50.186 50.043 49.901 49.778 49.646 49.491 49.388 49.323 49.198 49.143 49.043 48.963 48.911 48.873 48.828 48.848 48.851 48.891 48.896 48.978 49.031 49.058 49.131 49.171 49.223 49.371 49.433 49.483 49.561 49.626 49.703 49.741 49.806 49.921 49.953 50.031 50.086 50.151 50.193 50.268 50.341 50.343 50.421 50.453 50.476 50.466 50.491 50.476 50.478 50.461 50.473 50.468 50.476 50.486 50.561 50.541 50.546 50.508 50.501 50.468 50.318 50.286 50.258 50.171 50.063 49.966
51.571 51.428 51.266 51.093 50.913 50.736 50.593 50.416 50.228 50.088 49.953 49.836 49.686 49.578 49.436 49.331 49.251 49.103 49.041 48.991 48.906 48.868 48.818 48.781 48.803 48.848 48.883 48.933 48.928 49.018 49.073 49.186 49.223 49.246 49.376 49.458 49.501 49.566 49.626 49.696 49.766 49.816 49.883 49.948 49.988 50.033 50.108 50.196 50.258 50.313 50.351 50.411 50.426 50.471 50.463 50.471 50.451 50.488 50.448 50.458 50.491 50.468 50.486 50.563 50.543 50.573 50.558 50.538 50.466 50.426 50.363 50.296 50.223 50.156 50.068
51.553 51.398 51.211 51.041 50.861 50.683 50.496 50.336 50.186 50.041 49.866 49.738 49.633 49.498 49.401 49.276 49.173 49.081 48.978 48.923 48.831 48.833 48.803 48.778 48.816 48.836 48.878 48.908 48.916 48.986 49.108 49.188 49.273 49.313 49.411 49.503 49.538 49.571 49.638 49.718 49.786 49.823 49.863 49.926 50.003 50.053 50.126 50.168 50.258 50.281 50.338 50.386 50.411 50.411 50.451 50.461 50.428 50.473 50.483 50.486 50.481 50.488 50.498 50.521 50.546 50.596 50.596 50.613 50.548 50.501 50.438 50.351 50.261 50.193 50.161
51.521 51.326 51.158 51.001 50.791 50.606 50.436 50.296 50.113 49.948 49.801 49.676 49.551 49.426 49.311 49.211 49.128 49.036 48.948 48.866 48.796 48.783 48.783 48.776 48.793 48.828 48.856 48.901 48.951 49.026 49.133 49.223 49.308 49.341 49.398 49.456 49.576 49.591 49.678 49.751 49.791 49.806 49.881 49.963 50.023 50.078 50.141 50.161 50.251 50.306 50.356 50.358 50.388 50.423 50.453 50.438 50.423 50.483 50.518 50.508 50.491 50.531 50.511 50.558 50.598 50.593 50.633 50.648 50.628 50.603 50.511 50.421 50.301 50.253 50.248
51.496 51.318 51.111 50.941 50.758 50.548 50.396 50.233 50.043 49.916 49.781 49.673 49.508 49.376 49.286 49.178 49.101 49.038 48.946 48.851 48.786 48.763 48.746 48.733 48.768 48.841 48.868 48.916 48.978 49.048 49.138 49.248 49.331 49.388 49.453 49.481 49.573 49.621 49.663 49.713 49.771 49.836 49.898 49.933 50.031 50.093 50.136 50.186 50.263 50.313 50.343 50.368 50.393 50.391 50.401 50.408 50.431 50.493 50.528 50.516 50.533 50.548 50.556 50.601 50.631 50.643 50.743 50.743 50.698 50.661 50.601 50.501 50.378 50.296 50.271
51.446 51.256 51.036 50.893 50.743 50.546 50.326 50.156 49.998 49.896 49.743 49.631 49.473 49.323 49.241 49.123 49.046 48.988 48.893 48.843 48.808 48.766 48.738 48.706 48.766 48.841 48.896 48.921 49.001 49.058 49.138 49.268 49.311 49.378 49.473 49.543 49.576 49.633 49.686 49.761 49.793 49.848 49.918 49.991 50.006 50.078 50.133 50.188 50.231 50.271 50.296 50.368 50.368 50.398 50.378 50.386 50.461 50.523 50.566 50.558 50.543 50.576 50.596 50.638 50.656 50.698 50.833 50.878 50.823 50.773 50.726 50.596 50.443 50.338 50.311
51.418 51.241 51.038 50.868 50.713 50.526 50.341 50.161 50.038 49.886 49.698 49.608 49.436 49.313 49.223 49.111 49.003 48.941 48.903 48.851 48.803 48.738 48.726 48.738 48.778 48.846 48.898 48.931 49.058 49.141 49.208 49.258 49.301 49.438 49.498 49.561 49.636 49.661 49.726 49.801 49.836 49.891 49.938 49.998 50.053 50.098 50.168 50.191 50.223 50.243 50.303 50.351 50.346 50.363 50.391 50.441 50.476 50.543 50.576 50.591 50.576 50.603 50.616 50.648 50.683 50.748 50.941 50.971 50.916 50.866 50.763 50.696 50.593 50.463 50.383
