LIDAR/se2588_DTM_2M.asc
ncols 500
nrows 500
xllcorner    425000
yllcorner    488000
cellsize     2
NODATA_value -9999
[rows 96 to 127 of 500, columns 72 to 143 of 500]
47.123 47.195 47.258 47.233 47.283 47.39 47.403 47.27 47.118 47.073 46.925 46.658 46.683 46.765 46.83 46.888 47 47.098 47.163 47.168 47.038 47.138 47.138 47.165 47.153 47.145 47.225 47.25 47.25 47.298 47.488 47.515 47.478 47.5 47.54 47.55 47.598 47.698 47.748 47.845 47.893 47.933 47.975 48.048 48.105 48.155 48.2 48.238 48.35 48.405 48.46 48.523 48.565 48.638 48.7 48.773 48.868 48.898 48.98 49.018 49.125 49.208 49.29 49.393 49.498 49.593 49.738 49.868 49.933 50.08 50.213 50.338
47.12 47.253 47.308 47.313 47.38 47.395 47.36 47.28 47.088 47.078 47.055 46.91 46.86 46.688 46.613 46.575 46.61 46.6 46.76 46.775 46.705 46.76 46.795 46.785 46.708 46.655 46.85 46.943 46.958 46.978 47.063 47.09 47.065 47.095 47.2 47.363 47.51 47.623 47.665 47.738 47.79 47.87 47.935 47.985 48.058 48.11 48.15 48.15 48.19 48.29 48.345 48.41 48.475 48.513 48.58 48.635 48.715 48.775 48.853 48.905 49.005 49.068 49.143 49.263 49.343 49.448 49.588 49.728 49.795 49.93 50.06 50.188
47.063 47.24 47.33 47.318 47.345 47.378 47.31 47.173 46.998 46.968 46.985 46.963 46.965 46.808 46.775 46.63 46.523 46.518 46.548 46.478 46.41 46.435 46.453 46.48 46.5 46.408 46.568 46.69 46.683 46.655 46.65 46.63 46.655 46.78 46.875 47.02 47.195 47.37 47.54 47.68 47.753 47.853 47.913 47.963 48.008 48.035 48.073 48.11 48.165 48.218 48.24 48.268 48.368 48.4 48.47 48.54 48.605 48.673 48.708 48.81 48.888 48.95 49.02 49.12 49.23 49.343 49.448 49.59 49.678 49.808 49.923 50.048
46.908 47.148 47.19 47.288 47.308 47.318 47.235 47.053 46.93 46.913 46.865 46.723 46.66 46.718 46.71 46.663 46.615 46.545 46.46 46.495 46.45 46.488 46.423 46.345 46.338 46.318 46.345 46.36 46.353 46.328 46.288 46.12 46.253 46.47 46.605 46.613 46.84 47.045 47.228 47.323 47.548 47.755 47.843 47.878 47.963 48.033 48.05 48.04 48.08 48.115 48.123 48.17 48.193 48.258 48.38 48.443 48.503 48.565 48.648 48.685 48.77 48.843 48.928 49.013 49.135 49.198 49.325 49.453 49.553 49.643 49.783 49.923
46.015 46.433 47.043 47.15 47.175 47.228 47.113 46.943 46.858 46.825 46.718 46.648 46.58 46.513 46.395 46.468 46.503 46.433 46.408 46.463 46.528 46.52 46.48 46.41 46.378 46.325 46.285 46.265 46.268 46.313 46.205 46.058 45.928 45.915 46.023 46.118 46.465 46.71 46.9 46.945 47.15 47.36 47.555 47.645 47.908 47.985 48.043 48.07 48.068 48.058 48.063 48.088 48.088 48.135 48.258 48.313 48.395 48.463 48.503 48.55 48.653 48.74 48.783 48.885 48.975 49.073 49.21 49.355 49.433 49.54 49.65 49.803
46.173 45.97 46.953 46.648 46.995 47.133 47.06 46.885 46.778 46.72 46.655 46.563 46.53 46.47 46.445 46.393 46.423 46.363 46.375 46.405 46.418 46.38 46.395 46.375 46.383 46.36 46.32 46.338 46.388 46.413 46.413 46.368 46.285 46.188 46.05 45.868 46.095 46.373 46.593 46.663 46.87 47.063 47.133 47.313 47.578 47.86 47.953 47.988 48.03 48 48.02 48.033 48.053 48.075 48.11 48.168 48.27 48.343 48.433 48.458 48.533 48.61 48.685 48.765 48.873 48.963 49.063 49.218 49.298 49.43 49.54 49.68
46.735 46.653 46.84 46.175 45.8 46.295 46.663 46.728 46.748 46.7 46.718 46.578 46.528 46.475 46.43 46.36 46.35 46.285 46.323 46.393 46.325 46.228 46.35 46.338 46.338 46.33 46.293 46.333 46.338 46.295 46.335 46.398 46.408 46.415 46.385 46.195 46.015 45.953 46.275 46.43 46.653 46.803 46.928 47.1 47.198 47.428 47.718 47.965 47.998 47.965 47.978 48.003 48.035 48.015 48.01 48.075 48.135 48.258 48.328 48.373 48.433 48.52 48.573 48.66 48.745 48.838 48.968 49.113 49.2 49.285 49.405 49.515
46.645 46.79 46.755 46.643 46.195 45.688 45.74 45.88 46.143 46.333 46.563 46.498 46.498 46.513 46.465 46.403 46.378 46.31 46.333 46.333 46.32 46.225 46.275 46.303 46.263 46.248 46.253 46.288 46.295 46.25 46.175 46.23 46.283 46.435 46.403 46.295 46.168 46.04 45.93 46.025 46.303 46.625 46.778 46.925 47.045 47.18 47.49 47.765 47.965 47.98 47.968 47.985 47.958 47.948 47.953 47.973 48 48.125 48.198 48.263 48.343 48.408 48.43 48.568 48.65 48.753 48.853 48.97 49.073 49.165 49.295 49.398
46.718 46.75 46.75 46.708 46.633 46.375 45.995 45.73 45.62 45.703 45.848 45.933 46.193 46.395 46.453 46.428 46.403 46.368 46.348 46.313 46.28 46.218 46.215 46.22 46.22 46.228 46.238 46.24 46.218 46.2 46.19 46.15 46.23 46.37 46.445 46.42 46.37 46.365 46.223 45.928 45.968 46.328 46.62 46.758 46.903 47.005 47.298 47.583 47.768 47.888 47.955 47.943 47.95 47.92 47.933 47.94 47.953 47.973 48.04 48.173 48.228 48.31 48.363 48.453 48.558 48.635 48.733 48.848 48.975 49.065 49.203 49.298
46.758 46.745 46.755 46.738 46.7 46.633 46.53 46.44 46.225 46.103 45.73 45.6 45.763 46.055 46.225 46.418 46.433 46.423 46.385 46.313 46.27 46.218 46.118 46.088 46.165 46.228 46.205 46.215 46.133 46.173 46.203 46.17 46.223 46.258 46.33 46.425 46.428 46.418 46.333 46.148 45.933 46.025 46.323 46.578 46.66 46.875 47.213 47.443 47.508 47.625 47.815 47.91 47.88 47.895 47.888 47.893 47.928 47.923 47.968 48.078 48.173 48.233 48.295 48.38 48.465 48.563 48.64 48.768 48.893 48.963 49.08 49.18
46.753 46.748 46.773 46.738 46.65 46.573 46.583 46.723 46.715 46.598 46.345 45.908 45.545 45.683 45.82 46.185 46.363 46.358 46.393 46.323 46.278 46.265 46.143 46.098 46.195 46.19 46.175 46.173 46.048 46.17 46.295 46.188 46.13 46.195 46.218 46.223 46.295 46.225 46.215 46.353 46.23 45.885 45.918 46.2 46.5 46.673 46.905 47.123 47.223 47.293 47.508 47.715 47.84 47.865 47.845 47.843 47.845 47.89 47.913 47.953 48.068 48.148 48.208 48.313 48.398 48.478 48.593 48.693 48.775 48.863 48.973 49.113
46.67 46.673 46.663 46.7 46.613 46.575 46.638 46.67 46.675 46.7 46.615 46.54 46.265 45.788 45.593 45.715 46.03 46.303 46.285 46.32 46.32 46.295 46.22 46.188 46.208 46.213 46.205 46.208 46.13 46.16 46.155 46.145 46.113 46.198 46.218 46.173 46.2 46.175 46.175 46.268 46.27 46.055 45.978 45.91 46.15 46.375 46.598 46.83 46.975 47.148 47.24 47.443 47.728 47.808 47.788 47.76 47.798 47.848 47.86 47.908 47.965 48.07 48.153 48.24 48.323 48.393 48.473 48.625 48.708 48.79 48.885 49.033
46.535 46.515 46.463 46.528 46.643 46.645 46.688 46.673 46.57 46.563 46.568 46.6 46.588 46.445 45.948 45.755 45.565 45.783 45.863 46.015 46.32 46.338 46.318 46.298 46.275 46.32 46.308 46.245 46.155 46.188 46.183 46.213 46.188 46.183 46.138 46.168 46.155 46.118 46.065 46.198 46.248 46.25 46.283 46.155 45.948 45.99 46.328 46.568 46.803 47.048 47.193 47.325 47.5 47.698 47.775 47.723 47.76 47.77 47.805 47.83 47.883 47.943 48.043 48.133 48.238 48.3 48.41 48.518 48.633 48.695 48.803 48.915
46.383 46.385 46.445 46.495 46.533 46.573 46.563 46.553 46.518 46.48 46.465 46.46 46.463 46.518 46.508 46.31 45.98 45.838 45.655 45.728 46.048 45.988 46.32 46.38 46.343 46.34 46.38 46.318 46.238 46.238 46.21 46.19 46.15 46.193 46.13 46.21 46.175 46.135 46.135 46.19 46.19 46.285 46.363 46.418 46.338 46.065 45.935 46.21 46.468 46.738 47.005 47.103 47.16 47.37 47.645 47.7 47.718 47.698 47.723 47.748 47.818 47.85 47.938 48.033 48.143 48.215 48.34 48.43 48.538 48.638 48.735 48.815
46.258 46.333 46.413 46.42 46.443 46.485 46.538 46.463 46.483 46.548 46.415 46.385 46.365 46.333 46.413 46.463 46.435 46.42 46.218 45.93 45.658 45.735 45.973 46.28 46.293 46.283 46.363 46.32 46.275 46.248 46.25 46.245 46.13 46.133 46.108 46.16 46.183 46.12 46.088 46.14 46.105 46.235 46.343 46.438 46.515 46.443 46.133 45.85 46.128 46.47 46.793 46.998 47.188 47.3 47.448 47.615 47.678 47.67 47.665 47.67 47.738 47.785 47.84 47.9 48.025 48.135 48.238 48.338 48.45 48.528 48.585 48.708
46.338 46.323 46.373 46.373 46.398 46.44 46.468 46.395 46.42 46.47 46.365 46.33 46.348 46.338 46.365 46.395 46.39 46.45 46.483 46.485 46.245 45.985 45.698 45.945 46.023 46.168 46.323 46.35 46.29 46.26 46.245 46.198 46.088 46.13 46.08 46.065 46.113 46.005 46.045 46.128 46.15 46.173 46.243 46.37 46.445 46.538 46.58 46.113 45.918 46.29 46.665 46.908 47.065 47.083 47.265 47.508 47.678 47.658 47.623 47.645 47.65 47.71 47.763 47.793 47.905 48.028 48.098 48.195 48.32 48.388 48.453 48.56
46.375 46.318 46.33 46.385 46.41 46.425 46.405 46.343 46.32 46.24 46.288 46.325 46.353 46.303 46.338 46.323 46.363 46.395 46.435 46.505 46.575 46.443 46.2 45.778 45.655 45.78 46.113 46.303 46.353 46.328 46.255 46.165 46.085 46.103 46.105 46.1 46.123 46.17 46.138 46.098 46.153 46.165 46.173 46.175 46.225 46.405 46.643 46.5 46.058 46.02 46.44 46.738 46.93 46.978 47.098 47.373 47.545 47.593 47.603 47.62 47.59 47.59 47.658 47.705 47.783 47.9 47.993 48.078 48.213 48.253 48.29 48.433
46.358 46.34 46.3 46.388 46.458 46.495 46.433 46.31 46.175 46.208 46.31 46.348 46.333 46.308 46.36 46.318 46.338 46.378 46.398 46.343 46.465 46.48 46.475 46.333 45.98 45.693 45.81 46.045 46.34 46.325 46.235 46.153 46.073 46.163 46.203 46.16 46.21 46.22 46.198 46.075 46.118 46.125 46.165 46.145 46.275 46.425 46.63 46.693 46.515 46.045 45.983 46.383 46.773 46.968 47.128 47.26 47.438 47.568 47.635 47.578 47.558 47.52 47.578 47.598 47.66 47.75 47.875 47.98 48.073 48.093 48.158 48.28
46.355 46.358 46.32 46.393 46.468 46.453 46.375 46.163 46.138 46.238 46.263 46.26 46.268 46.275 46.303 46.278 46.268 46.353 46.308 46.293 46.333 46.363 46.403 46.46 46.388 46 45.74 45.813 45.808 46.003 46.193 46.225 46.255 46.428 46.31 46.238 46.28 46.27 46.168 46.048 46.123 46.163 46.243 46.298 46.375 46.5 46.608 46.655 46.653 46.388 46.023 46.053 46.508 46.763 47.018 47.193 47.388 47.533 47.645 47.658 47.563 47.54 47.538 47.563 47.615 47.653 47.72 47.87 47.94 48.015 48.058 48.145
46.338 46.345 46.375 46.4 46.45 46.423 46.2 46.208 46.263 46.278 46.203 46.28 46.268 46.258 46.275 46.253 46.21 46.233 46.295 46.288 46.26 46.27 46.335 46.365 46.408 46.38 46.17 45.938 45.575 45.563 45.963 46.085 46.288 46.39 46.358 46.31 46.303 46.215 46.143 46.148 46.178 46.31 46.308 46.315 46.398 46.515 46.603 46.608 46.58 46.563 46.415 46.023 46.193 46.578 46.945 47.173 47.333 47.455 47.55 47.623 47.57 47.535 47.523 47.53 47.558 47.613 47.635 47.708 47.833 47.925 47.978 48.06
46.34 46.378 46.42 46.403 46.423 46.288 46.195 46.315 46.278 46.268 46.238 46.263 46.268 46.255 46.255 46.258 46.198 46.225 46.218 46.268 46.26 46.295 46.34 46.3 46.323 46.315 46.403 46.328 46.038 45.648 45.695 45.958 46.31 46.315 46.298 46.26 46.248 46.19 46.18 46.235 46.228 46.373 46.34 46.378 46.475 46.55 46.583 46.588 46.55 46.565 46.51 46.285 45.983 46.278 46.693 47.055 47.263 47.438 47.545 47.585 47.573 47.528 47.503 47.498 47.495 47.535 47.585 47.63 47.733 47.845 47.893 47.943
46.413 46.433 46.465 46.4 46.265 46.195 46.33 46.29 46.258 46.223 46.215 46.23 46.213 46.23 46.248 46.243 46.233 46.23 46.175 46.21 46.21 46.24 46.233 46.218 46.265 46.275 46.323 46.35 46.303 46.083 45.698 45.655 45.8 45.898 46.02 46.193 46.27 46.253 46.253 46.3 46.3 46.355 46.408 46.453 46.535 46.578 46.565 46.555 46.525 46.553 46.615 46.605 46.248 46.06 46.408 46.965 47.215 47.32 47.45 47.535 47.565 47.56 47.498 47.468 47.48 47.503 47.543 47.578 47.63 47.74 47.823 47.878
46.373 46.508 46.485 46.3 46.165 46.338 46.36 46.313 46.255 46.228 46.228 46.17 46.108 46.245 46.255 46.235 46.238 46.273 46.235 46.218 46.215 46.223 46.28 46.258 46.22 46.175 46.225 46.288 46.318 46.315 46.25 46.005 45.688 45.543 45.65 45.955 46.245 46.37 46.288 46.168 46.273 46.32 46.243 46.498 46.56 46.613 46.6 46.52 46.553 46.588 46.68 46.725 46.668 46.25 46.008 46.63 47.078 47.265 47.365 47.448 47.513 47.555 47.5 47.47 47.515 47.503 47.455 47.523 47.565 47.633 47.74 47.823
46.393 46.483 46.38 46.15 46.285 46.353 46.338 46.318 46.258 46.278 46.258 46.193 46.19 46.22 46.2 46.203 46.275 46.245 46.238 46.203 46.195 46.223 46.28 46.298 46.183 46.198 46.23 46.223 46.275 46.303 46.325 46.33 46.258 45.863 45.6 45.708 45.903 46.303 46.36 46.233 46.33 46.288 46.25 46.515 46.655 46.605 46.608 46.538 46.533 46.583 46.625 46.775 46.76 46.663 46.268 46.035 46.63 47.07 47.205 47.295 47.4 47.47 47.46 47.425 47.498 47.45 47.423 47.458 47.523 47.553 47.63 47.765
46.423 46.463 46.34 46.2 46.433 46.4 46.308 46.298 46.265 46.273 46.233 46.233 46.188 46.218 46.23 46.275 46.265 46.233 46.22 46.203 46.195 46.18 46.23 46.235 46.188 46.223 46.215 46.145 46.175 46.195 46.238 46.295 46.433 46.423 46.15 45.763 45.6 45.91 46.078 46.35 46.468 46.42 46.45 46.685 46.675 46.615 46.635 46.575 46.543 46.523 46.508 46.618 46.715 46.748 46.625 46.228 45.948 46.563 46.855 47.108 47.183 47.223 47.36 47.388 47.408 47.415 47.373 47.428 47.455 47.525 47.52 47.67
46.413 46.45 46.418 46.253 46.318 46.328 46.295 46.323 46.298 46.265 46.288 46.27 46.243 46.255 46.248 46.28 46.243 46.213 46.223 46.22 46.195 46.255 46.235 46.195 46.195 46.205 46.168 46.13 46.15 46.215 46.245 46.25 46.343 46.405 46.468 46.335 45.85 45.598 45.745 46.073 46.413 46.425 46.56 46.683 46.688 46.683 46.663 46.52 46.508 46.498 46.443 46.41 46.495 46.59 46.738 46.595 46.113 46.015 46.458 46.855 46.913 46.98 47.123 47.205 47.3 47.395 47.345 47.375 47.428 47.443 47.495 47.593
46.425 46.45 46.45 46.218 46.26 46.335 46.263 46.33 46.373 46.323 46.295 46.278 46.27 46.273 46.288 46.245 46.25 46.25 46.225 46.19 46.205 46.2 46.24 46.253 46.223 46.195 46.215 46.185 46.15 46.158 46.185 46.223 46.243 46.365 46.425 46.488 46.393 46.035 45.613 45.718 45.933 46.088 46.325 46.543 46.703 46.718 46.693 46.538 46.503 46.463 46.31 46.288 46.393 46.49 46.705 46.74 46.555 46.14 45.92 46.485 46.628 46.818 46.993 47.098 47.288 47.343 47.298 47.333 47.373 47.405 47.475 47.54
46.465 46.513 46.495 46.278 46.283 46.385 46.31 46.34 46.343 46.335 46.323 46.33 46.285 46.265 46.288 46.303 46.27 46.25 46.21 46.188 46.193 46.18 46.243 46.248 46.22 46.148 46.17 46.183 46.17 46.14 46.17 46.265 46.303 46.325 46.305 46.405 46.465 46.385 46.115 45.728 45.633 45.813 46.04 46.365 46.638 46.708 46.708 46.533 46.525 46.508 46.378 46.33 46.253 46.375 46.553 46.658 46.653 46.565 46.153 46.033 46.26 46.485 46.758 46.933 47.083 47.203 47.273 47.3 47.328 47.345 47.425 47.498
46.45 46.56 46.523 46.338 46.265 46.358 46.34 46.338 46.295 46.3 46.315 46.303 46.258 46.263 46.263 46.243 46.253 46.22 46.233 46.24 46.22 46.195 46.238 46.23 46.208 46.185 46.233 46.213 46.175 46.123 46.16 46.175 46.21 46.258 46.215 46.295 46.353 46.423 46.385 46.165 45.728 45.57 45.8 46.33 46.655 46.685 46.635 46.57 46.568 46.485 46.438 46.338 46.29 46.363 46.388 46.45 46.593 46.64 46.52 46.125 45.873 46.128 46.493 46.748 46.85 46.925 47.128 47.258 47.25 47.295 47.333 47.455
46.4 46.53 46.51 46.288 46.305 46.358 46.36 46.335 46.305 46.295 46.315 46.293 46.248 46.188 46.238 46.233 46.24 46.235 46.223 46.243 46.245 46.195 46.253 46.208 46.16 46.165 46.145 46.113 46.115 46.083 46.15 46.135 46.143 46.175 46.205 46.258 46.268 46.338 46.375 46.345 46.233 45.71 45.708 46.273 46.625 46.645 46.565 46.648 46.675 46.598 46.493 46.375 46.333 46.335 46.345 46.323 46.413 46.48 46.493 46.375 45.925 45.935 46.33 46.65 46.713 46.745 47.03 47.083 47.165 47.218 47.32 47.418
46.415 46.478 46.473 46.285 46.223 46.325 46.34 46.345 46.338 46.31 46.305 46.328 46.34 46.063 46.23 46.235 46.228 46.27 46.228 46.233 46.208 46.283 46.368 46.275 46.168 46.168 46.103 46.11 46.123 46.095 46.148 46.173 46.153 46.16 46.158 46.185 46.293 46.318 46.323 46.378 46.408 46.245 45.763 45.695 46.23 46.488 46.5 46.545 46.648 46.635 46.515 46.448 46.393 46.35 46.32 46.315 46.37 46.413 46.438 46.4 46.155 45.935 46.17 46.52 46.633 46.74 46.9 47.013 47.05 47.155 47.268 47.358
46.468 46.473 46.43 46.275 46.178 46.293 46.33 46.32 46.353 46.318 46.31 46.308 46.343 46.263 46.313 46.318 46.228 46.238 46.23 46.2 46.223 46.27 46.273 46.203 46.145 46.1 46.09 46.118 46.095 46.048 46.075 46.173 46.198 46.135 46.105 46.178 46.318 46.305 46.293 46.345 46.37 46.393 46.255 45.885 45.74 46.15 46.393 46.463 46.545 46.55 46.505 46.485 46.428 46.353 46.338 46.315 46.295 46.38 46.388 46.448 46.438 46.168 45.98 46.24 46.413 46.553 46.663 46.81 46.933 47.085 47.185 47.308
