LIDAR/se2685_DTM_2M.asc
ncols 500
nrows 500
xllcorner    426000
yllcorner    485000
cellsize     2
NODATA_value -9999
[rows 320 to 351 of 500, columns 292 to 364 of 500]
42.876 42.868 42.821 42.776 42.778 42.731 42.683 42.703 42.688 42.686 42.691 42.681 42.646 42.608 42.563 42.536 42.548 42.493 42.498 42.516 42.506 42.346 42.218 42.193 42.176 42.091 42.006 41.903 41.868 41.846 41.666 41.541 41.468 41.453 41.426 41.351 41.268 41.211 41.118 41.113 41.116 41.041 41.051 41.031 41.076 41.148 41.103 41.056 40.976 40.916 40.851 40.656 40.651 40.581 40.498 40.533 40.486 40.353 40.281 40.131 39.963 40.086 39.906 40.101 40.288 40.266 40.208 40.256 40.333 40.346 40.381 40.418 40.496
42.858 42.826 42.793 42.738 42.723 42.726 42.736 42.733 42.721 42.718 42.741 42.743 42.688 42.631 42.576 42.428 42.418 42.456 42.386 42.398 42.326 42.211 42.068 41.903 41.821 41.713 41.656 41.556 41.521 41.551 41.468 41.423 41.393 41.371 41.336 41.231 41.156 41.106 41.101 41.073 41.071 41.028 40.973 40.956 40.996 41.036 41.016 40.966 40.868 40.806 40.731 40.631 40.601 40.601 40.463 40.418 40.376 40.223 40.043 39.918 39.956 40.076 40.121 40.228 40.366 40.371 40.358 40.473 40.563 40.453 40.403 40.373 40.426
42.928 42.903 42.903 42.826 42.848 42.793 42.806 42.803 42.781 42.721 42.816 42.741 42.643 42.516 42.366 42.268 42.268 42.223 42.153 42.176 42.173 42.106 41.986 41.828 41.701 41.613 41.558 41.526 41.498 41.476 41.438 41.441 41.383 41.328 41.208 41.121 41.131 41.136 41.136 41.096 41.053 41.021 41.001 40.973 41.026 41.073 41.011 40.951 40.861 40.776 40.688 40.596 40.571 40.611 40.458 40.241 40.131 40.083 39.968 39.986 40.166 40.258 40.343 40.433 40.563 40.548 40.573 40.633 40.548 40.518 40.448 40.346 40.398
42.991 42.978 42.856 42.801 42.883 42.686 42.598 42.656 42.546 42.438 42.418 42.333 42.281 42.243 42.133 42.143 42.101 42.033 42.028 42.088 42.138 42.053 41.946 41.831 41.806 41.621 41.601 41.468 41.483 41.468 41.423 41.373 41.321 41.276 41.213 41.141 41.156 41.166 41.173 41.141 41.096 41.056 40.991 40.933 40.941 40.938 40.883 40.866 40.836 40.716 40.611 40.536 40.478 40.493 40.386 40.076 40.106 40.163 40.278 40.326 40.416 40.461 40.423 40.581 40.721 40.731 40.748 40.721 40.551 40.576 40.568 40.466 40.423
42.438 42.416 42.383 42.368 42.388 42.298 42.118 42.181 42.088 42.093 42.001 41.971 42.078 42.031 42.036 42.048 42.041 41.963 41.908 41.986 42.061 41.973 41.881 41.866 41.798 41.673 41.658 41.568 41.501 41.473 41.401 41.336 41.276 41.266 41.206 41.166 41.176 41.198 41.211 41.191 41.148 41.076 40.963 40.871 40.841 40.746 40.741 40.711 40.606 40.513 40.396 40.276 40.213 40.198 40.253 40.273 40.536 40.476 40.471 40.536 40.491 40.503 40.521 40.626 40.806 40.841 40.756 40.756 40.596 40.583 40.613 40.696 40.701
41.866 41.791 41.831 41.818 42.008 42.133 42.001 41.846 41.848 41.851 41.843 41.858 41.861 41.913 41.888 41.883 41.853 41.813 41.821 41.926 42.063 42.021 41.916 41.846 41.811 41.708 41.571 41.553 41.623 41.471 41.351 41.311 41.248 41.268 41.196 41.178 41.258 41.238 41.191 41.178 41.158 41.038 40.913 40.788 40.646 40.546 40.571 40.411 40.241 40.191 40.253 40.336 40.516 40.371 40.508 40.563 40.648 40.601 40.536 40.438 40.456 40.531 40.533 40.658 40.783 40.718 40.698 40.773 40.703 40.698 40.828 40.981 41.011
41.886 41.778 41.793 41.751 41.808 41.846 41.796 41.568 41.561 41.536 41.696 41.706 41.711 41.818 41.776 41.666 41.643 41.593 41.708 41.926 42.133 42.173 42.016 41.826 41.753 41.636 41.546 41.573 41.568 41.411 41.291 41.303 41.226 41.223 41.216 41.183 41.223 41.188 41.181 41.088 40.878 40.698 40.668 40.603 40.468 40.411 40.408 40.428 40.448 40.556 40.706 40.683 40.678 40.651 40.533 40.546 40.586 40.576 40.526 40.383 40.396 40.543 40.576 40.598 40.651 40.753 40.726 40.773 40.866 40.961 41.076 41.196 41.253
41.916 41.856 41.861 41.831 41.818 41.756 41.568 41.466 41.393 41.451 41.538 41.648 41.608 41.661 41.706 41.631 41.611 41.576 41.633 41.903 42.191 42.228 42.086 41.876 41.711 41.586 41.646 41.653 41.576 41.438 41.311 41.328 41.223 41.183 41.201 41.156 41.058 40.931 40.893 40.688 40.591 40.576 40.601 40.511 40.621 40.816 40.836 40.816 40.856 40.818 40.838 40.738 40.643 40.643 40.586 40.658 40.588 40.521 40.453 40.381 40.423 40.556 40.596 40.701 40.788 41.003 40.998 41.118 41.216 41.171 41.283 41.281 41.316
41.908 41.866 41.846 41.861 41.813 41.758 41.681 41.636 41.643 41.656 41.501 41.466 41.473 41.586 41.573 41.561 41.608 41.591 41.613 41.858 42.203 42.216 42.053 41.946 41.826 41.721 41.661 41.621 41.578 41.476 41.391 41.316 41.143 41.133 41.023 40.826 40.683 40.691 40.686 40.723 40.818 41.091 41.113 40.973 41.086 41.206 41.221 41.051 40.918 40.813 40.683 40.676 40.613 40.613 40.598 40.628 40.598 40.478 40.366 40.358 40.438 40.596 40.666 40.908 41.098 41.193 41.248 41.343 41.388 41.281 41.238 41.223 41.158
41.826 41.823 41.826 41.781 41.771 41.741 41.708 41.703 41.733 41.678 41.568 41.578 41.563 41.591 41.536 41.528 41.596 41.568 41.566 41.726 42.081 42.333 42.166 42.046 41.923 41.761 41.641 41.548 41.523 41.416 41.196 40.996 40.868 40.878 41.096 41.096 40.998 41.271 41.343 41.433 41.463 41.458 41.451 41.396 41.286 41.231 41.176 41.096 40.898 40.796 40.706 40.658 40.628 40.606 40.631 40.638 40.648 40.543 40.536 40.591 40.696 40.826 40.893 41.048 41.273 41.326 41.333 41.278 41.241 41.226 41.196 41.161 41.141
41.796 41.846 41.856 41.758 41.746 41.716 41.711 41.698 41.671 41.628 41.616 41.623 41.618 41.566 41.508 41.453 41.468 41.471 41.438 41.511 41.843 42.231 42.181 42.021 41.963 41.748 41.583 41.441 41.263 41.038 40.921 40.878 41.016 41.283 41.526 41.603 41.563 41.816 41.868 41.821 41.793 41.671 41.573 41.513 41.363 41.316 41.213 41.093 40.941 40.761 40.726 40.678 40.628 40.568 40.571 40.671 40.701 40.606 40.756 40.878 40.918 41.063 41.133 41.181 41.258 41.283 41.231 41.201 41.163 41.203 41.263 41.276 41.221
41.768 41.756 41.761 41.761 41.738 41.711 41.653 41.621 41.698 41.693 41.706 41.696 41.653 41.596 41.496 41.448 41.433 41.406 41.421 41.406 41.536 41.763 41.736 41.653 41.506 41.401 41.448 41.388 41.368 41.236 41.281 41.426 41.568 41.788 41.963 41.943 42.003 42.068 42.086 41.943 41.761 41.803 41.761 41.571 41.503 41.386 41.198 40.958 40.923 40.811 40.733 40.658 40.671 40.733 40.638 40.676 40.711 40.701 40.866 41.061 41.168 41.248 41.226 41.216 41.236 41.241 41.246 41.261 41.206 41.268 41.298 41.326 41.281
41.733 41.703 41.703 41.698 41.681 41.681 41.646 41.633 41.706 41.681 41.668 41.626 41.638 41.643 41.531 41.541 41.523 41.488 41.453 41.521 41.586 41.411 41.306 41.188 41.176 41.308 41.686 41.791 41.833 41.851 41.961 41.961 42.048 42.153 42.183 42.148 42.183 42.128 42.098 41.888 41.796 41.776 41.746 41.626 41.483 41.318 41.061 41.041 41.013 40.923 40.801 40.776 40.788 40.826 40.741 40.723 40.768 40.871 40.986 41.103 41.151 41.228 41.253 41.211 41.268 41.278 41.288 41.303 41.273 41.281 41.281 41.306 41.293
41.746 41.733 41.743 41.711 41.676 41.738 41.721 41.716 41.701 41.648 41.638 41.668 41.608 41.651 41.658 41.661 41.678 41.798 41.823 41.893 41.868 41.743 41.641 41.496 41.618 41.936 42.093 42.096 42.113 42.088 42.111 42.126 42.181 42.218 42.178 42.183 42.116 42.056 41.981 41.808 41.748 41.721 41.651 41.571 41.526 41.383 41.226 41.238 41.176 41.078 40.986 40.948 40.891 40.843 40.813 40.796 40.848 40.851 40.941 41.041 41.071 41.118 41.163 41.233 41.281 41.296 41.261 41.331 41.338 41.288 41.281 41.248 41.288
42.003 41.928 41.896 41.928 41.923 41.913 41.911 41.881 41.843 41.783 41.716 41.796 41.781 41.786 41.868 41.893 41.991 42.126 42.223 42.266 42.218 42.171 42.136 42.071 42.173 42.143 42.221 42.266 42.238 42.251 42.163 42.116 42.073 42.136 42.088 42.003 41.903 41.946 41.876 41.753 41.731 41.688 41.618 41.523 41.533 41.431 41.333 41.291 41.208 41.186 41.148 41.043 40.938 40.863 40.728 40.738 40.841 40.846 40.921 41.021 41.076 41.128 41.163 41.221 41.283 41.301 41.298 41.296 41.268 41.293 41.328 41.311 41.308
42.311 42.148 42.011 42.133 42.213 42.278 42.253 42.148 42.166 42.066 41.876 41.881 41.981 42.031 42.143 42.246 42.291 42.378 42.306 42.301 42.403 42.436 42.533 42.458 42.386 42.366 42.411 42.486 42.463 42.363 42.321 42.301 42.293 42.281 42.246 42.118 41.966 41.898 41.803 41.661 41.626 41.588 41.616 41.568 41.558 41.463 41.306 41.313 41.228 41.186 41.171 40.996 40.883 40.806 40.671 40.786 40.813 40.888 41.003 41.083 41.181 41.241 41.206 41.208 41.278 41.291 41.283 41.296 41.283 41.323 41.348 41.366 41.363
42.593 42.416 42.278 42.328 42.466 42.431 42.386 42.376 42.398 42.256 42.118 42.046 42.156 42.198 42.363 42.443 42.501 42.498 42.478 42.496 42.521 42.563 42.633 42.653 42.518 42.488 42.518 42.501 42.463 42.368 42.358 42.348 42.283 42.238 42.213 42.153 42.023 41.843 41.703 41.638 41.561 41.503 41.566 41.508 41.518 41.493 41.341 41.323 41.276 41.111 40.993 40.953 40.901 40.908 40.891 40.893 40.793 40.978 41.051 41.096 41.153 41.166 41.161 41.206 41.288 41.326 41.298 41.353 41.376 41.408 41.416 41.416 41.338
42.863 42.628 42.571 42.588 42.626 42.571 42.583 42.528 42.273 42.278 42.401 42.338 42.251 42.348 42.448 42.556 42.623 42.678 42.643 42.593 42.611 42.631 42.671 42.718 42.608 42.488 42.506 42.483 42.406 42.341 42.308 42.298 42.258 42.163 42.093 42.028 41.953 41.831 41.676 41.573 41.508 41.478 41.478 41.488 41.506 41.451 41.326 41.253 41.263 41.063 40.918 40.933 40.928 40.908 40.896 40.861 40.868 40.968 41.053 41.078 41.106 41.148 41.196 41.228 41.278 41.338 41.331 41.351 41.378 41.408 41.396 41.321 41.351
42.971 42.866 42.816 42.748 42.726 42.751 42.733 42.666 42.461 42.553 42.513 42.346 42.373 42.463 42.533 42.601 42.623 42.683 42.661 42.631 42.656 42.693 42.728 42.741 42.553 42.458 42.436 42.381 42.391 42.333 42.271 42.211 42.153 42.091 42.013 41.888 41.831 41.806 41.708 41.583 41.516 41.518 41.438 41.448 41.496 41.443 41.281 41.178 41.208 41.103 41.023 40.953 40.928 40.876 40.883 40.876 40.901 41.001 41.083 41.128 41.178 41.203 41.248 41.303 41.328 41.343 41.333 41.326 41.301 41.356 41.336 41.326 41.343
43.021 42.981 42.933 42.858 42.786 42.768 42.798 42.836 42.733 42.716 42.571 42.463 42.546 42.603 42.628 42.646 42.606 42.561 42.606 42.621 42.656 42.661 42.683 42.606 42.466 42.386 42.331 42.276 42.308 42.296 42.238 42.181 42.118 42.041 41.933 41.848 41.806 41.756 41.716 41.586 41.523 41.511 41.461 41.471 41.426 41.431 41.331 41.198 41.141 41.106 41.043 40.978 40.933 40.898 40.896 40.928 40.961 41.068 41.121 41.213 41.256 41.246 41.288 41.251 41.271 41.256 41.271 41.301 41.348 41.386 41.391 41.381 41.398
42.951 42.901 42.918 42.896 42.891 42.871 42.856 42.901 42.926 42.801 42.598 42.563 42.598 42.613 42.628 42.646 42.648 42.598 42.596 42.601 42.641 42.681 42.676 42.488 42.408 42.336 42.321 42.228 42.211 42.226 42.166 42.103 42.058 42.008 41.931 41.838 41.781 41.728 41.708 41.601 41.558 41.506 41.471 41.468 41.423 41.371 41.258 41.166 41.133 41.093 41.013 40.956 40.933 40.921 40.923 40.953 41.048 41.098 41.133 41.201 41.283 41.246 41.211 41.221 41.268 41.323 41.366 41.361 41.381 41.413 41.426 41.438 41.428
42.896 42.848 42.858 42.901 42.978 43.036 42.951 42.953 42.903 42.736 42.601 42.521 42.563 42.566 42.551 42.556 42.608 42.631 42.623 42.576 42.586 42.628 42.606 42.433 42.358 42.328 42.361 42.236 42.166 42.141 42.176 42.116 41.998 41.943 41.883 41.826 41.741 41.708 41.673 41.648 41.596 41.538 41.491 41.476 41.418 41.341 41.251 41.146 41.101 41.116 41.048 40.968 40.928 40.951 40.991 41.051 41.063 41.098 41.118 41.198 41.241 41.233 41.258 41.341 41.378 41.378 41.341 41.386 41.423 41.393 41.436 41.423 41.396
42.856 42.841 42.878 42.941 42.946 42.901 42.928 42.866 42.766 42.678 42.573 42.508 42.508 42.533 42.553 42.521 42.521 42.538 42.578 42.591 42.546 42.543 42.551 42.501 42.443 42.358 42.328 42.256 42.183 42.133 42.116 42.056 41.916 41.891 41.826 41.746 41.658 41.678 41.613 41.598 41.578 41.546 41.496 41.468 41.428 41.361 41.246 41.111 41.036 41.043 41.026 40.976 40.978 41.041 41.071 41.061 41.078 41.128 41.148 41.196 41.261 41.286 41.333 41.371 41.363 41.371 41.391 41.398 41.408 41.396 41.383 41.318 41.411
42.781 42.843 42.936 42.953 42.896 42.831 42.816 42.788 42.713 42.661 42.603 42.536 42.488 42.508 42.518 42.561 42.566 42.558 42.516 42.591 42.543 42.493 42.508 42.491 42.446 42.343 42.291 42.268 42.198 42.113 42.068 41.978 41.838 41.788 41.758 41.723 41.661 41.598 41.576 41.586 41.601 41.613 41.598 41.543 41.476 41.376 41.278 41.191 41.103 41.093 41.051 41.078 41.031 41.063 41.061 41.101 41.098 41.121 41.141 41.173 41.271 41.313 41.303 41.336 41.401 41.411 41.413 41.403 41.423 41.453 41.456 41.506 41.543
42.748 42.831 42.938 42.911 42.918 42.911 42.886 42.821 42.751 42.631 42.611 42.618 42.571 42.521 42.558 42.651 42.658 42.626 42.626 42.633 42.546 42.461 42.431 42.368 42.351 42.271 42.221 42.161 42.181 42.156 42.101 41.993 41.868 41.763 41.733 41.751 41.738 41.678 41.621 41.628 41.603 41.593 41.613 41.571 41.481 41.406 41.341 41.283 41.191 41.131 41.073 41.118 41.091 41.058 41.093 41.088 41.113 41.133 41.163 41.196 41.278 41.341 41.363 41.376 41.421 41.448 41.448 41.511 41.476 41.491 41.533 41.558 41.611
42.776 42.798 42.886 42.893 42.906 42.903 42.941 42.878 42.728 42.688 42.716 42.681 42.646 42.636 42.603 42.751 42.748 42.631 42.626 42.621 42.551 42.501 42.426 42.306 42.283 42.273 42.256 42.296 42.328 42.271 42.166 42.048 42.006 41.903 41.903 41.848 41.821 41.781 41.681 41.613 41.608 41.588 41.611 41.586 41.503 41.441 41.408 41.296 41.221 41.151 41.143 41.148 41.078 41.048 41.103 41.108 41.133 41.146 41.176 41.233 41.296 41.351 41.401 41.453 41.463 41.486 41.521 41.478 41.426 41.473 41.491 41.498 41.511
42.818 42.816 42.868 42.838 42.838 42.876 42.926 42.898 42.763 42.716 42.768 42.706 42.608 42.533 42.551 42.666 42.698 42.653 42.648 42.646 42.606 42.576 42.503 42.471 42.498 42.378 42.348 42.396 42.451 42.338 42.201 42.118 42.063 42.013 41.958 41.923 41.836 41.783 41.703 41.591 41.588 41.621 41.633 41.621 41.568 41.476 41.421 41.346 41.226 41.171 41.168 41.151 41.126 41.101 41.116 41.141 41.186 41.208 41.291 41.286 41.343 41.388 41.428 41.488 41.508 41.516 41.533 41.491 41.491 41.486 41.481 41.498 41.513
42.821 42.911 42.986 42.901 42.921 42.881 42.906 42.956 42.873 42.796 42.731 42.636 42.483 42.341 42.361 42.448 42.523 42.573 42.656 42.688 42.671 42.648 42.536 42.528 42.521 42.461 42.388 42.436 42.418 42.316 42.183 42.178 42.123 42.048 41.946 41.886 41.836 41.778 41.696 41.606 41.533 41.613 41.643 41.628 41.566 41.528 41.453 41.351 41.256 41.191 41.236 41.208 41.188 41.138 41.166 41.213 41.233 41.256 41.258 41.273 41.341 41.386 41.436 41.463 41.503 41.503 41.521 41.516 41.511 41.506 41.468 41.496 41.531
42.848 42.916 43.078 43.011 42.958 42.978 42.993 43.011 42.903 42.793 42.643 42.446 42.276 42.233 42.283 42.366 42.491 42.516 42.593 42.646 42.671 42.678 42.586 42.533 42.548 42.548 42.486 42.463 42.428 42.328 42.251 42.208 42.121 42.028 41.993 41.873 41.841 41.781 41.743 41.643 41.553 41.573 41.661 41.631 41.616 41.561 41.466 41.376 41.308 41.248 41.286 41.276 41.231 41.173 41.216 41.221 41.246 41.283 41.256 41.291 41.333 41.418 41.443 41.476 41.503 41.488 41.498 41.583 41.553 41.506 41.503 41.571 41.561
42.746 42.903 43.068 43.038 43.003 43.041 43.088 43.073 42.906 42.658 42.476 42.341 42.193 42.206 42.296 42.436 42.528 42.561 42.573 42.668 42.713 42.743 42.678 42.593 42.606 42.593 42.541 42.506 42.443 42.358 42.298 42.168 42.088 42.038 42.016 41.923 41.798 41.756 41.768 41.706 41.633 41.586 41.636 41.663 41.713 41.633 41.551 41.458 41.378 41.318 41.348 41.346 41.333 41.308 41.271 41.233 41.213 41.328 41.323 41.356 41.368 41.411 41.448 41.468 41.521 41.566 41.498 41.586 41.548 41.543 41.561 41.553 41.536
42.538 42.708 42.841 42.946 42.978 43.056 43.151 43.056 42.798 42.518 42.343 42.296 42.231 42.163 42.286 42.443 42.631 42.628 42.591 42.706 42.766 42.776 42.753 42.663 42.646 42.661 42.603 42.561 42.476 42.416 42.346 42.208 42.098 42.003 41.993 41.926 41.808 41.811 41.813 41.816 41.776 41.733 41.756 41.791 41.743 41.651 41.583 41.518 41.428 41.391 41.373 41.311 41.343 41.358 41.326 41.306 41.261 41.353 41.351 41.383 41.376 41.403 41.466 41.498 41.568 41.541 41.488 41.598 41.578 41.553 41.628 41.586 41.546
42.433 42.448 42.518 42.693 42.838 43.036 43.093 42.931 42.638 42.393 42.378 42.418 42.318 42.216 42.306 42.478 42.671 42.701 42.636 42.723 42.841 42.876 42.798 42.688 42.676 42.706 42.686 42.573 42.498 42.441 42.396 42.291 42.178 42.058 42.033 41.993 41.918 41.926 41.966 41.918 41.891 41.863 41.776 41.811 41.713 41.623 41.568 41.523 41.441 41.406 41.426 41.343 41.418 41.403 41.371 41.338 41.338 41.363 41.363 41.381 41.376 41.401 41.398 41.496 41.531 41.508 41.518 41.593 41.578 41.543 41.553 41.553 41.448
