LIDAR/se2689_DTM_2M.asc
ncols 500
nrows 500
xllcorner    426000
yllcorner    489000
cellsize     2
NODATA_value -9999
[rows 160 to 191 of 500, columns 216 to 287 of 500]
36.755 36.727 36.705 36.767 36.805 36.832 36.842 36.89 36.917 36.955 36.927 36.91 36.887 36.857 36.827 36.805 36.8 36.775 36.747 36.705 36.752 36.722 36.75 36.735 36.727 36.737 36.72 36.692 36.67 36.685 36.672 36.64 36.62 36.61 36.615 36.625 36.612 36.612 36.627 36.625 36.617 36.587 36.572 36.537 36.54 36.57 36.582 36.57 36.57 36.577 36.58 36.57 36.587 36.437 36.357 36.407 36.332 36.277 36.207 36.19 36.205 36.28 36.42 36.43 36.462 36.487 36.552 36.657 36.68 36.757 36.792 36.895
36.732 36.72 36.66 36.742 36.782 36.81 36.835 36.882 36.902 36.91 36.897 36.895 36.872 36.837 36.83 36.82 36.757 36.767 36.785 36.777 36.762 36.75 36.732 36.735 36.74 36.76 36.747 36.692 36.695 36.682 36.66 36.657 36.657 36.652 36.637 36.625 36.645 36.632 36.65 36.622 36.617 36.612 36.582 36.582 36.545 36.58 36.587 36.605 36.595 36.58 36.617 36.617 36.597 36.502 36.44 36.362 36.332 36.307 36.262 36.242 36.197 36.227 36.312 36.372 36.427 36.482 36.577 36.61 36.695 36.8 36.817 36.86
36.72 36.727 36.73 36.74 36.745 36.797 36.835 36.855 36.88 36.885 36.91 36.9 36.875 36.84 36.852 36.83 36.785 36.765 36.795 36.772 36.78 36.777 36.78 36.745 36.757 36.79 36.755 36.755 36.7 36.682 36.67 36.692 36.685 36.69 36.652 36.655 36.68 36.697 36.692 36.652 36.645 36.645 36.615 36.625 36.56 36.567 36.562 36.602 36.62 36.602 36.657 36.565 36.5 36.492 36.495 36.432 36.372 36.39 36.372 36.35 36.327 36.252 36.3 36.342 36.41 36.507 36.527 36.597 36.715 36.755 36.752 36.827
36.722 36.735 36.722 36.735 36.727 36.797 36.832 36.872 36.892 36.882 36.91 36.902 36.89 36.852 36.842 36.812 36.815 36.815 36.827 36.827 36.782 36.81 36.785 36.772 36.76 36.795 36.787 36.762 36.767 36.735 36.725 36.737 36.725 36.722 36.702 36.705 36.697 36.7 36.695 36.712 36.69 36.655 36.66 36.645 36.612 36.612 36.64 36.665 36.67 36.615 36.6 36.52 36.495 36.467 36.51 36.45 36.41 36.41 36.412 36.387 36.385 36.355 36.41 36.42 36.457 36.567 36.477 36.59 36.7 36.737 36.737 36.787
36.732 36.745 36.745 36.755 36.752 36.797 36.832 36.9 36.91 36.89 36.897 36.902 36.887 36.902 36.88 36.85 36.845 36.787 36.807 36.827 36.832 36.835 36.827 36.807 36.802 36.812 36.83 36.8 36.767 36.765 36.747 36.777 36.747 36.742 36.75 36.73 36.7 36.697 36.75 36.735 36.73 36.715 36.705 36.682 36.657 36.65 36.62 36.625 36.697 36.662 36.66 36.67 36.577 36.51 36.527 36.452 36.467 36.425 36.415 36.397 36.402 36.397 36.43 36.415 36.447 36.44 36.42 36.597 36.737 36.702 36.655 36.685
36.76 36.767 36.752 36.727 36.737 36.787 36.817 36.827 36.892 36.952 36.962 36.942 36.93 36.897 36.915 36.882 36.87 36.857 36.84 36.852 36.852 36.857 36.86 36.862 36.847 36.835 36.862 36.88 36.847 36.825 36.827 36.802 36.772 36.742 36.767 36.757 36.735 36.767 36.79 36.78 36.762 36.735 36.727 36.67 36.695 36.667 36.642 36.652 36.707 36.682 36.737 36.755 36.692 36.605 36.53 36.472 36.452 36.465 36.475 36.44 36.45 36.442 36.39 36.315 36.392 36.395 36.445 36.505 36.575 36.597 36.592 36.66
36.747 36.777 36.792 36.775 36.797 36.81 36.855 36.855 36.897 36.955 36.95 36.967 36.952 36.952 36.945 36.922 36.897 36.887 36.862 36.885 36.895 36.87 36.865 36.85 36.877 36.855 36.867 36.912 36.872 36.85 36.852 36.86 36.832 36.792 36.782 36.777 36.777 36.82 36.837 36.81 36.8 36.755 36.772 36.75 36.717 36.725 36.675 36.705 36.732 36.705 36.78 36.81 36.757 36.677 36.592 36.547 36.515 36.512 36.495 36.482 36.5 36.505 36.445 36.43 36.465 36.442 36.457 36.447 36.497 36.51 36.517 36.56
36.772 36.77 36.81 36.802 36.772 36.822 36.87 36.895 36.917 36.97 36.97 36.947 36.967 36.992 36.972 36.952 36.942 36.915 36.897 36.92 36.927 36.922 36.927 36.952 36.917 36.897 36.917 36.94 36.912 36.912 36.887 36.882 36.89 36.845 36.855 36.857 36.84 36.855 36.822 36.84 36.802 36.79 36.782 36.762 36.75 36.775 36.747 36.737 36.742 36.717 36.752 36.79 36.78 36.707 36.63 36.582 36.585 36.562 36.552 36.537 36.555 36.565 36.545 36.502 36.502 36.495 36.467 36.477 36.51 36.527 36.515 36.51
36.792 36.787 36.812 36.825 36.832 36.84 36.832 36.917 36.94 37.005 37.037 37.035 37.022 37.017 37 37.002 37.007 36.977 36.96 36.932 36.952 36.952 36.965 36.955 36.93 36.947 36.937 36.932 36.957 36.942 36.95 36.94 36.942 36.907 36.887 36.905 36.895 36.88 36.885 36.872 36.88 36.852 36.85 36.84 36.8 36.787 36.767 36.767 36.73 36.767 36.765 36.795 36.802 36.75 36.685 36.637 36.622 36.657 36.64 36.637 36.625 36.627 36.632 36.592 36.565 36.542 36.512 36.53 36.532 36.535 36.52 36.515
36.86 36.837 36.84 36.842 36.865 36.855 36.857 36.947 36.977 36.99 37.06 37.055 37.07 37.082 37.045 37.027 37.03 37.022 36.987 36.962 36.997 36.965 37 36.995 37.007 36.96 36.975 36.99 36.997 37.01 36.985 36.977 36.977 36.98 36.925 36.952 36.955 36.93 36.932 36.927 36.88 36.895 36.86 36.855 36.832 36.802 36.822 36.785 36.8 36.752 36.807 36.825 36.847 36.797 36.76 36.677 36.637 36.67 36.695 36.705 36.672 36.66 36.675 36.66 36.64 36.562 36.557 36.562 36.54 36.507 36.502 36.51
36.867 36.89 36.887 36.902 36.88 36.887 36.925 36.945 37 37.022 37.045 37.085 37.072 37.102 37.05 37.057 37.04 37.017 37.015 37.002 37.032 37.017 37.02 37.047 37.062 37.02 37.017 37.025 37.047 37.04 37.032 37.017 37.022 37.01 37 36.992 36.982 37 36.947 36.957 36.912 36.917 36.9 36.885 36.855 36.825 36.847 36.832 36.845 36.807 36.865 36.922 36.9 36.842 36.782 36.7 36.672 36.747 36.712 36.722 36.71 36.7 36.695 36.692 36.682 36.642 36.63 36.605 36.575 36.532 36.505 36.47
36.895 36.907 36.897 36.925 36.932 36.93 36.942 36.977 37.007 37.02 37.062 37.095 37.077 37.112 37.1 37.09 37.06 37.042 37.02 36.99 37.022 37.062 37.052 37.087 37.042 37.045 37.035 37.065 37.072 37.072 37.092 37.097 37.065 37.06 37.045 37.032 36.997 37.035 36.985 36.977 36.952 36.945 36.925 36.917 36.897 36.877 36.847 36.867 36.89 36.845 36.887 36.92 36.89 36.847 36.812 36.722 36.7 36.755 36.725 36.765 36.775 36.775 36.732 36.73 36.7 36.67 36.64 36.622 36.567 36.547 36.485 36.465
36.92 36.935 36.942 36.952 36.947 36.927 36.957 37.002 37.02 37.057 37.082 37.092 37.107 37.15 37.132 37.132 37.077 37.085 37.06 37.042 37.05 37.07 37.092 37.117 37.09 37.1 37.107 37.102 37.102 37.107 37.13 37.135 37.107 37.097 37.075 37.062 37.045 37.045 37.03 36.992 36.985 37.005 36.972 36.942 36.915 36.902 36.85 36.872 36.91 36.895 36.887 36.875 36.897 36.882 36.847 36.745 36.73 36.767 36.777 36.795 36.827 36.792 36.775 36.742 36.707 36.71 36.645 36.587 36.53 36.522 36.46 36.43
36.94 36.945 36.95 36.957 36.985 36.992 37.005 37.005 37.04 37.09 37.095 37.107 37.135 37.162 37.147 37.14 37.13 37.11 37.105 37.085 37.08 37.095 37.1 37.092 37.137 37.14 37.132 37.147 37.145 37.145 37.157 37.187 37.167 37.15 37.142 37.092 37.105 37.062 37.062 37.047 37.027 37.002 36.997 36.965 36.95 36.907 36.89 36.905 36.957 36.947 36.907 36.942 36.97 36.945 36.89 36.797 36.732 36.745 36.775 36.8 36.797 36.777 36.762 36.755 36.74 36.702 36.645 36.577 36.557 36.48 36.42 36.365
36.987 36.98 36.987 36.995 37.015 37.01 37.032 37.035 37.077 37.127 37.082 37.142 37.145 37.165 37.152 37.147 37.137 37.142 37.122 37.11 37.112 37.122 37.117 37.132 37.14 37.155 37.147 37.165 37.2 37.197 37.23 37.232 37.182 37.165 37.18 37.147 37.115 37.09 37.082 37.1 37.077 37.03 37.002 36.975 36.952 36.932 36.892 36.927 36.942 36.982 36.967 36.957 37.005 36.935 36.89 36.782 36.742 36.772 36.782 36.782 36.767 36.76 36.762 36.742 36.712 36.682 36.645 36.58 36.517 36.47 36.352 36.27
36.995 37.037 37.025 37.017 37.035 37.057 37.062 37.047 37.075 37.11 37.095 37.13 37.18 37.17 37.2 37.185 37.195 37.197 37.177 37.165 37.122 37.132 37.165 37.16 37.182 37.187 37.205 37.207 37.222 37.242 37.232 37.247 37.2 37.2 37.23 37.19 37.175 37.13 37.107 37.112 37.082 37.082 37.062 37.04 36.98 36.987 36.94 36.945 36.987 36.992 36.957 36.942 37.027 36.957 36.937 36.815 36.75 36.765 36.775 36.792 36.76 36.765 36.767 36.725 36.672 36.652 36.635 36.585 36.492 36.417 36.335 36.23
37.012 37.032 37.04 37.047 37.082 37.08 37.092 37.08 37.07 37.102 37.142 37.157 37.197 37.215 37.222 37.217 37.202 37.2 37.182 37.172 37.165 37.17 37.18 37.207 37.247 37.255 37.26 37.262 37.262 37.237 37.235 37.242 37.277 37.247 37.23 37.242 37.217 37.16 37.145 37.122 37.097 37.097 37.055 37.095 37.037 36.99 37.002 36.96 37 36.975 36.96 37.002 37.107 37.005 36.95 36.885 36.812 36.822 36.79 36.782 36.74 36.765 36.747 36.677 36.662 36.627 36.59 36.527 36.417 36.345 36.31 36.2
37.02 37.06 37.052 37.082 37.095 37.077 37.07 37.067 37.097 37.082 37.14 37.187 37.2 37.237 37.232 37.245 37.25 37.24 37.215 37.212 37.227 37.232 37.22 37.235 37.242 37.277 37.275 37.29 37.305 37.287 37.31 37.28 37.295 37.305 37.272 37.265 37.252 37.227 37.197 37.172 37.117 37.13 37.125 37.105 37.062 37.027 37.015 36.992 37.012 37.047 36.997 37.092 37.16 37.087 37 36.902 36.842 36.83 36.822 36.79 36.795 36.767 36.73 36.695 36.665 36.607 36.562 36.467 36.38 36.322 36.262 36.227
37.032 37.075 37.105 37.12 37.117 37.1 37.09 37.112 37.102 37.112 37.147 37.217 37.23 37.245 37.285 37.287 37.307 37.305 37.28 37.28 37.282 37.267 37.265 37.285 37.26 37.292 37.327 37.317 37.33 37.33 37.325 37.322 37.34 37.345 37.332 37.302 37.287 37.255 37.227 37.207 37.162 37.162 37.132 37.127 37.115 37.082 37.037 36.99 37.042 37.072 37.015 37.12 37.18 37.125 37.035 36.955 36.855 36.845 36.83 36.782 36.812 36.772 36.71 36.707 36.677 36.62 36.522 36.455 36.415 36.347 36.257 36.202
37.04 37.1 37.12 37.125 37.125 37.112 37.157 37.16 37.11 37.132 37.175 37.232 37.27 37.282 37.312 37.3 37.352 37.332 37.32 37.315 37.307 37.297 37.312 37.307 37.317 37.335 37.355 37.31 37.362 37.35 37.352 37.345 37.382 37.37 37.357 37.335 37.312 37.27 37.262 37.24 37.18 37.152 37.137 37.157 37.142 37.105 37.065 37.06 37.07 37.075 37.047 37.122 37.19 37.12 37.082 37.032 36.88 36.857 36.862 36.837 36.797 36.767 36.712 36.712 36.677 36.605 36.532 36.462 36.4 36.335 36.25 36.215
37.087 37.147 37.132 37.135 37.14 37.127 37.167 37.155 37.165 37.17 37.23 37.235 37.317 37.325 37.327 37.352 37.382 37.397 37.382 37.365 37.317 37.335 37.322 37.325 37.357 37.37 37.36 37.35 37.367 37.34 37.377 37.382 37.39 37.412 37.365 37.355 37.345 37.312 37.295 37.252 37.232 37.19 37.17 37.17 37.172 37.157 37.092 37.09 37.082 37.095 37.077 37.145 37.192 37.187 37.13 37.047 36.977 36.895 36.89 36.867 36.827 36.812 36.76 36.692 36.677 36.61 36.522 36.465 36.387 36.337 36.235 36.247
37.085 37.155 37.122 37.162 37.17 37.185 37.217 37.2 37.202 37.217 37.265 37.277 37.327 37.337 37.372 37.41 37.407 37.392 37.39 37.427 37.417 37.375 37.332 37.34 37.402 37.43 37.395 37.375 37.4 37.38 37.387 37.425 37.402 37.422 37.385 37.355 37.365 37.33 37.322 37.242 37.212 37.232 37.2 37.207 37.187 37.172 37.14 37.132 37.077 37.12 37.107 37.14 37.22 37.257 37.19 37.095 36.962 36.87 36.892 36.87 36.812 36.822 36.805 36.74 36.7 36.625 36.54 36.452 36.382 36.34 36.297 36.267
37.072 37.092 37.147 37.185 37.187 37.222 37.215 37.227 37.255 37.24 37.257 37.305 37.332 37.37 37.4 37.432 37.45 37.44 37.432 37.437 37.437 37.437 37.397 37.38 37.367 37.402 37.415 37.407 37.417 37.417 37.42 37.402 37.445 37.462 37.442 37.42 37.38 37.352 37.34 37.317 37.257 37.232 37.212 37.21 37.217 37.177 37.165 37.157 37.122 37.117 37.14 37.152 37.21 37.277 37.22 37.147 37.025 36.98 36.947 36.905 36.902 36.88 36.835 36.76 36.692 36.65 36.607 36.447 36.405 36.38 36.33 36.337
37.062 37.112 37.182 37.197 37.217 37.227 37.257 37.232 37.282 37.28 37.292 37.332 37.365 37.397 37.427 37.44 37.467 37.47 37.475 37.48 37.437 37.432 37.445 37.43 37.427 37.45 37.417 37.402 37.465 37.42 37.435 37.432 37.427 37.442 37.475 37.415 37.407 37.397 37.37 37.347 37.27 37.225 37.235 37.227 37.22 37.2 37.205 37.185 37.177 37.16 37.15 37.142 37.202 37.28 37.245 37.185 37.065 37.005 37.015 36.932 36.927 36.9 36.857 36.792 36.7 36.64 36.595 36.537 36.445 36.425 36.39 36.345
37.062 37.157 37.225 37.247 37.267 37.257 37.25 37.28 37.315 37.317 37.342 37.37 37.38 37.417 37.437 37.472 37.487 37.505 37.517 37.527 37.49 37.45 37.447 37.467 37.437 37.485 37.472 37.455 37.46 37.455 37.46 37.447 37.455 37.447 37.457 37.462 37.435 37.425 37.402 37.367 37.297 37.29 37.257 37.232 37.227 37.205 37.222 37.195 37.185 37.212 37.21 37.185 37.257 37.305 37.235 37.195 37.12 37.042 37.03 36.952 36.93 36.932 36.892 36.835 36.782 36.69 36.63 36.605 36.547 36.485 36.445 36.4
37.105 37.167 37.217 37.25 37.275 37.287 37.275 37.31 37.342 37.335 37.35 37.365 37.41 37.417 37.445 37.477 37.525 37.535 37.532 37.56 37.547 37.525 37.517 37.5 37.465 37.46 37.487 37.47 37.465 37.415 37.482 37.475 37.475 37.467 37.465 37.477 37.447 37.442 37.387 37.372 37.33 37.3 37.26 37.235 37.232 37.202 37.222 37.21 37.197 37.205 37.192 37.152 37.23 37.312 37.28 37.242 37.19 37.07 37.037 36.997 36.972 36.94 36.915 36.875 36.845 36.767 36.697 36.657 36.597 36.575 36.5 36.47
37.132 37.175 37.242 37.26 37.295 37.3 37.3 37.352 37.345 37.375 37.362 37.392 37.415 37.457 37.482 37.495 37.537 37.555 37.557 37.55 37.577 37.55 37.565 37.552 37.49 37.482 37.495 37.49 37.492 37.47 37.485 37.477 37.467 37.467 37.462 37.497 37.475 37.432 37.427 37.397 37.38 37.312 37.295 37.285 37.257 37.227 37.205 37.207 37.207 37.242 37.202 37.177 37.245 37.302 37.34 37.26 37.185 37.087 37.077 37.025 36.997 36.957 36.98 36.93 36.865 36.817 36.777 36.662 36.635 36.635 36.582 36.56
37.135 37.172 37.265 37.282 37.31 37.33 37.322 37.362 37.38 37.405 37.377 37.42 37.435 37.452 37.457 37.51 37.565 37.57 37.577 37.587 37.597 37.6 37.585 37.555 37.522 37.52 37.507 37.517 37.487 37.482 37.497 37.452 37.465 37.472 37.477 37.492 37.497 37.482 37.42 37.407 37.402 37.352 37.3 37.285 37.275 37.25 37.225 37.21 37.217 37.227 37.21 37.157 37.252 37.375 37.352 37.27 37.172 37.145 37.065 37.045 37.027 37.007 36.99 36.937 36.892 36.845 36.807 36.71 36.735 36.677 36.642 36.602
37.14 37.21 37.23 37.23 37.292 37.332 37.345 37.362 37.385 37.395 37.422 37.437 37.435 37.46 37.495 37.49 37.572 37.592 37.615 37.592 37.587 37.612 37.61 37.532 37.527 37.507 37.527 37.512 37.497 37.517 37.462 37.467 37.452 37.487 37.5 37.487 37.497 37.502 37.475 37.415 37.395 37.365 37.342 37.287 37.282 37.222 37.22 37.212 37.232 37.262 37.255 37.195 37.26 37.335 37.355 37.315 37.225 37.167 37.087 37.05 37.04 37.037 37.017 36.975 36.932 36.882 36.862 36.797 36.78 36.74 36.702 36.652
37.125 37.185 37.227 37.255 37.3 37.317 37.372 37.382 37.405 37.405 37.425 37.45 37.452 37.452 37.502 37.537 37.565 37.595 37.627 37.61 37.617 37.61 37.59 37.575 37.557 37.567 37.557 37.517 37.485 37.495 37.45 37.482 37.465 37.49 37.492 37.497 37.507 37.482 37.45 37.44 37.405 37.38 37.35 37.312 37.292 37.245 37.255 37.22 37.24 37.26 37.237 37.227 37.237 37.3 37.337 37.3 37.272 37.165 37.115 37.09 37.077 37.06 37.015 36.997 36.977 36.945 36.89 36.872 36.812 36.792 36.755 36.675
37.14 37.17 37.172 37.25 37.33 37.332 37.39 37.42 37.417 37.415 37.417 37.49 37.482 37.45 37.485 37.542 37.592 37.657 37.655 37.652 37.662 37.657 37.655 37.637 37.607 37.585 37.525 37.512 37.535 37.495 37.497 37.507 37.502 37.492 37.46 37.445 37.477 37.487 37.475 37.465 37.437 37.392 37.347 37.315 37.307 37.302 37.27 37.222 37.235 37.265 37.277 37.235 37.252 37.33 37.38 37.35 37.252 37.19 37.15 37.152 37.13 37.075 37.032 37.005 36.99 36.96 36.96 36.912 36.9 36.85 36.81 36.76
37.122 37.172 37.19 37.25 37.31 37.372 37.395 37.41 37.405 37.427 37.435 37.512 37.507 37.492 37.507 37.575 37.577 37.635 37.65 37.682 37.672 37.665 37.65 37.64 37.585 37.567 37.547 37.512 37.532 37.487 37.477 37.497 37.482 37.48 37.512 37.49 37.49 37.507 37.462 37.46 37.435 37.39 37.36 37.342 37.312 37.275 37.247 37.217 37.255 37.285 37.29 37.245 37.25 37.305 37.362 37.365 37.272 37.195 37.15 37.157 37.172 37.115 37.105 37.042 37.042 37.005 37.01 36.975 36.95 36.892 36.862 36.81
