LIDAR/se2688_DTM_2M.asc
ncols 500
nrows 500
xllcorner    426000
yllcorner    488000
cellsize     2
NODATA_value -9999
[rows 416 to 447 of 500, columns 72 to 143 of 500]
51.252 51.394 51.514 51.709 51.854 52.034 52.194 52.422 52.612 52.767 52.952 53.129 53.289 53.424 53.567 53.722 53.827 53.934 54.067 54.109 54.187 54.234 54.249 54.329 54.337 54.349 54.349 54.332 54.302 54.277 54.239 54.227 54.162 54.097 53.994 53.917 53.824 53.709 53.589 53.427 53.254 53.072 52.912 52.717 52.564 52.409 52.287 52.154 52.044 51.932 51.842 51.734 51.654 51.622 51.572 51.549 51.562 51.604 51.909 52.152 52.009 51.549 51.364 51.289 51.349 51.377 51.202 51.069 51.022 50.902 50.802 50.777
51.319 51.459 51.602 51.787 51.942 52.139 52.289 52.479 52.654 52.824 52.997 53.134 53.304 53.454 53.637 53.752 53.874 54.029 54.124 54.184 54.249 54.299 54.337 54.387 54.412 54.434 54.394 54.364 54.324 54.314 54.314 54.267 54.184 54.129 54.044 53.959 53.859 53.757 53.627 53.462 53.299 53.104 52.934 52.754 52.584 52.434 52.299 52.184 52.034 51.924 51.824 51.734 51.657 51.649 51.594 51.564 51.522 51.682 51.979 52.147 51.999 51.554 51.367 51.312 51.419 51.402 51.309 51.142 51.009 50.917 50.809 50.729
51.392 51.524 51.654 51.834 51.969 52.154 52.297 52.492 52.674 52.847 52.999 53.162 53.307 53.494 53.682 53.829 53.957 54.089 54.174 54.257 54.314 54.359 54.389 54.414 54.439 54.429 54.387 54.372 54.349 54.379 54.424 54.344 54.234 54.162 54.052 53.949 53.854 53.752 53.629 53.487 53.317 53.129 52.937 52.769 52.587 52.419 52.304 52.167 52.057 51.949 51.834 51.752 51.692 51.629 51.597 51.572 51.557 51.814 52.029 52.172 51.982 51.532 51.319 51.289 51.294 51.224 51.229 51.104 51.009 50.924 50.819 50.732
51.407 51.527 51.657 51.819 51.999 52.167 52.364 52.547 52.734 52.889 53.042 53.184 53.379 53.514 53.734 53.869 53.987 54.129 54.207 54.287 54.364 54.377 54.429 54.462 54.487 54.484 54.409 54.424 54.422 54.404 54.507 54.422 54.239 54.117 53.997 53.904 53.824 53.729 53.599 53.472 53.307 53.109 52.937 52.742 52.564 52.417 52.284 52.142 52.037 51.894 51.809 51.759 51.697 51.637 51.587 51.579 51.679 52.039 52.177 52.222 52.114 51.719 51.404 51.194 51.119 51.102 51.132 51.054 50.967 50.927 50.812 50.759
51.422 51.579 51.729 51.912 52.067 52.234 52.397 52.574 52.704 52.914 53.099 53.239 53.454 53.599 53.767 53.894 54.034 54.154 54.244 54.364 54.444 54.497 54.519 54.544 54.572 54.539 54.484 54.509 54.444 54.394 54.422 54.277 54.099 53.927 53.787 53.722 53.677 53.597 53.497 53.382 53.249 53.082 52.892 52.664 52.519 52.349 52.224 52.117 51.999 51.894 51.787 51.724 51.679 51.632 51.617 51.637 51.849 52.297 52.459 52.467 52.224 51.849 51.527 51.157 51.022 51.054 51.044 50.969 50.994 50.919 50.822 50.727
51.529 51.682 51.817 51.999 52.149 52.319 52.474 52.637 52.792 52.959 53.204 53.342 53.474 53.634 53.802 53.979 54.102 54.222 54.332 54.404 54.499 54.557 54.557 54.577 54.627 54.577 54.597 54.582 54.544 54.417 54.317 54.087 53.869 53.744 53.642 53.544 53.487 53.402 53.339 53.247 53.149 52.994 52.837 52.654 52.467 52.312 52.199 52.107 51.999 51.872 51.782 51.737 51.684 51.607 51.599 51.717 52.044 52.402 52.579 52.562 52.287 51.907 51.479 51.084 50.942 50.927 50.887 50.839 50.829 50.849 50.839 50.724
51.607 51.744 51.904 52.074 52.187 52.317 52.512 52.674 52.817 53.069 53.319 53.429 53.562 53.724 53.837 53.994 54.122 54.272 54.384 54.494 54.589 54.602 54.639 54.647 54.667 54.634 54.652 54.639 54.572 54.322 54.089 53.884 53.659 53.564 53.489 53.397 53.329 53.264 53.187 53.157 53.112 52.989 52.832 52.654 52.487 52.332 52.207 52.102 51.992 51.902 51.804 51.732 51.687 51.649 51.654 51.889 52.247 52.502 52.634 52.617 52.317 51.922 51.344 51.037 50.907 50.832 50.834 50.762 50.724 50.744 50.832 50.759
51.654 51.817 51.982 52.164 52.214 52.379 52.602 52.742 52.859 53.134 53.299 53.439 53.592 53.774 53.879 54.004 54.139 54.294 54.404 54.522 54.637 54.672 54.699 54.714 54.717 54.689 54.697 54.627 54.399 54.122 53.927 53.707 53.582 53.469 53.389 53.324 53.279 53.249 53.209 53.152 53.104 52.967 52.782 52.597 52.429 52.304 52.169 52.092 51.999 51.907 51.832 51.764 51.677 51.689 51.747 52.029 52.377 52.642 52.657 52.592 52.309 51.842 51.189 50.957 50.892 50.797 50.742 50.709 50.682 50.657 50.692 50.704
51.712 51.887 52.072 52.217 52.284 52.422 52.619 52.782 52.957 53.099 53.254 53.444 53.652 53.802 53.912 54.087 54.199 54.334 54.452 54.579 54.639 54.702 54.694 54.672 54.684 54.694 54.694 54.572 54.222 54.002 53.807 53.637 53.522 53.477 53.409 53.427 53.397 53.352 53.259 53.202 53.082 52.949 52.752 52.599 52.437 52.302 52.167 52.104 51.984 51.889 51.877 51.814 51.714 51.697 51.929 52.164 52.369 52.592 52.589 52.387 52.114 51.617 51.052 50.879 50.819 50.754 50.684 50.639 50.622 50.614 50.562 50.574
51.842 51.959 52.119 52.284 52.312 52.524 52.762 52.962 53.062 53.172 53.322 53.524 53.699 53.897 53.962 54.072 54.254 54.377 54.474 54.599 54.684 54.699 54.707 54.732 54.749 54.802 54.689 54.434 54.112 53.869 53.724 53.642 53.574 53.517 53.512 53.497 53.479 53.414 53.339 53.227 53.072 52.894 52.704 52.559 52.437 52.267 52.169 52.102 51.999 51.914 51.857 51.809 51.704 51.717 52.069 52.242 52.424 52.509 52.429 52.197 51.744 51.269 50.997 50.857 50.789 50.704 50.632 50.534 50.479 50.542 50.532 50.477
51.957 52.034 52.182 52.304 52.382 52.574 52.809 52.959 53.119 53.277 53.394 53.579 53.739 53.927 54.034 54.147 54.312 54.419 54.467 54.584 54.639 54.679 54.759 54.809 54.872 54.867 54.647 54.304 54.079 53.864 53.704 53.639 53.599 53.549 53.542 53.547 53.502 53.409 53.329 53.234 53.077 52.872 52.709 52.544 52.402 52.282 52.182 52.079 51.997 51.944 51.859 51.789 51.699 51.794 52.152 52.287 52.449 52.489 52.359 51.947 51.529 51.139 50.939 50.824 50.769 50.699 50.579 50.492 50.439 50.444 50.449 50.442
52.114 52.172 52.302 52.414 52.487 52.619 52.849 52.992 53.147 53.299 53.444 53.597 53.774 53.909 54.037 54.204 54.307 54.372 54.477 54.594 54.679 54.762 54.849 54.857 54.899 54.839 54.547 54.229 54.054 53.952 53.762 53.644 53.629 53.594 53.572 53.554 53.449 53.352 53.287 53.217 53.072 52.847 52.697 52.524 52.404 52.302 52.154 52.082 52.014 51.952 51.859 51.772 51.719 51.899 52.197 52.289 52.407 52.399 52.214 51.809 51.379 51.052 50.887 50.802 50.734 50.677 50.614 50.519 50.427 50.374 50.339 50.377
52.319 52.459 52.582 52.659 52.669 52.672 52.857 53.062 53.179 53.332 53.489 53.667 53.864 53.914 54.064 54.182 54.332 54.384 54.542 54.684 54.797 54.832 54.897 54.937 54.919 54.739 54.449 54.244 54.132 53.967 53.814 53.759 53.679 53.639 53.599 53.602 53.497 53.432 53.327 53.219 53.047 52.839 52.654 52.487 52.377 52.267 52.162 52.109 51.974 51.874 51.847 51.739 51.777 52.089 52.199 52.249 52.354 52.327 52.062 51.684 51.254 50.972 50.832 50.777 50.732 50.662 50.579 50.507 50.414 50.347 50.304 50.279
52.514 52.804 52.947 52.957 52.922 52.827 52.957 53.102 53.257 53.494 53.637 53.704 53.874 53.992 54.097 54.194 54.359 54.487 54.617 54.714 54.829 54.887 54.959 55.032 54.919 54.712 54.422 54.282 54.237 54.087 53.927 53.794 53.727 53.687 53.662 53.644 53.569 53.459 53.329 53.184 53.012 52.789 52.599 52.459 52.324 52.229 52.199 52.214 52.017 51.834 51.694 51.662 51.839 52.092 52.197 52.182 52.154 52.207 51.922 51.622 51.087 50.917 50.807 50.749 50.702 50.662 50.597 50.514 50.414 50.319 50.322 50.297
52.572 52.969 53.137 53.209 53.227 53.079 53.067 53.162 53.317 53.479 53.607 53.687 53.802 54.012 54.124 54.247 54.457 54.564 54.682 54.762 54.839 54.899 54.977 54.959 54.902 54.734 54.439 54.297 54.214 54.107 53.972 53.859 53.794 53.742 53.677 53.684 53.654 53.499 53.362 53.204 53.034 52.822 52.614 52.459 52.332 52.252 52.269 52.164 51.959 51.719 51.669 51.694 51.897 52.149 52.249 52.194 52.162 51.994 51.712 51.342 50.964 50.797 50.762 50.709 50.662 50.632 50.609 50.507 50.409 50.349 50.329 50.284
52.487 53.047 53.227 53.287 53.354 53.257 53.257 53.272 53.382 53.512 53.639 53.754 53.837 54.029 54.132 54.324 54.472 54.539 54.667 54.774 54.852 54.929 54.999 54.982 54.884 54.724 54.509 54.324 54.209 54.099 53.997 53.927 53.857 53.822 53.697 53.697 53.672 53.547 53.362 53.169 52.997 52.854 52.652 52.477 52.424 52.244 52.142 52.104 51.942 51.749 51.744 51.827 52.084 52.237 52.269 52.177 52.139 51.894 51.494 51.107 50.842 50.772 50.694 50.634 50.627 50.622 50.544 50.464 50.419 50.352 50.319 50.279
52.934 53.194 53.317 53.427 53.499 53.452 53.412 53.397 53.419 53.519 53.654 53.772 53.909 54.044 54.167 54.334 54.504 54.597 54.687 54.802 54.884 54.954 55.034 55.067 54.964 54.729 54.524 54.342 54.212 54.132 54.042 53.962 53.929 53.824 53.732 53.704 53.697 53.592 53.379 53.147 52.912 52.767 52.619 52.502 52.449 52.259 52.064 51.997 51.862 51.774 51.767 51.974 52.197 52.207 52.167 52.092 52.017 51.739 51.289 50.949 50.807 50.714 50.632 50.562 50.567 50.529 50.484 50.454 50.417 50.364 50.307 50.279
53.207 53.347 53.469 53.564 53.604 53.499 53.474 53.537 53.562 53.612 53.692 53.784 53.959 54.082 54.197 54.424 54.537 54.642 54.744 54.832 54.902 55.024 55.027 55.069 54.962 54.752 54.539 54.354 54.239 54.167 54.122 54.054 53.967 53.864 53.792 53.774 53.722 53.607 53.439 53.147 52.894 52.739 52.627 52.689 52.592 52.394 52.092 51.889 51.822 51.827 51.864 52.082 52.234 52.202 52.164 52.059 51.879 51.507 51.132 50.872 50.729 50.644 50.589 50.522 50.479 50.467 50.434 50.394 50.352 50.352 50.284 50.244
53.329 53.422 53.572 53.669 53.634 53.529 53.519 53.557 53.627 53.717 53.799 53.877 53.987 54.072 54.222 54.434 54.567 54.677 54.744 54.822 54.912 55.034 55.004 54.979 54.922 54.744 54.519 54.357 54.279 54.257 54.224 54.132 54.004 53.909 53.857 53.829 53.702 53.547 53.382 53.074 52.849 52.787 52.774 52.669 52.507 52.292 51.994 51.857 51.854 51.889 52.017 52.144 52.214 52.152 52.077 51.984 51.724 51.362 50.977 50.797 50.657 50.612 50.547 50.457 50.434 50.427 50.399 50.329 50.284 50.299 50.262 50.284
53.347 53.407 53.542 53.627 53.572 53.542 53.539 53.632 53.654 53.742 53.852 53.972 54.074 54.152 54.274 54.447 54.594 54.704 54.769 54.864 54.964 55.057 55.044 54.984 54.949 54.767 54.584 54.439 54.362 54.319 54.249 54.194 54.079 53.977 53.897 53.817 53.692 53.519 53.284 53.054 52.969 52.887 52.762 52.637 52.407 52.132 51.962 51.852 51.882 51.999 52.167 52.267 52.254 52.084 51.989 51.892 51.487 51.202 50.854 50.682 50.639 50.584 50.507 50.434 50.417 50.379 50.317 50.299 50.289 50.274 50.234 50.264
53.384 53.412 53.492 53.529 53.519 53.522 53.532 53.622 53.672 53.729 53.804 53.974 54.169 54.314 54.429 54.537 54.657 54.744 54.829 54.934 55.012 55.082 55.057 54.992 54.934 54.822 54.687 54.522 54.399 54.327 54.307 54.247 54.179 54.057 53.932 53.834 53.704 53.484 53.222 53.124 53.122 52.872 52.694 52.627 52.399 52.117 52.009 51.944 51.964 52.074 52.249 52.277 52.192 52.009 51.899 51.734 51.337 50.979 50.752 50.642 50.534 50.519 50.482 50.442 50.402 50.329 50.277 50.264 50.264 50.224 50.254 50.237
53.424 53.439 53.492 53.524 53.487 53.512 53.539 53.602 53.639 53.687 53.792 53.917 54.169 54.394 54.612 54.732 54.787 54.782 54.847 54.952 55.052 55.102 55.069 55.002 54.907 54.797 54.714 54.542 54.409 54.379 54.334 54.319 54.259 54.119 53.994 53.837 53.707 53.457 53.257 53.179 53.127 52.957 52.607 52.559 52.382 52.119 52.032 51.979 52.004 52.102 52.244 52.277 52.189 51.989 51.899 51.432 51.194 50.817 50.654 50.567 50.469 50.427 50.447 50.424 50.382 50.299 50.249 50.212 50.234 50.212 50.262 50.234
53.432 53.434 53.484 53.512 53.497 53.532 53.547 53.574 53.642 53.689 53.772 53.912 54.134 54.447 54.707 54.859 54.914 54.849 54.879 55.004 55.092 55.122 55.077 55.022 54.882 54.732 54.619 54.492 54.419 54.404 54.379 54.344 54.267 54.182 54.054 53.849 53.659 53.467 53.324 53.269 53.149 52.884 52.664 52.579 52.367 52.172 52.109 52.029 52.034 52.114 52.214 52.229 52.114 51.989 51.884 51.464 51.047 50.687 50.544 50.484 50.467 50.417 50.362 50.344 50.302 50.287 50.234 50.224 50.214 50.209 50.252 50.162
53.449 53.459 53.494 53.519 53.512 53.524 53.554 53.614 53.679 53.722 53.767 53.859 54.097 54.399 54.719 54.972 55.054 54.962 54.947 55.047 55.117 55.129 55.132 55.042 54.859 54.664 54.564 54.469 54.417 54.419 54.429 54.387 54.299 54.204 54.082 53.882 53.649 53.474 53.409 53.344 53.204 52.907 52.744 52.549 52.349 52.214 52.144 52.079 52.197 52.274 52.229 52.194 52.024 51.917 51.719 51.254 50.817 50.582 50.504 50.462 50.457 50.399 50.327 50.264 50.219 50.254 50.234 50.219 50.219 50.192 50.197 50.144
53.452 53.482 53.519 53.522 53.522 53.542 53.572 53.612 53.712 53.759 53.792 53.847 54.074 54.374 54.702 54.982 55.077 55.032 54.997 55.094 55.154 55.144 55.167 55.077 54.872 54.652 54.554 54.472 54.477 54.497 54.464 54.419 54.304 54.164 54.034 53.894 53.682 53.514 53.487 53.304 53.119 52.929 52.939 52.644 52.382 52.274 52.182 52.149 52.322 52.337 52.257 52.214 51.962 51.747 51.409 51.109 50.672 50.529 50.427 50.432 50.422 50.372 50.322 50.254 50.212 50.194 50.184 50.207 50.224 50.162 50.184 50.122
53.479 53.514 53.542 53.529 53.542 53.569 53.614 53.619 53.709 53.777 53.782 53.877 54.124 54.389 54.717 54.967 55.049 55.004 55.047 55.097 55.159 55.154 55.139 55.059 54.849 54.637 54.539 54.489 54.499 54.502 54.472 54.419 54.337 54.142 54.014 53.932 53.719 53.517 53.434 53.279 53.099 52.979 52.967 52.922 52.672 52.427 52.264 52.227 52.327 52.274 52.237 52.152 51.909 51.709 51.327 50.912 50.582 50.462 50.427 50.409 50.367 50.309 50.294 50.227 50.172 50.159 50.142 50.177 50.157 50.132 50.172 50.102
53.527 53.532 53.554 53.557 53.577 53.599 53.654 53.649 53.742 53.777 53.802 53.929 54.142 54.384 54.672 54.932 55.009 54.984 55.027 55.087 55.187 55.197 55.142 55.029 54.837 54.592 54.567 54.559 54.549 54.532 54.482 54.447 54.317 54.177 54.049 53.902 53.742 53.389 53.212 53.217 53.079 52.992 52.937 52.939 52.854 52.659 52.407 52.362 52.372 52.252 52.252 52.032 51.842 51.579 51.189 50.807 50.549 50.424 50.427 50.357 50.294 50.247 50.234 50.192 50.164 50.134 50.117 50.072 50.064 50.104 50.107 50.067
53.549 53.574 53.582 53.562 53.607 53.627 53.667 53.712 53.759 53.804 53.817 53.952 54.197 54.422 54.689 54.864 54.977 55.032 55.099 55.147 55.179 55.177 55.137 54.974 54.784 54.622 54.622 54.577 54.577 54.552 54.522 54.442 54.309 54.164 54.079 53.902 53.742 53.219 52.964 52.964 53.004 52.987 52.894 52.909 52.914 52.782 52.559 52.562 52.499 52.327 52.214 51.904 51.737 51.384 51.022 50.622 50.512 50.429 50.379 50.324 50.277 50.209 50.197 50.157 50.142 50.117 50.057 50.042 50.029 50.014 49.984 49.982
53.542 53.569 53.579 53.617 53.649 53.634 53.672 53.727 53.757 53.784 53.804 53.964 54.239 54.514 54.702 54.832 54.962 55.062 55.157 55.209 55.182 55.167 55.112 54.939 54.759 54.689 54.654 54.612 54.597 54.564 54.552 54.429 54.257 54.142 54.072 53.997 53.747 53.177 53.007 52.942 52.942 52.949 52.847 52.872 52.914 52.794 52.712 52.767 52.584 52.419 52.184 51.917 51.582 51.172 50.864 50.452 50.444 50.422 50.382 50.314 50.252 50.209 50.157 50.137 50.102 50.072 50.067 50.012 49.974 49.959 49.912 49.889
53.562 53.567 53.619 53.617 53.637 53.647 53.704 53.752 53.804 53.832 53.879 54.087 54.362 54.577 54.674 54.854 55.012 55.107 55.187 55.237 55.204 55.174 55.052 54.904 54.732 54.714 54.692 54.677 54.624 54.594 54.559 54.434 54.249 54.142 54.042 53.917 53.702 53.184 53.069 52.997 52.974 52.982 52.909 52.899 52.807 52.769 52.839 52.879 52.572 52.434 52.159 51.909 51.394 51.014 50.699 50.519 50.467 50.417 50.344 50.289 50.249 50.192 50.114 50.102 50.037 50.052 50.012 49.984 49.934 49.937 49.877 49.807
53.547 53.562 53.602 53.669 53.784 53.859 53.922 53.954 53.999 54.067 54.107 54.269 54.487 54.647 54.727 54.844 55.014 55.097 55.202 55.257 55.232 55.182 55.067 54.914 54.777 54.749 54.724 54.662 54.644 54.637 54.579 54.459 54.292 54.192 54.039 53.842 53.537 53.284 53.139 53.057 52.964 52.942 52.972 52.949 52.869 52.842 52.994 52.924 52.784 52.562 52.139 51.767 51.269 50.962 50.624 50.519 50.464 50.407 50.322 50.279 50.209 50.162 50.097 50.037 50.012 50.009 49.979 49.937 49.889 49.857 49.817 49.774
53.534 53.569 53.737 53.917 54.084 54.242 54.322 54.382 54.399 54.429 54.437 54.537 54.592 54.669 54.799 54.904 54.997 55.104 55.194 55.252 55.192 55.114 55.032 54.907 54.789 54.792 54.729 54.692 54.689 54.659 54.574 54.477 54.334 54.137 53.977 53.714 53.547 53.347 53.212 53.107 52.992 53.007 52.999 52.942 52.874 52.902 53.014 52.947 52.762 52.569 52.099 51.552 51.224 50.819 50.567 50.512 50.434 50.397 50.344 50.277 50.239 50.144 50.057 50.032 50.034 49.982 49.962 49.862 49.862 49.827 49.797 49.737
