LIDAR/se2687_DTM_2M.asc
ncols 500
nrows 500
xllcorner    426000
yllcorner    487000
cellsize     2
NODATA_value -9999
[rows 32 to 63 of 500, columns 0 to 72 of 500]
50.242 50.257 50.392 50.452 50.577 50.802 50.994 51.187 51.269 51.254 51.359 51.399 51.462 51.614 51.687 51.734 51.804 51.932 52.107 52.247 52.249 52.274 52.329 52.424 52.577 52.649 52.674 52.739 52.782 52.839 52.912 52.879 52.957 53.032 53.099 53.134 53.174 53.184 53.279 53.337 53.349 53.362 53.354 53.312 53.269 53.267 53.279 53.252 53.207 53.214 53.192 53.057 53.04 53.02 52.932 52.9 52.862 52.805 52.752 52.725 52.702 52.667 52.642 52.605 52.557 52.552 52.627 52.58 52.605 52.515 52.31 52.322 52.35
50.162 50.179 50.229 50.304 50.284 50.387 50.507 50.672 50.892 51.089 51.257 51.367 51.589 51.739 51.802 51.767 51.834 51.982 52.122 52.154 52.214 52.234 52.294 52.374 52.557 52.689 52.744 52.797 52.854 52.894 52.907 52.912 52.984 53.024 53.114 53.157 53.177 53.184 53.217 53.309 53.369 53.379 53.284 53.194 53.264 53.327 53.297 53.242 53.194 53.209 53.117 53.06 53.032 52.982 52.952 52.88 52.835 52.792 52.757 52.697 52.682 52.665 52.597 52.522 52.502 52.515 52.57 52.52 52.485 52.435 52.25 52.245 52.285
50.292 50.249 50.204 50.262 50.234 50.297 50.409 50.357 50.427 50.582 50.692 50.844 51.182 51.569 51.704 51.744 51.747 51.747 51.864 51.914 52.112 52.127 52.209 52.294 52.514 52.707 52.777 52.872 52.922 52.847 52.977 52.987 53.044 53.127 53.132 53.172 53.239 53.284 53.287 53.367 53.422 53.412 53.317 53.289 53.277 53.322 53.302 53.239 53.207 53.214 53.137 53.125 53.072 53.005 52.952 52.892 52.83 52.805 52.727 52.7 52.647 52.592 52.472 52.445 52.39 52.407 52.5 52.452 52.465 52.347 52.212 52.242 52.265
50.539 50.474 50.382 50.237 50.262 50.347 50.362 50.369 50.352 50.444 50.532 50.597 50.692 50.824 50.977 51.162 51.302 51.372 51.512 51.639 51.967 52.057 52.139 52.337 52.562 52.669 52.794 52.874 52.909 52.854 52.924 52.972 53.044 53.117 53.169 53.222 53.339 53.392 53.297 53.377 53.467 53.397 53.417 53.404 53.354 53.362 53.359 53.292 53.264 53.219 53.177 53.155 53.072 53.002 52.957 52.91 52.822 52.79 52.715 52.73 52.64 52.515 52.395 52.33 52.262 52.312 52.405 52.39 52.365 52.305 52.185 52.207 52.237
50.639 50.569 50.537 50.452 50.462 50.482 50.482 50.472 50.477 50.447 50.489 50.639 50.694 50.732 50.784 50.839 50.977 51.124 51.227 51.374 51.482 51.632 51.879 52.319 52.587 52.734 52.884 52.944 52.954 52.897 52.932 53.049 53.072 53.082 53.172 53.187 53.227 53.354 53.414 53.482 53.337 53.277 53.424 53.422 53.392 53.399 53.372 53.332 53.259 53.267 53.21 53.2 53.107 53.062 53 52.915 52.87 52.812 52.757 52.695 52.605 52.477 52.352 52.252 52.177 52.22 52.372 52.382 52.312 52.3 52.26 52.247 52.27
50.697 50.717 50.694 50.587 50.614 50.619 50.544 50.559 50.604 50.654 50.684 50.789 50.717 50.737 50.784 50.847 50.954 51.044 51.104 51.219 51.264 51.374 51.454 51.684 51.904 52.034 52.229 52.327 52.572 52.549 52.719 52.844 52.789 52.852 53.117 53.204 53.174 53.207 53.369 53.404 53.314 53.277 53.374 53.394 53.352 53.339 53.377 53.394 53.354 53.287 53.315 53.292 53.205 53.167 53.037 52.985 52.907 52.817 52.76 52.72 52.615 52.505 52.377 52.255 52.175 52.192 52.29 52.335 52.267 52.297 52.265 52.237 52.215
50.752 50.729 50.694 50.624 50.682 50.702 50.657 50.724 50.864 50.909 50.894 50.937 50.939 50.894 50.929 51.009 51.042 51.049 51.117 51.182 51.204 51.302 51.334 51.439 51.439 51.582 51.737 51.694 51.774 51.892 52.082 52.237 52.202 52.307 52.489 52.649 52.717 52.717 52.962 52.879 52.977 53.214 53.287 53.334 53.257 53.272 53.287 53.227 53.267 53.272 53.37 53.27 53.207 53.207 53.142 53.015 53.04 52.842 52.722 52.712 52.635 52.625 52.545 52.457 52.345 52.342 52.377 52.415 52.345 52.345 52.357 52.325 52.262
50.789 50.767 50.732 50.704 50.779 50.807 50.764 50.839 50.919 50.969 51.022 51.019 51.047 51.014 51.064 51.109 51.237 51.334 51.349 51.359 51.359 51.357 51.362 51.392 51.432 51.587 51.624 51.724 51.759 51.764 51.862 51.922 51.869 51.922 51.997 52.029 52.094 52.182 52.237 52.187 52.269 52.522 52.584 52.679 52.647 52.802 52.882 52.817 52.959 52.994 53.025 53.005 53.072 53.12 53.077 53.07 53 52.822 52.672 52.605 52.547 52.555 52.495 52.452 52.412 52.375 52.465 52.52 52.465 52.495 52.532 52.477 52.462
50.847 50.852 50.789 50.764 50.807 50.834 50.864 50.894 51.009 51.027 51.022 51.092 51.137 51.062 51.112 51.184 51.282 51.384 51.419 51.422 51.429 51.412 51.442 51.437 51.507 51.692 51.727 51.734 51.739 51.749 51.754 51.749 51.709 51.714 51.777 51.799 52.009 52.132 52.059 52.194 52.119 52.182 52.187 52.112 52.124 52.227 52.224 52.229 52.272 52.372 52.405 52.432 52.572 52.69 52.662 52.672 52.702 52.647 52.64 52.642 52.562 52.525 52.47 52.462 52.437 52.462 52.462 52.45 52.43 52.46 52.535 52.495 52.435
50.837 50.844 50.827 50.804 50.834 50.869 50.929 50.952 51.042 51.029 51.067 51.104 51.124 51.084 51.117 51.162 51.227 51.257 51.349 51.397 51.474 51.447 51.434 51.507 51.627 51.689 51.737 51.839 51.824 51.859 51.879 51.917 52.012 52.019 52.064 52.019 52.114 52.144 52.174 52.104 52.109 52.124 52.089 52.089 52.122 52.084 52.072 52.042 51.994 51.972 51.955 51.94 51.987 52.02 52.037 52.042 52.087 52.055 52.17 52.227 52.195 52.275 52.312 52.357 52.335 52.182 52.252 52.482 52.512 52.525 52.527 52.522 52.46
50.869 50.887 50.922 50.917 50.969 50.974 50.904 50.909 50.967 50.997 51.029 51.042 51.062 51.089 51.132 51.149 51.149 51.222 51.314 51.379 51.422 51.447 51.349 51.479 51.622 51.599 51.614 51.757 51.797 51.752 51.864 51.934 51.964 51.929 52.022 51.959 52.039 52.124 52.209 52.227 52.227 52.199 52.174 52.142 52.139 52.024 52.029 52.007 51.984 51.929 51.912 51.877 51.877 51.817 51.827 51.802 51.82 51.82 51.832 51.81 51.732 51.772 51.802 51.842 51.897 51.797 52.032 52.257 52.367 52.327 52.447 52.432 52.452
50.942 50.977 50.994 51.009 50.979 50.947 50.937 50.952 50.959 50.972 50.972 50.999 51.049 51.082 51.132 51.182 51.142 51.177 51.217 51.282 51.297 51.302 51.332 51.377 51.482 51.474 51.582 51.689 51.617 51.497 51.504 51.699 51.797 51.804 51.817 51.852 51.887 51.917 52.014 52.117 52.084 52.009 51.977 52.032 52.109 52.087 52.032 52.019 51.984 51.932 51.94 51.84 51.81 51.842 51.822 51.767 51.757 51.755 51.707 51.752 51.667 51.655 51.67 51.652 51.637 51.657 51.637 51.702 51.747 51.767 51.812 51.842 51.92
50.917 50.997 51.042 51.067 50.967 50.964 50.974 50.899 50.889 50.962 50.987 50.947 50.974 51.012 51.144 51.272 51.142 51.052 51.112 51.222 51.284 51.319 51.319 51.339 51.352 51.319 51.377 51.402 51.389 51.347 51.219 51.474 51.619 51.667 51.672 51.732 51.759 51.774 51.812 51.814 51.827 51.787 51.759 51.792 51.834 51.824 51.744 51.809 51.864 51.922 51.89 51.775 51.682 51.717 51.762 51.705 51.65 51.755 51.71 51.69 51.685 51.63 51.635 51.632 51.652 51.64 51.595 51.575 51.612 51.592 51.615 51.627 51.67
50.864 50.922 50.972 50.957 50.959 50.934 50.867 50.864 50.904 50.944 50.987 50.999 50.937 51.037 51.164 51.217 51.064 50.967 50.987 51.139 51.217 51.272 51.314 51.329 51.297 51.259 51.252 51.324 51.397 51.347 51.227 51.347 51.424 51.492 51.467 51.539 51.562 51.577 51.604 51.637 51.734 51.749 51.667 51.612 51.622 51.664 51.589 51.512 51.554 51.614 51.62 51.56 51.532 51.55 51.567 51.517 51.482 51.57 51.515 51.525 51.585 51.452 51.45 51.557 51.67 51.647 51.65 51.59 51.552 51.522 51.552 51.567 51.567
50.884 50.884 50.922 50.934 50.914 50.832 50.844 50.884 50.924 50.962 50.952 50.984 50.944 51.034 51.127 51.134 50.984 50.999 51.034 51.162 51.179 51.237 51.239 51.232 51.229 51.277 51.347 51.422 51.459 51.494 51.507 51.409 51.314 51.289 51.302 51.352 51.414 51.417 51.429 51.452 51.544 51.569 51.502 51.469 51.472 51.512 51.452 51.412 51.392 51.419 51.425 51.42 51.425 51.427 51.372 51.3 51.307 51.342 51.302 51.297 51.27 51.217 51.217 51.297 51.355 51.342 51.42 51.4 51.352 51.412 51.48 51.472 51.505
50.899 50.912 50.914 50.897 50.862 50.824 50.864 50.904 50.942 50.984 50.947 50.932 50.932 50.992 51.079 51.032 50.987 51.029 51.069 51.164 51.239 51.219 51.222 51.224 51.204 51.222 51.339 51.382 51.422 51.467 51.514 51.507 51.342 51.222 51.244 51.314 51.374 51.419 51.417 51.342 51.422 51.409 51.327 51.329 51.314 51.314 51.284 51.362 51.379 51.339 51.337 51.322 51.305 51.295 51.212 51.18 51.117 51.102 51.045 51.095 51.112 51.09 51.03 51 51.107 51.15 51.192 51.19 51.107 51.25 51.382 51.42 51.457
50.909 50.934 50.917 50.909 50.899 50.847 50.887 50.924 50.962 50.994 50.952 50.942 50.949 50.957 51.032 50.984 51.019 51.059 51.107 51.254 51.239 51.219 51.219 51.199 51.174 51.177 51.234 51.294 51.349 51.399 51.439 51.417 51.337 51.202 51.257 51.312 51.359 51.402 51.372 51.347 51.384 51.422 51.289 51.252 51.294 51.262 51.224 51.322 51.344 51.274 51.23 51.207 51.205 51.21 51.15 50.987 50.83 50.88 50.852 50.887 50.942 50.985 50.907 50.87 50.99 51.035 51.072 51.107 51.022 51.092 51.315 51.39 51.457
50.899 50.959 51.004 50.967 50.914 50.877 50.932 50.937 50.994 50.989 50.949 50.942 50.889 50.924 50.977 51.007 51.054 51.062 51.102 51.202 51.239 51.214 51.214 51.159 51.154 51.149 51.164 51.232 51.289 51.337 51.344 51.322 51.252 51.209 51.257 51.304 51.344 51.344 51.259 51.259 51.307 51.257 51.227 51.202 51.279 51.274 51.254 51.329 51.319 51.267 51.265 51.14 51.15 51.092 51.017 50.882 50.797 50.77 50.675 50.687 50.762 50.82 50.812 50.792 50.867 50.877 50.895 50.927 50.94 51.07 51.37 51.36 51.4
50.707 50.72 50.77 50.86 50.895 50.855 50.82 50.905 50.91 50.887 50.89 50.85 50.792 50.792 50.865 50.892 50.965 50.967 51.065 51.16 51.22 51.217 51.185 51.132 51.122 51.112 51.175 51.177 51.225 51.257 51.25 51.227 51.175 51.205 51.245 51.285 51.315 51.25 51.16 51.08 51.117 51.067 51.095 51.207 51.3 51.302 51.285 51.33 51.3 51.252 51.355 51.225 51.162 51.055 50.955 50.875 50.78 50.645 50.585 50.6 50.645 50.707 50.805 50.77 50.737 50.712 50.75 50.78 50.842 51.165 51.402 51.332 51.4
50.577 50.565 50.555 50.705 50.685 50.56 50.48 50.587 50.662 50.657 50.795 50.725 50.625 50.67 50.767 50.797 50.87 50.917 50.992 50.972 50.975 51 51.027 51.065 51.052 51.09 51.107 51.152 51.13 51.142 51.155 51.125 51.062 51.17 51.232 51.265 51.245 51.15 51.06 50.967 50.947 50.957 51.022 51.147 51.31 51.322 51.312 51.327 51.277 51.242 51.397 51.325 51.185 51.027 50.865 50.757 50.665 50.585 50.59 50.575 50.65 50.735 50.847 50.79 50.735 50.657 50.657 50.715 50.79 51.062 51.33 51.257 51.317
50.55 50.55 50.54 50.59 50.567 50.43 50.41 50.445 50.485 50.562 50.612 50.635 50.557 50.587 50.637 50.695 50.777 50.802 50.802 50.802 50.81 50.822 50.887 50.905 50.887 50.88 50.815 50.835 50.835 50.875 50.907 50.957 50.88 50.982 51.057 51.157 51.13 51.03 50.967 50.92 50.897 50.845 50.89 51.075 51.31 51.297 51.297 51.307 51.247 51.232 51.39 51.357 51.165 50.912 50.737 50.647 50.555 50.57 50.602 50.64 50.717 50.76 50.825 50.81 50.727 50.642 50.58 50.647 50.77 51.042 51.26 51.247 51.285
50.562 50.565 50.552 50.6 50.537 50.412 50.417 50.41 50.437 50.537 50.502 50.49 50.44 50.495 50.565 50.6 50.652 50.74 50.755 50.672 50.657 50.68 50.72 50.74 50.71 50.715 50.687 50.71 50.725 50.735 50.762 50.762 50.735 50.657 50.702 50.782 50.9 50.915 50.85 50.805 50.86 50.802 50.845 50.927 51.05 50.957 50.877 50.962 50.992 50.99 50.955 50.907 50.85 50.73 50.64 50.547 50.512 50.547 50.587 50.685 50.722 50.75 50.78 50.76 50.657 50.572 50.547 50.587 50.752 51.105 51.242 51.2 51.257
50.572 50.585 50.592 50.565 50.577 50.387 50.365 50.365 50.417 50.445 50.4 50.352 50.372 50.43 50.467 50.595 50.645 50.642 50.597 50.565 50.57 50.58 50.582 50.587 50.607 50.655 50.58 50.585 50.592 50.635 50.662 50.68 50.615 50.565 50.54 50.582 50.627 50.632 50.695 50.755 50.815 50.745 50.802 50.805 50.765 50.725 50.687 50.682 50.667 50.667 50.657 50.695 50.702 50.687 50.585 50.51 50.51 50.537 50.505 50.605 50.625 50.647 50.67 50.677 50.575 50.452 50.495 50.577 50.732 51.07 51.21 51.192 51.217
50.555 50.555 50.527 50.472 50.452 50.352 50.35 50.382 50.39 50.417 50.335 50.275 50.315 50.412 50.392 50.492 50.567 50.467 50.47 50.53 50.552 50.572 50.49 50.495 50.577 50.667 50.522 50.447 50.49 50.475 50.517 50.515 50.495 50.517 50.425 50.445 50.472 50.54 50.597 50.71 50.69 50.657 50.707 50.717 50.7 50.655 50.627 50.635 50.622 50.625 50.635 50.67 50.68 50.667 50.55 50.495 50.505 50.507 50.532 50.56 50.532 50.54 50.56 50.575 50.515 50.475 50.477 50.5 50.65 51.06 51.182 51.167 51.2
50.545 50.51 50.467 50.447 50.44 50.375 50.4 50.4 50.345 50.35 50.25 50.225 50.26 50.34 50.385 50.41 50.465 50.4 50.475 50.465 50.507 50.5 50.502 50.51 50.59 50.755 50.467 50.412 50.405 50.322 50.392 50.33 50.35 50.382 50.385 50.422 50.435 50.48 50.487 50.692 50.692 50.63 50.617 50.62 50.595 50.582 50.557 50.532 50.53 50.535 50.542 50.645 50.68 50.632 50.557 50.505 50.525 50.537 50.557 50.542 50.505 50.46 50.452 50.475 50.47 50.487 50.43 50.435 50.642 51.095 51.172 51.177 51.175
50.417 50.447 50.387 50.392 50.355 50.355 50.38 50.367 50.33 50.33 50.245 50.22 50.225 50.252 50.407 50.48 50.52 50.417 50.425 50.43 50.457 50.417 50.462 50.41 50.367 50.412 50.39 50.345 50.332 50.34 50.34 50.305 50.305 50.322 50.355 50.382 50.407 50.495 50.54 50.677 50.74 50.645 50.575 50.522 50.485 50.52 50.51 50.467 50.472 50.487 50.437 50.505 50.597 50.587 50.542 50.512 50.522 50.51 50.515 50.47 50.427 50.39 50.357 50.367 50.367 50.407 50.372 50.437 50.65 51.08 51.147 51.142 51.132
50.395 50.39 50.345 50.385 50.327 50.247 50.292 50.255 50.275 50.26 50.192 50.145 50.152 50.165 50.302 50.46 50.51 50.392 50.407 50.425 50.405 50.325 50.342 50.32 50.317 50.335 50.345 50.322 50.29 50.337 50.337 50.312 50.33 50.355 50.392 50.455 50.492 50.482 50.45 50.44 50.5 50.487 50.482 50.422 50.437 50.44 50.49 50.545 50.53 50.535 50.447 50.47 50.55 50.55 50.527 50.5 50.475 50.422 50.41 50.312 50.3 50.275 50.26 50.265 50.267 50.302 50.362 50.505 50.66 50.875 51.082 51.095 51.165
50.36 50.35 50.325 50.335 50.295 50.222 50.24 50.237 50.22 50.202 50.142 50.092 50.087 50.115 50.22 50.32 50.407 50.352 50.34 50.365 50.327 50.292 50.277 50.29 50.302 50.305 50.3 50.295 50.26 50.285 50.287 50.325 50.377 50.387 50.44 50.49 50.472 50.447 50.405 50.367 50.402 50.417 50.425 50.38 50.385 50.367 50.375 50.425 50.345 50.36 50.302 50.277 50.397 50.435 50.472 50.447 50.427 50.382 50.32 50.327 50.28 50.25 50.262 50.232 50.222 50.31 50.555 50.65 50.79 50.9 51.007 51.06 51.152
50.315 50.3 50.262 50.24 50.25 50.237 50.215 50.222 50.17 50.162 50.135 50.07 50.052 50.072 50.105 50.197 50.317 50.357 50.377 50.36 50.385 50.297 50.29 50.295 50.297 50.302 50.305 50.31 50.317 50.295 50.312 50.36 50.357 50.375 50.395 50.452 50.445 50.442 50.407 50.372 50.41 50.39 50.387 50.375 50.407 50.432 50.375 50.33 50.32 50.315 50.265 50.227 50.27 50.275 50.3 50.34 50.347 50.372 50.332 50.352 50.365 50.365 50.35 50.332 50.36 50.455 50.645 50.625 50.695 50.912 51.015 51.04 51.077
50.322 50.315 50.26 50.212 50.22 50.205 50.205 50.197 50.15 50.092 50.037 50.017 50.027 50.027 50.062 50.115 50.18 50.252 50.317 50.342 50.347 50.307 50.307 50.305 50.295 50.302 50.3 50.342 50.337 50.31 50.367 50.402 50.387 50.412 50.45 50.462 50.462 50.48 50.445 50.397 50.395 50.407 50.385 50.42 50.485 50.5 50.415 50.352 50.337 50.317 50.285 50.237 50.25 50.255 50.312 50.312 50.287 50.365 50.382 50.39 50.37 50.385 50.405 50.44 50.515 50.532 50.71 50.762 50.82 50.985 51.06 51.06 51.05
50.242 50.255 50.232 50.185 50.16 50.162 50.167 50.162 50.152 50.08 50.035 50.025 50.015 50.027 50.032 50.09 50.14 50.25 50.302 50.337 50.32 50.305 50.31 50.3 50.29 50.282 50.285 50.297 50.312 50.33 50.375 50.405 50.417 50.415 50.46 50.512 50.482 50.525 50.505 50.497 50.427 50.402 50.392 50.452 50.502 50.467 50.405 50.377 50.335 50.355 50.305 50.26 50.302 50.335 50.342 50.317 50.297 50.337 50.397 50.407 50.357 50.362 50.42 50.48 50.565 50.652 50.812 50.985 51.062 51.012 51.04 50.982 51.005
50.225 50.175 50.14 50.15 50.135 50.132 50.117 50.115 50.11 50.05 50.025 50.01 50.01 50.05 50.09 50.157 50.142 50.225 50.275 50.325 50.322 50.28 50.29 50.28 50.272 50.27 50.287 50.28 50.33 50.347 50.377 50.41 50.422 50.435 50.457 50.495 50.517 50.557 50.527 50.49 50.385 50.372 50.417 50.44 50.467 50.447 50.382 50.285 50.252 50.377 50.282 50.26 50.362 50.385 50.365 50.33 50.32 50.325 50.325 50.297 50.357 50.457 50.5 50.462 50.495 50.62 50.822 51.01 51.02 50.957 50.995 50.967 51.067
