LIDAR/se2686_DTM_2M.asc
ncols 500
nrows 500
xllcorner    426000
yllcorner    486000
cellsize     2
NODATA_value -9999
[rows 64 to 95 of 500, columns 71 to 141 of 500]
46.006 46.038 46.098 46.078 46.003 45.933 45.928 45.978 46.066 46.053 46.023 45.956 45.961 45.986 45.971 45.918 45.788 45.723 45.773 45.836 45.791 45.776 45.813 45.813 45.776 45.786 45.733 45.578 45.556 45.553 45.541 45.508 45.453 45.443 45.396 45.363 45.348 45.293 45.288 45.296 45.326 45.391 45.513 45.563 45.628 45.601 45.571 45.533 45.518 45.486 45.471 45.416 45.433 45.418 45.401 45.421 45.401 45.381 45.378 45.368 45.378 45.366 45.348 45.401 45.393 45.403 45.431 45.473 45.436 45.501 45.498
45.936 45.986 46.078 46.081 46.031 45.988 45.913 45.931 46.013 46.078 46.078 46.063 46.038 46.013 46.118 46.146 46.076 45.978 45.968 45.911 45.891 45.886 45.891 45.853 45.833 45.783 45.666 45.643 45.596 45.568 45.536 45.496 45.456 45.436 45.396 45.353 45.298 45.276 45.268 45.278 45.288 45.276 45.356 45.468 45.518 45.546 45.548 45.543 45.536 45.498 45.456 45.403 45.358 45.366 45.351 45.386 45.366 45.338 45.383 45.333 45.343 45.351 45.331 45.303 45.358 45.408 45.386 45.411 45.411 45.446 45.466
45.923 45.931 45.981 46.056 46.048 46.038 45.966 45.928 45.946 46.056 46.113 46.143 46.113 46.076 46.111 46.213 46.238 46.161 46.118 46.018 45.986 45.923 45.921 45.898 45.836 45.718 45.701 45.678 45.643 45.571 45.521 45.483 45.441 45.421 45.378 45.343 45.293 45.241 45.241 45.258 45.241 45.236 45.241 45.316 45.411 45.553 45.506 45.478 45.486 45.466 45.451 45.381 45.316 45.326 45.351 45.371 45.373 45.331 45.373 45.346 45.333 45.336 45.316 45.311 45.321 45.391 45.383 45.376 45.406 45.406 45.391
45.986 45.893 45.921 45.991 46.038 46.088 46.033 45.998 45.953 45.996 46.091 46.138 46.166 46.188 46.196 46.221 46.268 46.228 46.153 46.083 46.033 45.971 45.901 45.863 45.791 45.761 45.758 45.696 45.613 45.523 45.513 45.493 45.458 45.398 45.331 45.313 45.261 45.233 45.221 45.226 45.246 45.223 45.213 45.228 45.358 45.476 45.451 45.468 45.451 45.433 45.413 45.406 45.338 45.351 45.313 45.328 45.378 45.333 45.348 45.338 45.343 45.328 45.313 45.311 45.256 45.283 45.338 45.368 45.363 45.378 45.381
46.083 45.961 45.893 45.906 45.963 46.093 46.091 46.073 46.031 46.006 46.048 46.123 46.181 46.256 46.306 46.321 46.298 46.271 46.166 46.136 46.081 46.023 45.913 45.833 45.798 45.788 45.738 45.648 45.583 45.538 45.506 45.481 45.436 45.406 45.333 45.286 45.246 45.238 45.233 45.206 45.203 45.196 45.126 45.161 45.191 45.271 45.293 45.411 45.433 45.418 45.393 45.386 45.336 45.313 45.293 45.281 45.313 45.296 45.331 45.323 45.321 45.343 45.293 45.266 45.246 45.248 45.273 45.326 45.371 45.366 45.351
46.176 46.068 45.921 45.866 45.886 45.971 46.033 46.111 46.123 46.101 46.091 46.123 46.228 46.301 46.371 46.381 46.318 46.243 46.188 46.123 46.101 45.991 45.903 45.846 45.853 45.816 45.701 45.588 45.571 45.543 45.508 45.456 45.413 45.376 45.356 45.318 45.288 45.241 45.218 45.201 45.166 45.146 45.146 45.128 45.118 45.151 45.246 45.343 45.373 45.356 45.386 45.348 45.321 45.283 45.291 45.286 45.306 45.298 45.303 45.333 45.296 45.298 45.308 45.273 45.268 45.241 45.268 45.228 45.248 45.341 45.318
46.298 46.193 46.026 45.911 45.881 45.891 45.951 46.073 46.123 46.156 46.188 46.223 46.261 46.318 46.358 46.376 46.318 46.271 46.206 46.118 46.046 45.928 45.896 45.903 45.888 45.788 45.676 45.618 45.581 45.536 45.491 45.443 45.396 45.346 45.341 45.318 45.316 45.278 45.258 45.223 45.181 45.141 45.098 45.106 45.081 45.066 45.098 45.266 45.398 45.326 45.358 45.363 45.326 45.298 45.291 45.276 45.281 45.268 45.248 45.293 45.273 45.291 45.296 45.286 45.266 45.243 45.256 45.223 45.181 45.216 45.266
46.398 46.321 46.191 46.056 45.946 45.896 45.923 46.011 46.101 46.223 46.273 46.266 46.276 46.303 46.346 46.348 46.306 46.266 46.171 46.076 45.973 45.993 46.026 45.953 45.871 45.806 45.711 45.636 45.566 45.518 45.473 45.446 45.396 45.361 45.361 45.328 45.323 45.291 45.236 45.221 45.168 45.146 45.083 45.061 45.063 45.051 45.048 45.131 45.256 45.273 45.308 45.346 45.311 45.301 45.296 45.271 45.266 45.273 45.261 45.261 45.258 45.251 45.271 45.271 45.276 45.258 45.246 45.216 45.201 45.163 45.211
46.486 46.411 46.321 46.223 46.043 46.006 45.963 46.028 46.141 46.248 46.296 46.291 46.316 46.338 46.363 46.331 46.281 46.211 46.111 46.003 45.988 46.041 46.043 45.961 45.868 45.806 45.738 45.638 45.601 45.533 45.461 45.423 45.373 45.361 45.361 45.328 45.313 45.298 45.258 45.203 45.158 45.093 45.083 45.048 45.016 45.031 45.053 45.026 45.096 45.156 45.228 45.251 45.308 45.328 45.301 45.266 45.291 45.281 45.283 45.281 45.258 45.223 45.213 45.218 45.243 45.236 45.241 45.226 45.226 45.171 45.161
46.481 46.486 46.506 46.456 46.273 46.203 46.141 46.178 46.266 46.283 46.326 46.361 46.346 46.346 46.346 46.298 46.211 46.163 46.103 46.133 46.128 46.096 46.031 45.916 45.863 45.816 45.741 45.666 45.603 45.561 45.488 45.426 45.373 45.368 45.358 45.326 45.308 45.278 45.266 45.233 45.176 45.138 45.058 45.046 45.001 44.973 45.038 45.021 44.983 45.001 45.101 45.158 45.208 45.261 45.281 45.241 45.276 45.251 45.281 45.248 45.248 45.248 45.256 45.226 45.233 45.218 45.221 45.201 45.196 45.196 45.131
46.438 46.518 46.556 46.626 46.596 46.513 46.468 46.418 46.321 46.341 46.373 46.408 46.373 46.366 46.298 46.246 46.206 46.106 46.151 46.208 46.153 46.051 45.973 45.901 45.861 45.796 45.733 45.671 45.583 45.558 45.501 45.438 45.396 45.353 45.351 45.333 45.313 45.273 45.231 45.223 45.191 45.138 45.083 45.021 45.006 45.016 45.023 45.023 44.996 44.923 44.961 45.021 45.071 45.091 45.153 45.186 45.278 45.266 45.223 45.236 45.276 45.283 45.248 45.213 45.213 45.173 45.173 45.176 45.166 45.178 45.136
46.421 46.511 46.578 46.668 46.711 46.676 46.568 46.481 46.386 46.401 46.431 46.421 46.388 46.333 46.288 46.251 46.188 46.226 46.241 46.208 46.108 46.038 45.941 45.883 45.838 45.801 45.738 45.668 45.593 45.531 45.506 45.491 45.436 45.406 45.356 45.346 45.298 45.266 45.228 45.203 45.161 45.128 45.103 45.076 45.013 45.023 45.018 45.013 44.973 44.911 44.841 44.841 44.891 44.898 45.066 45.131 45.173 45.246 45.243 45.231 45.241 45.266 45.258 45.196 45.221 45.191 45.176 45.166 45.151 45.153 45.171
46.518 46.576 46.603 46.698 46.711 46.631 46.583 46.506 46.473 46.468 46.456 46.428 46.376 46.336 46.303 46.216 46.223 46.268 46.246 46.168 46.076 46.016 45.946 45.911 45.813 45.791 45.748 45.696 45.621 45.541 45.521 45.498 45.453 45.418 45.378 45.326 45.291 45.271 45.221 45.193 45.146 45.108 45.116 45.078 45.051 45.058 45.006 44.978 44.931 44.873 44.833 44.781 44.741 44.743 44.891 44.923 44.966 45.083 45.178 45.243 45.251 45.281 45.298 45.251 45.218 45.191 45.158 45.153 45.151 45.121 45.131
46.651 46.661 46.658 46.688 46.681 46.661 46.593 46.538 46.543 46.491 46.443 46.388 46.361 46.341 46.303 46.293 46.296 46.286 46.236 46.123 46.048 45.993 45.933 45.893 45.838 45.806 45.733 45.703 45.648 45.583 45.546 45.518 45.468 45.431 45.401 45.346 45.263 45.256 45.213 45.208 45.171 45.126 45.098 45.091 45.068 45.056 45.003 44.961 44.916 44.851 44.806 44.786 44.751 44.698 44.721 44.676 44.708 44.793 44.871 45.028 45.178 45.181 45.256 45.256 45.251 45.213 45.193 45.173 45.133 45.121 45.118
46.743 46.706 46.728 46.736 46.721 46.683 46.608 46.586 46.536 46.473 46.451 46.413 46.341 46.321 46.331 46.338 46.321 46.253 46.166 46.108 46.048 45.968 45.916 45.878 45.826 45.823 45.761 45.686 45.648 45.626 45.548 45.521 45.486 45.448 45.408 45.368 45.293 45.238 45.218 45.211 45.186 45.131 45.098 45.093 45.098 45.061 45.026 44.971 44.918 44.858 44.811 44.766 44.731 44.676 44.651 44.643 44.611 44.573 44.563 44.641 44.821 44.976 45.121 45.216 45.251 45.238 45.228 45.208 45.138 45.153 45.096
46.813 46.768 46.781 46.766 46.746 46.716 46.636 46.586 46.536 46.533 46.451 46.386 46.353 46.383 46.381 46.381 46.316 46.223 46.153 46.108 46.043 45.938 45.876 45.848 45.826 45.813 45.758 45.728 45.668 45.641 45.606 45.541 45.508 45.471 45.428 45.358 45.328 45.281 45.231 45.188 45.176 45.158 45.158 45.116 45.083 45.041 45.001 44.951 44.901 44.866 44.811 44.763 44.696 44.648 44.621 44.588 44.578 44.553 44.536 44.536 44.581 44.626 44.823 45.093 45.186 45.226 45.248 45.226 45.186 45.143 45.106
46.888 46.858 46.828 46.806 46.748 46.686 46.641 46.596 46.561 46.498 46.418 46.351 46.401 46.453 46.406 46.356 46.293 46.213 46.133 46.091 46.008 45.951 45.886 45.838 45.823 45.811 45.786 45.751 45.733 45.666 45.591 45.568 45.518 45.476 45.436 45.381 45.351 45.311 45.248 45.221 45.168 45.148 45.143 45.121 45.073 45.008 44.988 44.943 44.913 44.898 44.848 44.768 44.706 44.656 44.603 44.568 44.543 44.516 44.523 44.531 44.551 44.563 44.608 44.823 45.053 45.143 45.191 45.218 45.218 45.168 45.111
46.928 46.923 46.881 46.798 46.733 46.693 46.668 46.621 46.501 46.433 46.408 46.468 46.496 46.496 46.378 46.293 46.238 46.203 46.141 46.091 46.031 45.996 45.936 45.893 45.856 45.821 45.818 45.773 45.728 45.681 45.636 45.561 45.533 45.513 45.478 45.416 45.366 45.298 45.278 45.266 45.231 45.171 45.143 45.098 45.071 45.048 44.996 44.921 44.901 44.891 44.851 44.803 44.713 44.648 44.621 44.573 44.531 44.501 44.513 44.503 44.498 44.521 44.581 44.613 44.701 44.911 45.106 45.193 45.243 45.226 45.163
46.988 46.903 46.851 46.791 46.778 46.708 46.626 46.531 46.498 46.468 46.513 46.566 46.556 46.468 46.376 46.308 46.231 46.183 46.138 46.096 46.046 46.008 45.948 45.926 45.893 45.861 45.823 45.791 45.748 45.713 45.656 45.611 45.558 45.493 45.491 45.466 45.421 45.336 45.296 45.271 45.241 45.193 45.156 45.088 45.048 45.023 44.993 44.953 44.908 44.893 44.886 44.813 44.771 44.676 44.648 44.608 44.551 44.513 44.501 44.488 44.471 44.473 44.506 44.541 44.596 44.656 44.891 45.141 45.228 45.241 45.173
46.981 46.891 46.878 46.786 46.728 46.666 46.603 46.566 46.528 46.528 46.588 46.588 46.531 46.426 46.373 46.306 46.253 46.211 46.133 46.118 46.066 46.048 45.986 45.968 45.918 45.888 45.861 45.801 45.786 45.753 45.706 45.653 45.601 45.536 45.483 45.466 45.411 45.371 45.321 45.273 45.236 45.221 45.171 45.113 45.071 45.031 44.971 44.961 44.946 44.896 44.878 44.846 44.791 44.733 44.663 44.623 44.583 44.566 44.491 44.491 44.468 44.461 44.451 44.476 44.541 44.541 44.753 45.048 45.186 45.201 45.186
47.008 46.913 46.873 46.793 46.668 46.661 46.646 46.628 46.628 46.633 46.656 46.598 46.503 46.408 46.378 46.333 46.293 46.238 46.186 46.116 46.098 46.078 46.026 45.996 45.956 45.923 45.888 45.848 45.793 45.746 45.716 45.678 45.628 45.583 45.536 45.466 45.416 45.418 45.361 45.308 45.266 45.223 45.201 45.143 45.088 45.011 44.966 44.971 44.948 44.926 44.893 44.863 44.846 44.801 44.738 44.666 44.591 44.551 44.526 44.493 44.441 44.431 44.468 44.473 44.533 44.586 44.623 44.856 45.118 45.203 45.198
47.008 46.898 46.843 46.801 46.751 46.701 46.691 46.716 46.726 46.683 46.643 46.566 46.518 46.443 46.391 46.336 46.291 46.261 46.228 46.173 46.108 46.068 46.068 46.048 45.993 45.953 45.908 45.868 45.851 45.783 45.741 45.691 45.646 45.616 45.533 45.513 45.438 45.411 45.388 45.343 45.283 45.241 45.188 45.148 45.091 45.046 45.001 44.988 44.971 44.953 44.928 44.893 44.873 44.838 44.811 44.741 44.646 44.593 44.531 44.508 44.458 44.423 44.468 44.526 44.541 44.598 44.608 44.648 44.858 45.068 45.143
46.971 46.883 46.881 46.836 46.743 46.731 46.771 46.806 46.773 46.703 46.623 46.568 46.518 46.463 46.416 46.371 46.296 46.251 46.216 46.221 46.161 46.116 46.076 46.073 46.056 45.998 45.941 45.881 45.841 45.816 45.758 45.716 45.671 45.611 45.571 45.523 45.491 45.451 45.383 45.341 45.308 45.263 45.203 45.151 45.096 45.071 45.048 44.983 44.973 44.968 44.963 44.943 44.916 44.873 44.853 44.806 44.721 44.643 44.586 44.533 44.476 44.468 44.493 44.526 44.566 44.658 44.658 44.623 44.616 44.816 45.073
46.986 46.943 46.881 46.813 46.788 46.873 46.881 46.861 46.788 46.686 46.638 46.598 46.528 46.493 46.446 46.403 46.346 46.276 46.216 46.213 46.183 46.178 46.148 46.096 46.076 46.043 45.986 45.911 45.861 45.811 45.781 45.753 45.686 45.633 45.586 45.581 45.523 45.488 45.423 45.351 45.321 45.271 45.223 45.181 45.108 45.091 45.053 45.028 45.013 44.991 44.988 44.976 44.938 44.908 44.888 44.821 44.783 44.671 44.608 44.528 44.511 44.536 44.551 44.546 44.563 44.656 44.656 44.646 44.501 44.596 44.931
47.003 46.941 46.863 46.866 46.928 46.961 46.921 46.856 46.743 46.681 46.658 46.623 46.553 46.508 46.478 46.423 46.366 46.321 46.243 46.216 46.213 46.218 46.196 46.166 46.096 46.063 46.026 45.956 45.893 45.863 45.816 45.771 45.711 45.626 45.591 45.576 45.571 45.498 45.446 45.416 45.341 45.278 45.241 45.201 45.146 45.121 45.088 45.071 45.051 45.023 45.011 44.988 44.978 44.961 44.941 44.876 44.833 44.731 44.608 44.558 44.586 44.613 44.601 44.578 44.563 44.556 44.591 44.671 44.631 44.551 44.758
46.976 46.901 46.921 47.016 47.043 46.973 46.908 46.803 46.758 46.716 46.683 46.651 46.578 46.531 46.488 46.423 46.393 46.353 46.293 46.281 46.263 46.266 46.218 46.183 46.141 46.071 46.011 45.993 45.968 45.913 45.866 45.791 45.721 45.653 45.626 45.571 45.541 45.511 45.461 45.436 45.366 45.306 45.241 45.216 45.183 45.138 45.128 45.098 45.071 45.076 45.078 45.028 45.016 45.013 44.973 44.923 44.848 44.748 44.613 44.531 44.596 44.681 44.606 44.593 44.553 44.531 44.571 44.643 44.683 44.636 44.666
46.958 46.993 47.101 47.098 47.046 46.921 46.841 46.778 46.761 46.731 46.688 46.648 46.603 46.558 46.508 46.438 46.403 46.381 46.368 46.326 46.301 46.288 46.233 46.191 46.151 46.133 46.061 45.991 45.968 45.956 45.898 45.843 45.756 45.706 45.651 45.601 45.551 45.498 45.463 45.468 45.376 45.313 45.291 45.223 45.201 45.198 45.166 45.151 45.118 45.113 45.118 45.086 45.071 45.038 44.993 44.948 44.873 44.818 44.688 44.578 44.561 44.638 44.598 44.593 44.551 44.516 44.531 44.586 44.661 44.721 44.728
47.071 47.146 47.148 47.086 46.978 46.898 46.836 46.761 46.751 46.713 46.696 46.653 46.616 46.586 46.558 46.481 46.478 46.438 46.433 46.398 46.343 46.318 46.266 46.216 46.201 46.158 46.103 46.058 45.983 45.961 45.943 45.868 45.801 45.751 45.673 45.638 45.596 45.536 45.486 45.441 45.421 45.363 45.328 45.288 45.236 45.193 45.186 45.191 45.156 45.143 45.156 45.131 45.113 45.078 45.006 44.956 44.906 44.863 44.808 44.728 44.673 44.606 44.583 44.566 44.558 44.573 44.551 44.546 44.566 44.663 44.721
47.223 47.211 47.178 47.066 46.963 46.918 46.856 46.808 46.743 46.703 46.711 46.656 46.616 46.576 46.561 46.528 46.528 46.503 46.448 46.438 46.396 46.361 46.313 46.261 46.233 46.166 46.128 46.081 46.013 45.976 45.936 45.923 45.853 45.793 45.708 45.671 45.623 45.563 45.523 45.451 45.431 45.381 45.331 45.321 45.298 45.236 45.203 45.216 45.218 45.193 45.163 45.146 45.133 45.116 45.043 45.001 44.948 44.916 44.881 44.856 44.733 44.653 44.591 44.543 44.538 44.568 44.596 44.623 44.591 44.583 44.673
47.286 47.248 47.153 47.046 46.978 46.933 46.896 46.863 46.803 46.756 46.696 46.673 46.656 46.603 46.591 46.568 46.548 46.551 46.508 46.463 46.421 46.408 46.348 46.286 46.231 46.173 46.126 46.091 46.056 46.018 45.946 45.928 45.878 45.821 45.733 45.691 45.648 45.603 45.538 45.483 45.426 45.386 45.353 45.328 45.328 45.288 45.278 45.261 45.253 45.236 45.216 45.186 45.133 45.106 45.063 45.033 44.988 44.961 44.933 44.883 44.753 44.608 44.628 44.601 44.466 44.396 44.518 44.618 44.608 44.538 44.618
47.343 47.236 47.148 47.081 47.013 46.973 46.923 46.888 46.861 46.788 46.713 46.658 46.643 46.618 46.613 46.623 46.611 46.593 46.551 46.541 46.478 46.433 46.378 46.306 46.231 46.201 46.163 46.101 46.083 46.043 45.991 45.971 45.876 45.838 45.801 45.746 45.693 45.648 45.588 45.526 45.436 45.411 45.393 45.366 45.338 45.323 45.328 45.318 45.291 45.251 45.243 45.218 45.173 45.098 45.106 45.056 45.028 44.998 45.018 44.956 44.741 44.638 44.623 44.568 44.433 44.296 44.413 44.486 44.528 44.548 44.593
47.286 47.191 47.123 47.073 47.023 46.993 46.943 46.908 46.891 46.826 46.776 46.713 46.666 46.648 46.628 46.646 46.626 46.621 46.608 46.586 46.533 46.498 46.428 46.326 46.258 46.226 46.156 46.118 46.091 46.046 46.023 45.993 45.936 45.873 45.781 45.781 45.761 45.673 45.593 45.548 45.481 45.438 45.406 45.368 45.376 45.368 45.353 45.341 45.336 45.286 45.258 45.228 45.218 45.158 45.133 45.088 45.056 45.048 45.026 44.891 44.743 44.618 44.551 44.496 44.396 44.293 44.348 44.446 44.498 44.528 44.558
