LIDAR/se2688_DTM_2M.asc
ncols 500
nrows 500
xllcorner    426000
yllcorner    488000
cellsize     2
NODATA_value -9999
[rows 64 to 95 of 500, columns 216 to 287 of 500]
37.597 37.587 37.507 37.47 37.472 37.462 37.427 37.352 37.397 37.41 37.395 37.397 37.372 37.297 37.31 37.305 37.277 37.227 37.23 37.22 37.187 37.19 37.192 37.185 37.18 37.085 37.097 37.052 36.957 36.905 36.865 36.81 36.742 36.657 36.672 36.55 36.47 36.435 36.367 36.245 36.125 36.022 35.887 35.792 35.72 35.65 35.547 35.445 35.322 35.22 35.1 34.982 34.855 34.692 34.555 34.44 34.265 34.125 34.042 33.97 33.902 33.84 33.827 33.802 33.742 33.717 33.722 33.762 33.905 33.857 33.715 33.085
37.61 37.595 37.587 37.51 37.49 37.467 37.452 37.437 37.42 37.407 37.405 37.385 37.39 37.362 37.342 37.317 37.287 37.275 37.267 37.245 37.23 37.245 37.24 37.22 37.227 37.15 37.137 37.125 37.052 36.985 36.94 36.892 36.827 36.757 36.73 36.65 36.59 36.502 36.385 36.317 36.225 36.1 35.965 35.855 35.76 35.69 35.615 35.47 35.347 35.252 35.165 35.032 34.905 34.785 34.62 34.512 34.325 34.175 34.05 33.96 33.892 33.857 33.81 33.83 33.745 33.74 33.74 33.797 33.842 33.837 33.81 33.327
37.595 37.595 37.602 37.537 37.53 37.512 37.47 37.49 37.477 37.425 37.45 37.44 37.422 37.362 37.342 37.345 37.322 37.31 37.3 37.295 37.262 37.297 37.322 37.27 37.232 37.192 37.152 37.117 37.085 37.01 37.002 36.925 36.88 36.86 36.762 36.682 36.642 36.55 36.462 36.377 36.285 36.16 36.057 35.952 35.86 35.757 35.67 35.552 35.405 35.27 35.147 35.067 34.975 34.87 34.725 34.575 34.42 34.27 34.115 34.032 33.94 33.897 33.837 33.85 33.812 33.822 33.8 33.82 33.835 33.86 33.845 33.592
37.657 37.625 37.595 37.582 37.537 37.507 37.525 37.487 37.455 37.49 37.46 37.472 37.432 37.37 37.37 37.365 37.352 37.36 37.362 37.335 37.315 37.34 37.337 37.342 37.297 37.28 37.252 37.15 37.145 37.065 37.015 36.977 36.937 36.91 36.832 36.742 36.682 36.6 36.512 36.452 36.37 36.277 36.162 36.01 35.917 35.822 35.707 35.565 35.467 35.302 35.212 35.092 34.995 34.917 34.792 34.63 34.507 34.36 34.247 34.13 34.055 33.952 33.902 33.865 33.865 33.84 33.845 33.842 33.765 33.857 33.857 33.777
37.655 37.635 37.58 37.55 37.562 37.537 37.542 37.537 37.495 37.51 37.517 37.472 37.472 37.417 37.417 37.377 37.417 37.397 37.425 37.412 37.382 37.39 37.36 37.36 37.317 37.322 37.295 37.235 37.19 37.1 37.065 37.012 36.952 36.935 36.882 36.822 36.762 36.672 36.62 36.522 36.427 36.34 36.24 36.107 36.027 35.892 35.76 35.625 35.482 35.307 35.247 35.125 35.012 34.927 34.822 34.692 34.595 34.477 34.295 34.167 34.067 33.957 33.875 33.86 33.927 33.85 33.82 33.817 33.747 33.81 33.812 33.77
37.665 37.652 37.61 37.595 37.607 37.565 37.572 37.575 37.535 37.535 37.537 37.505 37.485 37.492 37.435 37.407 37.442 37.427 37.45 37.412 37.41 37.4 37.415 37.42 37.375 37.325 37.315 37.28 37.222 37.147 37.112 37.055 37.002 36.987 36.955 36.892 36.797 36.737 36.662 36.607 36.495 36.422 36.297 36.185 36.07 35.917 35.772 35.632 35.502 35.41 35.3 35.145 35.067 34.957 34.852 34.772 34.675 34.517 34.375 34.252 34.135 34.027 33.895 33.842 33.865 33.862 33.865 33.835 33.79 33.777 33.815 33.82
37.642 37.647 37.612 37.64 37.587 37.585 37.58 37.587 37.555 37.517 37.55 37.542 37.52 37.522 37.49 37.49 37.477 37.467 37.48 37.48 37.467 37.445 37.447 37.422 37.395 37.352 37.292 37.28 37.242 37.212 37.175 37.11 37.047 37.027 36.977 36.935 36.867 36.802 36.72 36.652 36.592 36.497 36.382 36.267 36.112 35.95 35.825 35.667 35.535 35.495 35.3 35.192 35.125 35.03 34.932 34.82 34.695 34.562 34.447 34.312 34.167 34.07 33.987 33.865 33.86 33.875 33.827 33.812 33.807 33.81 33.807 33.742
37.67 37.65 37.642 37.625 37.63 37.64 37.607 37.585 37.565 37.565 37.552 37.542 37.517 37.55 37.53 37.53 37.492 37.47 37.49 37.512 37.527 37.49 37.457 37.407 37.37 37.372 37.332 37.272 37.29 37.245 37.182 37.142 37.095 37.067 37.007 36.97 36.905 36.852 36.817 36.705 36.647 36.545 36.432 36.305 36.145 36.002 35.882 35.755 35.6 35.472 35.39 35.29 35.187 35.075 34.952 34.852 34.767 34.602 34.472 34.367 34.23 34.145 34.057 33.96 33.882 33.86 33.835 33.755 33.78 33.807 33.837 33.842
37.71 37.707 37.675 37.662 37.65 37.63 37.622 37.625 37.6 37.59 37.572 37.567 37.56 37.572 37.547 37.567 37.547 37.567 37.512 37.54 37.545 37.495 37.475 37.42 37.397 37.385 37.345 37.305 37.31 37.275 37.212 37.2 37.157 37.095 37.075 37.05 36.99 36.945 36.867 36.82 36.712 36.592 36.462 36.345 36.195 36.062 35.922 35.762 35.63 35.505 35.412 35.292 35.202 35.147 34.967 34.882 34.797 34.697 34.57 34.462 34.342 34.19 34.12 34.02 33.915 33.89 33.822 33.807 33.792 33.73 33.795 33.765
37.727 37.72 37.717 37.692 37.665 37.65 37.605 37.622 37.65 37.635 37.627 37.627 37.595 37.627 37.6 37.597 37.61 37.587 37.562 37.562 37.515 37.507 37.49 37.467 37.43 37.42 37.39 37.35 37.312 37.287 37.267 37.222 37.222 37.125 37.09 37.077 37.012 36.972 36.895 36.852 36.757 36.66 36.487 36.395 36.227 36.087 35.975 35.807 35.68 35.565 35.455 35.385 35.255 35.177 35.037 34.952 34.837 34.712 34.62 34.495 34.402 34.295 34.18 34.085 33.98 33.937 33.85 33.867 33.82 33.812 33.732 33.747
37.732 37.705 37.702 37.7 37.69 37.687 37.645 37.67 37.657 37.67 37.622 37.66 37.635 37.64 37.597 37.632 37.652 37.62 37.605 37.597 37.545 37.495 37.482 37.477 37.432 37.422 37.4 37.377 37.335 37.272 37.292 37.255 37.217 37.175 37.137 37.11 37.05 37.015 36.945 36.877 36.8 36.687 36.53 36.42 36.287 36.14 36.012 35.857 35.772 35.64 35.52 35.39 35.277 35.22 35.092 34.997 34.892 34.777 34.682 34.58 34.472 34.377 34.22 34.132 34.035 33.985 33.877 33.82 33.812 33.877 33.75 33.79
37.742 37.74 37.737 37.722 37.732 37.682 37.677 37.662 37.647 37.69 37.697 37.68 37.66 37.622 37.647 37.662 37.675 37.672 37.637 37.585 37.552 37.532 37.527 37.482 37.47 37.43 37.425 37.365 37.347 37.307 37.285 37.282 37.25 37.235 37.172 37.145 37.092 37.03 36.98 36.912 36.815 36.682 36.595 36.455 36.345 36.202 36.087 35.947 35.767 35.67 35.552 35.45 35.32 35.215 35.12 35.042 34.977 34.84 34.745 34.67 34.54 34.442 34.297 34.207 34.082 33.997 33.855 33.787 33.84 33.847 33.805 33.75
37.782 37.802 37.747 37.74 37.717 37.69 37.7 37.675 37.667 37.672 37.69 37.692 37.687 37.685 37.7 37.692 37.657 37.662 37.65 37.612 37.61 37.565 37.52 37.485 37.46 37.44 37.425 37.36 37.345 37.347 37.305 37.305 37.282 37.255 37.212 37.175 37.115 37.062 36.985 36.897 36.835 36.71 36.615 36.537 36.417 36.227 36.127 35.985 35.875 35.78 35.59 35.467 35.357 35.255 35.155 35.047 34.922 34.857 34.757 34.685 34.587 34.515 34.41 34.257 34.13 34.03 33.95 33.855 33.787 33.782 33.77 33.75
37.802 37.797 37.76 37.77 37.73 37.715 37.725 37.685 37.715 37.715 37.725 37.732 37.722 37.762 37.737 37.73 37.705 37.675 37.63 37.607 37.602 37.545 37.532 37.495 37.47 37.457 37.425 37.41 37.385 37.352 37.337 37.322 37.342 37.292 37.252 37.185 37.142 37.097 37.012 36.927 36.86 36.762 36.667 36.572 36.467 36.272 36.175 36.065 35.912 35.785 35.665 35.517 35.407 35.257 35.17 35.055 34.962 34.857 34.83 34.74 34.617 34.562 34.492 34.337 34.185 34.072 34.002 33.895 33.795 33.785 33.78 33.74
37.832 37.807 37.815 37.767 37.767 37.75 37.722 37.74 37.74 37.757 37.772 37.792 37.772 37.772 37.785 37.752 37.722 37.662 37.627 37.61 37.58 37.57 37.542 37.527 37.5 37.467 37.452 37.432 37.42 37.377 37.352 37.355 37.315 37.312 37.275 37.22 37.157 37.105 37.03 36.952 36.897 36.805 36.695 36.65 36.492 36.367 36.247 36.135 35.952 35.832 35.722 35.597 35.43 35.292 35.162 35.087 35.01 34.887 34.842 34.772 34.667 34.607 34.527 34.387 34.242 34.17 34.03 33.902 33.86 33.82 33.785 33.7
37.85 37.842 37.83 37.78 37.772 37.752 37.755 37.75 37.74 37.782 37.8 37.787 37.797 37.807 37.787 37.775 37.745 37.697 37.642 37.625 37.62 37.57 37.535 37.512 37.475 37.49 37.462 37.447 37.425 37.442 37.417 37.41 37.35 37.312 37.272 37.235 37.152 37.09 37.042 36.957 36.907 36.83 36.725 36.65 36.557 36.452 36.307 36.182 36.03 35.885 35.792 35.647 35.46 35.342 35.225 35.15 35.027 34.945 34.877 34.787 34.695 34.62 34.515 34.435 34.33 34.23 34.122 33.995 33.88 33.855 33.817 33.747
37.885 37.872 37.84 37.825 37.81 37.82 37.832 37.802 37.792 37.812 37.845 37.832 37.825 37.807 37.78 37.765 37.725 37.737 37.697 37.642 37.617 37.595 37.577 37.525 37.465 37.502 37.48 37.425 37.435 37.442 37.425 37.4 37.355 37.325 37.26 37.24 37.18 37.117 37.045 36.99 36.96 36.875 36.795 36.742 36.607 36.505 36.377 36.235 36.127 35.98 35.822 35.655 35.53 35.382 35.265 35.127 35.052 34.975 34.872 34.732 34.737 34.635 34.55 34.495 34.407 34.29 34.152 34.027 33.965 33.885 33.802 33.787
37.88 37.892 37.85 37.85 37.852 37.857 37.865 37.855 37.825 37.845 37.865 37.867 37.842 37.815 37.792 37.76 37.73 37.735 37.68 37.642 37.627 37.59 37.547 37.525 37.547 37.552 37.49 37.455 37.432 37.44 37.437 37.382 37.332 37.312 37.272 37.237 37.185 37.132 37.067 37.025 37 36.925 36.827 36.77 36.68 36.575 36.417 36.282 36.17 36.007 35.842 35.702 35.572 35.435 35.335 35.185 35.062 34.995 34.87 34.782 34.76 34.667 34.575 34.507 34.405 34.3 34.177 34.075 34.017 33.937 33.835 33.787
37.945 37.922 37.917 37.9 37.905 37.907 37.895 37.895 37.857 37.872 37.892 37.872 37.877 37.892 37.837 37.775 37.767 37.757 37.702 37.705 37.662 37.615 37.58 37.57 37.58 37.562 37.537 37.5 37.457 37.44 37.467 37.387 37.355 37.315 37.297 37.242 37.18 37.137 37.092 37.055 36.987 36.96 36.872 36.797 36.7 36.595 36.46 36.327 36.172 36.055 35.89 35.765 35.595 35.46 35.362 35.212 35.085 34.965 34.9 34.782 34.717 34.657 34.605 34.545 34.452 34.345 34.225 34.152 34.062 33.97 33.87 33.812
37.99 37.937 37.977 37.977 37.955 37.94 37.95 37.975 37.945 37.962 37.912 37.91 37.927 37.892 37.832 37.802 37.757 37.74 37.712 37.685 37.632 37.605 37.582 37.562 37.612 37.542 37.527 37.532 37.502 37.487 37.452 37.422 37.382 37.342 37.28 37.227 37.195 37.14 37.107 37.085 36.987 36.96 36.9 36.867 36.73 36.602 36.495 36.34 36.225 36.097 35.942 35.792 35.652 35.495 35.35 35.192 35.085 35.01 34.925 34.802 34.727 34.66 34.597 34.527 34.447 34.4 34.28 34.202 34.082 34.012 33.92 33.855
38.06 38.032 37.997 38.03 37.992 38.007 37.992 38.02 37.992 37.96 37.947 37.935 37.942 37.872 37.852 37.827 37.755 37.742 37.707 37.682 37.65 37.647 37.632 37.632 37.617 37.55 37.535 37.525 37.525 37.495 37.44 37.395 37.375 37.32 37.302 37.252 37.24 37.182 37.155 37.072 37.03 36.997 36.925 36.867 36.775 36.647 36.517 36.352 36.217 36.1 35.945 35.837 35.657 35.522 35.382 35.207 35.087 35.005 34.927 34.845 34.75 34.662 34.592 34.55 34.46 34.385 34.325 34.242 34.125 34.042 33.957 33.9
38.112 38.09 38.06 38.062 38.042 38.055 38.052 38.1 38.022 37.97 37.972 37.955 37.907 37.875 37.87 37.85 37.8 37.782 37.725 37.727 37.692 37.68 37.692 37.677 37.65 37.585 37.562 37.545 37.52 37.485 37.455 37.412 37.375 37.325 37.315 37.26 37.197 37.207 37.195 37.08 37.077 37.015 36.932 36.837 36.765 36.667 36.567 36.397 36.27 36.12 35.95 35.835 35.675 35.525 35.407 35.27 35.145 35.047 34.895 34.817 34.717 34.647 34.587 34.552 34.477 34.422 34.405 34.287 34.182 34.102 33.987 33.945
38.142 38.125 38.112 38.102 38.087 38.12 38.135 38.127 38.067 38.027 38.005 37.982 37.95 37.92 37.867 37.865 37.81 37.787 37.752 37.755 37.775 37.737 37.692 37.662 37.652 37.625 37.567 37.547 37.502 37.457 37.45 37.4 37.397 37.347 37.355 37.277 37.235 37.23 37.167 37.112 37.082 37.032 36.965 36.902 36.817 36.722 36.567 36.442 36.332 36.17 36.017 35.832 35.705 35.557 35.375 35.275 35.165 35.025 34.905 34.79 34.725 34.695 34.617 34.562 34.53 34.475 34.415 34.317 34.222 34.15 34.04 33.932
38.232 38.205 38.217 38.2 38.135 38.152 38.212 38.17 38.115 38.095 38.052 38.007 37.992 37.985 37.92 37.89 37.867 37.825 37.795 37.78 37.792 37.762 37.722 37.665 37.667 37.647 37.587 37.565 37.52 37.475 37.445 37.387 37.402 37.37 37.33 37.322 37.29 37.222 37.192 37.122 37.11 37.032 36.987 36.92 36.822 36.665 36.555 36.47 36.322 36.17 36.04 35.907 35.745 35.572 35.397 35.305 35.155 35.022 34.882 34.787 34.72 34.695 34.615 34.565 34.54 34.477 34.43 34.327 34.24 34.167 34.095 33.967
38.285 38.285 38.332 38.257 38.232 38.287 38.28 38.175 38.177 38.17 38.1 38.067 38.035 37.982 37.957 37.96 37.91 37.86 37.897 37.835 37.802 37.797 37.75 37.695 37.68 37.645 37.592 37.585 37.53 37.49 37.432 37.41 37.425 37.377 37.342 37.34 37.307 37.265 37.195 37.145 37.14 37.057 36.98 36.937 36.79 36.702 36.585 36.457 36.312 36.2 36.11 35.93 35.76 35.647 35.467 35.32 35.167 35.062 34.922 34.82 34.762 34.692 34.602 34.59 34.532 34.477 34.435 34.362 34.3 34.217 34.117 34.035
38.36 38.345 38.35 38.327 38.252 38.307 38.327 38.255 38.232 38.182 38.105 38.037 38.065 38.05 38 37.98 37.95 37.917 37.895 37.865 37.822 37.8 37.802 37.742 37.697 37.657 37.62 37.582 37.532 37.507 37.48 37.452 37.387 37.36 37.312 37.282 37.295 37.232 37.227 37.175 37.13 37.06 36.975 36.935 36.817 36.737 36.627 36.472 36.355 36.225 36.067 35.925 35.777 35.62 35.472 35.31 35.147 35.02 34.905 34.837 34.747 34.66 34.595 34.587 34.55 34.487 34.437 34.387 34.312 34.26 34.137 34.095
38.42 38.402 38.435 38.445 38.422 38.382 38.342 38.332 38.287 38.155 38.115 38.127 38.132 38.08 38.027 38.047 37.98 37.947 37.937 37.912 37.845 37.825 37.82 37.777 37.707 37.67 37.617 37.572 37.567 37.535 37.482 37.467 37.407 37.365 37.315 37.327 37.322 37.28 37.242 37.152 37.142 37.085 36.967 36.9 36.815 36.762 36.657 36.49 36.392 36.247 36.062 35.917 35.77 35.635 35.482 35.305 35.19 35.02 34.93 34.855 34.76 34.687 34.585 34.572 34.52 34.49 34.46 34.405 34.345 34.277 34.195 34.132
38.482 38.5 38.485 38.512 38.485 38.425 38.44 38.395 38.327 38.235 38.202 38.172 38.172 38.12 38.077 38.055 38.02 38.015 37.995 37.942 37.882 37.867 37.815 37.757 37.72 37.685 37.617 37.575 37.54 37.562 37.485 37.462 37.442 37.412 37.35 37.327 37.305 37.295 37.24 37.17 37.117 37.065 36.997 36.92 36.85 36.71 36.65 36.487 36.365 36.25 36.035 35.89 35.792 35.627 35.482 35.315 35.18 35.032 34.937 34.822 34.745 34.655 34.59 34.562 34.547 34.507 34.5 34.415 34.375 34.32 34.227 34.152
38.582 38.567 38.547 38.572 38.56 38.417 38.445 38.41 38.38 38.332 38.267 38.265 38.237 38.195 38.117 38.077 38.055 38.015 37.987 37.955 37.897 37.862 37.795 37.752 37.722 37.705 37.64 37.605 37.577 37.562 37.49 37.462 37.43 37.442 37.367 37.322 37.29 37.257 37.225 37.175 37.117 37.062 37.02 36.887 36.815 36.715 36.645 36.485 36.36 36.217 36.047 35.915 35.777 35.625 35.46 35.307 35.107 35.007 34.925 34.822 34.767 34.697 34.635 34.562 34.507 34.487 34.48 34.427 34.39 34.322 34.247 34.155
38.627 38.647 38.647 38.602 38.592 38.522 38.495 38.5 38.435 38.41 38.347 38.312 38.282 38.237 38.192 38.157 38.147 38.07 38.012 37.972 37.947 37.875 37.82 37.762 37.72 37.712 37.66 37.63 37.577 37.542 37.49 37.487 37.432 37.412 37.4 37.325 37.3 37.242 37.2 37.132 37.085 37.022 36.922 36.887 36.81 36.747 36.625 36.522 36.36 36.225 36.097 35.91 35.785 35.612 35.457 35.31 35.145 35.035 34.907 34.825 34.727 34.662 34.642 34.56 34.527 34.477 34.467 34.435 34.41 34.337 34.295 34.2
38.72 38.705 38.685 38.64 38.625 38.64 38.597 38.54 38.497 38.47 38.422 38.4 38.372 38.297 38.232 38.217 38.177 38.082 38.055 38.002 37.927 37.902 37.855 37.775 37.742 37.712 37.682 37.647 37.622 37.575 37.512 37.485 37.445 37.417 37.367 37.34 37.305 37.2 37.195 37.13 37.072 37.027 36.937 36.895 36.8 36.722 36.615 36.487 36.387 36.232 36.072 35.945 35.752 35.617 35.495 35.307 35.182 35.05 34.937 34.837 34.752 34.67 34.627 34.575 34.565 34.472 34.485 34.462 34.447 34.387 34.31 34.222
38.782 38.752 38.767 38.722 38.672 38.65 38.617 38.587 38.567 38.545 38.507 38.442 38.405 38.332 38.31 38.267 38.21 38.12 38.062 38.012 37.932 37.927 37.867 37.795 37.762 37.715 37.67 37.64 37.622 37.602 37.557 37.51 37.45 37.417 37.377 37.345 37.257 37.237 37.23 37.167 37.092 37.017 36.922 36.875 36.815 36.697 36.582 36.435 36.372 36.187 36.025 35.902 35.75 35.602 35.462 35.3 35.147 35.03 34.94 34.805 34.735 34.63 34.637 34.607 34.56 34.517 34.492 34.48 34.447 34.385 34.315 34.265
