LIDAR/se2685_DTM_2M.asc
ncols 500
nrows 500
xllcorner    426000
yllcorner    485000
cellsize     2
NODATA_value -9999
[rows 160 to 191 of 500, columns 219 to 291 of 500]
42.774 42.859 42.784 42.754 42.731 42.786 42.844 42.916 43.004 43.099 43.204 43.261 43.329 43.434 43.521 43.574 43.654 43.716 43.749 43.741 43.809 43.899 43.984 43.986 44.019 44.014 44.041 44.031 43.986 43.989 43.934 43.911 43.908 43.908 43.866 43.853 43.848 43.786 43.738 43.696 43.653 43.601 43.606 43.631 43.668 43.648 43.621 43.623 43.563 43.528 43.481 43.448 43.431 43.416 43.421 43.413 43.398 43.396 43.371 43.356 43.321 43.303 43.268 43.211 43.193 43.193 43.171 43.246 43.323 43.368 43.416 43.443 43.438
42.796 42.866 42.831 42.834 42.826 42.819 42.871 42.941 43.039 43.099 43.219 43.281 43.361 43.499 43.554 43.591 43.659 43.706 43.774 43.881 44.029 44.089 44.076 44.051 44.046 43.991 43.976 43.946 43.936 43.939 43.931 43.951 43.973 43.923 43.861 43.778 43.703 43.711 43.691 43.726 43.736 43.741 43.718 43.708 43.663 43.618 43.588 43.568 43.553 43.521 43.506 43.501 43.501 43.501 43.488 43.443 43.388 43.366 43.311 43.233 43.211 43.201 43.211 43.268 43.316 43.348 43.368 43.381 43.411 43.386 43.391 43.376 43.373
42.829 42.926 42.884 42.844 42.856 42.871 42.929 42.999 43.101 43.161 43.261 43.321 43.409 43.474 43.554 43.659 43.714 43.871 43.939 44.001 44.034 44.054 44.044 44.026 44.034 43.986 43.969 43.986 44.016 43.996 43.949 43.926 43.886 43.826 43.783 43.781 43.801 43.813 43.813 43.791 43.758 43.708 43.648 43.641 43.618 43.616 43.596 43.593 43.603 43.591 43.546 43.516 43.468 43.433 43.378 43.311 43.256 43.263 43.233 43.258 43.303 43.353 43.353 43.356 43.391 43.386 43.343 43.346 43.333 43.346 43.378 43.393 43.428
42.856 42.936 42.906 42.891 42.901 42.934 42.944 43.024 43.106 43.159 43.249 43.329 43.439 43.586 43.756 43.799 43.821 43.921 43.939 43.944 43.959 43.954 43.971 44.014 44.021 44.031 43.994 43.976 43.954 43.911 43.861 43.876 43.868 43.908 43.888 43.908 43.871 43.826 43.803 43.758 43.711 43.663 43.673 43.681 43.688 43.666 43.648 43.626 43.578 43.548 43.483 43.433 43.343 43.346 43.341 43.361 43.361 43.391 43.373 43.373 43.373 43.358 43.356 43.336 43.336 43.288 43.301 43.346 43.371 43.368 43.408 43.431 43.478
42.891 42.934 42.919 42.896 42.924 42.979 42.961 43.034 43.089 43.176 43.259 43.489 43.674 43.736 43.789 43.821 43.864 43.899 43.911 43.951 43.969 44.004 44.019 44.024 44.024 43.939 43.906 43.894 43.886 43.944 43.949 43.988 43.978 43.913 43.883 43.848 43.816 43.808 43.783 43.781 43.756 43.731 43.731 43.706 43.668 43.633 43.598 43.523 43.473 43.461 43.438 43.456 43.463 43.453 43.466 43.448 43.436 43.398 43.376 43.318 43.323 43.303 43.288 43.316 43.333 43.348 43.376 43.423 43.446 43.448 43.446 43.421 43.436
42.949 42.954 42.936 42.881 42.906 43.031 43.064 43.076 43.206 43.369 43.539 43.644 43.666 43.679 43.761 43.796 43.849 43.896 43.919 43.986 43.984 43.984 43.944 43.954 43.931 43.959 44.001 44.031 44.036 44.021 43.974 43.933 43.936 43.906 43.866 43.863 43.843 43.846 43.851 43.823 43.791 43.716 43.666 43.616 43.558 43.518 43.531 43.566 43.573 43.581 43.598 43.578 43.551 43.473 43.463 43.391 43.368 43.338 43.316 43.303 43.328 43.346 43.371 43.403 43.403 43.403 43.421 43.388 43.371 43.361 43.316 43.318 43.366
42.971 42.996 42.971 42.954 42.961 43.059 43.126 43.234 43.381 43.486 43.544 43.604 43.621 43.669 43.774 43.829 43.859 43.901 43.896 43.876 43.911 43.924 43.979 44.049 44.096 44.091 44.069 44.036 43.999 43.974 43.949 43.943 43.958 43.963 43.946 43.913 43.863 43.873 43.806 43.748 43.688 43.613 43.608 43.611 43.621 43.656 43.658 43.698 43.653 43.586 43.566 43.536 43.473 43.416 43.416 43.426 43.403 43.393 43.383 43.381 43.411 43.396 43.393 43.396 43.383 43.348 43.296 43.278 43.298 43.331 43.356 43.433 43.478
43.024 43.016 42.981 42.976 43.056 43.176 43.264 43.304 43.349 43.431 43.499 43.576 43.634 43.696 43.796 43.834 43.864 43.844 43.846 43.929 43.974 44.066 44.101 44.106 44.109 44.084 44.021 44.006 44.001 44.004 44.001 44.036 44.018 43.983 43.931 43.866 43.806 43.753 43.721 43.691 43.713 43.741 43.748 43.758 43.738 43.683 43.666 43.628 43.591 43.548 43.526 43.488 43.466 43.466 43.468 43.471 43.446 43.421 43.426 43.396 43.346 43.313 43.303 43.261 43.251 43.298 43.336 43.386 43.423 43.461 43.473 43.501 43.523
43.076 43.044 43.019 43.036 43.111 43.204 43.264 43.269 43.326 43.416 43.461 43.571 43.659 43.729 43.766 43.831 43.916 43.996 44.054 44.026 44.071 44.061 44.066 44.051 44.056 44.076 44.054 44.056 44.086 44.044 44.011 43.983 43.916 43.851 43.843 43.788 43.786 43.818 43.818 43.841 43.808 43.796 43.748 43.716 43.686 43.641 43.608 43.608 43.588 43.571 43.561 43.548 43.526 43.483 43.511 43.466 43.426 43.363 43.351 43.288 43.243 43.296 43.318 43.361 43.376 43.426 43.446 43.476 43.481 43.486 43.473 43.458 43.448
43.039 43.016 43.046 43.061 43.131 43.146 43.209 43.256 43.326 43.416 43.504 43.656 43.686 43.734 43.829 43.879 43.996 44.031 44.019 44.021 44.049 44.056 44.081 44.136 44.164 44.146 44.109 44.091 44.041 43.996 43.946 43.886 43.876 43.891 43.921 43.931 43.896 43.868 43.841 43.811 43.773 43.733 43.681 43.678 43.653 43.651 43.621 43.616 43.641 43.631 43.581 43.526 43.483 43.438 43.443 43.403 43.331 43.336 43.366 43.383 43.396 43.431 43.411 43.448 43.483 43.466 43.456 43.438 43.418 43.443 43.451 43.466 43.526
42.946 42.996 43.014 43.004 43.104 43.156 43.204 43.271 43.399 43.521 43.604 43.646 43.736 43.804 43.886 43.921 43.971 43.999 44.024 44.074 44.114 44.126 44.161 44.194 44.151 44.116 44.044 44.004 43.969 43.944 43.989 44.011 44.031 44.013 43.981 43.931 43.858 43.846 43.798 43.743 43.726 43.716 43.733 43.706 43.703 43.693 43.666 43.651 43.611 43.553 43.486 43.451 43.443 43.451 43.478 43.481 43.506 43.476 43.456 43.463 43.443 43.451 43.436 43.421 43.446 43.448 43.448 43.463 43.421 43.483 43.516 43.536 43.566
42.904 42.981 43.026 43.026 43.049 43.129 43.256 43.346 43.489 43.549 43.621 43.709 43.749 43.816 43.886 43.969 44.021 44.056 44.071 44.111 44.131 44.116 44.114 44.091 44.056 44.014 44.061 44.061 44.041 44.059 44.061 44.046 44.023 43.956 43.901 43.858 43.836 43.831 43.803 43.803 43.796 43.766 43.743 43.701 43.648 43.633 43.586 43.536 43.483 43.518 43.533 43.536 43.536 43.576 43.561 43.591 43.541 43.491 43.481 43.436 43.408 43.396 43.416 43.441 43.441 43.498 43.521 43.523 43.521 43.543 43.536 43.536 43.528
42.906 43.011 42.996 43.004 43.066 43.166 43.286 43.369 43.469 43.544 43.619 43.694 43.764 43.849 43.941 44.044 44.094 44.106 44.071 44.071 44.046 44.024 44.061 44.084 44.124 44.149 44.144 44.134 44.081 44.049 44.016 43.981 43.948 43.931 43.888 43.893 43.866 43.888 43.841 43.786 43.768 43.726 43.678 43.621 43.538 43.586 43.576 43.596 43.601 43.643 43.608 43.636 43.621 43.626 43.578 43.578 43.541 43.458 43.446 43.443 43.446 43.471 43.503 43.511 43.528 43.553 43.541 43.536 43.496 43.461 43.441 43.431 43.448
42.989 43.041 43.064 43.034 43.116 43.189 43.269 43.339 43.476 43.581 43.664 43.764 43.839 43.914 44.011 44.076 44.029 44.026 44.021 44.036 44.111 44.139 44.201 44.221 44.196 44.159 44.136 44.074 44.019 44.006 43.984 43.983 43.983 43.956 43.963 43.903 43.873 43.843 43.776 43.688 43.661 43.641 43.646 43.641 43.671 43.691 43.676 43.668 43.618 43.633 43.623 43.618 43.581 43.636 43.591 43.528 43.518 43.508 43.531 43.548 43.536 43.536 43.553 43.533 43.528 43.516 43.463 43.443 43.441 43.456 43.508 43.543 43.578
43.016 43.081 43.076 43.079 43.104 43.196 43.289 43.421 43.531 43.659 43.734 43.791 43.841 43.901 43.949 43.989 44.016 44.101 44.156 44.191 44.209 44.214 44.179 44.181 44.154 44.096 44.046 44.046 44.046 44.041 44.041 44.033 44.013 43.951 43.896 43.818 43.771 43.756 43.736 43.713 43.751 43.731 43.751 43.728 43.731 43.698 43.663 43.631 43.598 43.606 43.591 43.588 43.596 43.636 43.628 43.596 43.573 43.573 43.566 43.553 43.503 43.481 43.448 43.433 43.438 43.463 43.501 43.521 43.581 43.586 43.601 43.618 43.611
43.016 43.136 43.074 43.109 43.146 43.254 43.389 43.484 43.591 43.666 43.716 43.804 43.846 43.891 43.986 44.104 44.129 44.204 44.196 44.181 44.186 44.159 44.134 44.139 44.126 44.121 44.091 44.079 44.086 44.064 44.011 43.966 43.908 43.856 43.791 43.781 43.801 43.838 43.838 43.813 43.778 43.761 43.731 43.708 43.681 43.668 43.638 43.623 43.601 43.636 43.638 43.678 43.631 43.598 43.653 43.578 43.551 43.538 43.518 43.471 43.456 43.446 43.501 43.538 43.586 43.603 43.611 43.611 43.623 43.611 43.583 43.601 43.573
43.011 43.129 43.134 43.141 43.181 43.226 43.331 43.436 43.484 43.596 43.711 43.811 43.861 43.946 44.046 44.114 44.106 44.141 44.136 44.124 44.126 44.131 44.174 44.181 44.166 44.149 44.109 44.051 43.991 43.951 43.899 43.878 43.893 43.916 43.891 43.871 43.881 43.861 43.828 43.778 43.736 43.721 43.696 43.681 43.676 43.696 43.666 43.686 43.683 43.693 43.681 43.683 43.648 43.616 43.548 43.503 43.488 43.491 43.528 43.541 43.573 43.598 43.618 43.621 43.638 43.623 43.618 43.598 43.588 43.581 43.561 43.586 43.588
42.969 43.071 43.096 43.119 43.121 43.179 43.324 43.459 43.571 43.689 43.731 43.829 43.869 43.951 44.011 44.086 44.094 44.119 44.114 44.146 44.159 44.161 44.154 44.156 44.131 44.076 43.991 43.966 43.959 43.986 43.976 43.993 43.983 43.968 43.906 43.883 43.826 43.801 43.778 43.731 43.746 43.753 43.733 43.736 43.761 43.733 43.696 43.688 43.693 43.628 43.606 43.581 43.518 43.538 43.558 43.576 43.608 43.633 43.646 43.616 43.601 43.598 43.596 43.576 43.576 43.591 43.576 43.583 43.606 43.628 43.643 43.661 43.681
42.976 43.049 43.076 43.109 43.159 43.256 43.399 43.531 43.654 43.754 43.761 43.799 43.886 43.959 44.019 44.076 44.124 44.174 44.201 44.176 44.141 44.156 44.119 44.069 44.004 44.046 44.046 44.034 44.069 44.064 44.009 43.993 43.943 43.908 43.818 43.788 43.821 43.791 43.783 43.788 43.791 43.783 43.806 43.783 43.728 43.683 43.646 43.621 43.598 43.588 43.608 43.601 43.621 43.658 43.653 43.661 43.648 43.646 43.626 43.596 43.551 43.571 43.546 43.563 43.593 43.611 43.643 43.691 43.686 43.686 43.696 43.686 43.713
42.966 43.031 43.096 43.164 43.239 43.324 43.396 43.514 43.621 43.721 43.766 43.796 43.889 43.989 44.076 44.151 44.124 44.154 44.146 44.114 44.061 44.056 44.094 44.091 44.116 44.129 44.101 44.061 44.034 43.996 43.954 43.903 43.903 43.878 43.838 43.853 43.881 43.881 43.863 43.821 43.788 43.776 43.706 43.653 43.626 43.608 43.653 43.668 43.696 43.698 43.703 43.711 43.676 43.688 43.618 43.601 43.608 43.581 43.586 43.558 43.561 43.596 43.631 43.671 43.686 43.708 43.703 43.721 43.688 43.643 43.621 43.611 43.651
43.006 43.096 43.116 43.164 43.221 43.291 43.414 43.511 43.644 43.729 43.754 43.804 43.899 44.004 44.056 44.091 44.076 44.054 44.076 44.059 44.111 44.136 44.161 44.151 44.134 44.104 44.074 44.024 43.994 43.961 43.954 43.941 43.936 43.931 43.896 43.876 43.876 43.863 43.788 43.738 43.696 43.666 43.638 43.671 43.691 43.726 43.718 43.713 43.711 43.683 43.671 43.673 43.643 43.611 43.601 43.591 43.603 43.608 43.618 43.623 43.636 43.658 43.686 43.681 43.668 43.648 43.621 43.588 43.611 43.621 43.643 43.693 43.733
43.016 43.104 43.136 43.159 43.236 43.316 43.431 43.554 43.684 43.741 43.794 43.831 43.904 43.924 43.949 43.999 44.041 44.081 44.146 44.176 44.186 44.174 44.139 44.101 44.084 44.059 44.034 44.016 44.014 44.014 44.011 43.993 43.978 43.946 43.861 43.816 43.773 43.736 43.733 43.713 43.696 43.743 43.743 43.736 43.756 43.763 43.716 43.706 43.693 43.646 43.636 43.636 43.638 43.621 43.621 43.661 43.678 43.701 43.711 43.658 43.661 43.641 43.611 43.606 43.566 43.581 43.623 43.658 43.721 43.756 43.788 43.843 43.786
43.044 43.104 43.146 43.146 43.229 43.314 43.476 43.569 43.644 43.689 43.744 43.794 43.871 43.954 43.991 44.094 44.156 44.161 44.151 44.154 44.131 44.099 44.074 44.066 44.056 44.091 44.071 44.066 44.014 44.014 43.994 43.943 43.873 43.821 43.778 43.758 43.776 43.806 43.796 43.781 43.773 43.786 43.728 43.728 43.716 43.673 43.648 43.668 43.666 43.661 43.658 43.678 43.698 43.698 43.698 43.716 43.698 43.676 43.631 43.571 43.553 43.543 43.606 43.641 43.698 43.733 43.788 43.803 43.826 43.793 43.798 43.811 43.763
43.044 43.114 43.161 43.164 43.224 43.291 43.396 43.471 43.559 43.694 43.746 43.806 43.936 43.991 44.069 44.124 44.099 44.081 44.064 44.064 44.059 44.104 44.131 44.109 44.099 44.126 44.089 44.054 43.996 43.921 43.844 43.841 43.846 43.848 43.848 43.866 43.863 43.848 43.838 43.763 43.766 43.716 43.686 43.673 43.666 43.686 43.683 43.693 43.681 43.723 43.713 43.703 43.691 43.673 43.643 43.606 43.583 43.576 43.578 43.638 43.668 43.681 43.738 43.748 43.791 43.786 43.786 43.773 43.758 43.758 43.751 43.763 43.773
43.069 43.154 43.174 43.104 43.144 43.219 43.339 43.481 43.571 43.739 43.791 43.866 43.911 43.964 43.981 44.029 44.041 44.064 44.094 44.079 44.091 44.111 44.129 44.141 44.086 44.026 43.979 43.921 43.921 43.886 43.889 43.923 43.923 43.883 43.883 43.883 43.838 43.791 43.741 43.718 43.698 43.686 43.688 43.676 43.701 43.728 43.708 43.678 43.691 43.678 43.676 43.623 43.576 43.578 43.593 43.601 43.673 43.711 43.716 43.746 43.766 43.748 43.726 43.746 43.743 43.751 43.753 43.738 43.741 43.776 43.781 43.803 43.836
43.054 43.131 43.134 43.096 43.141 43.271 43.396 43.541 43.624 43.741 43.801 43.836 43.866 43.901 43.936 44.009 44.066 44.069 44.106 44.134 44.116 44.079 44.021 44.001 43.994 43.931 43.929 43.966 43.964 43.971 43.939 43.933 43.901 43.861 43.838 43.778 43.751 43.748 43.738 43.728 43.736 43.756 43.718 43.693 43.731 43.713 43.678 43.588 43.568 43.571 43.603 43.583 43.648 43.663 43.688 43.716 43.768 43.771 43.728 43.728 43.721 43.693 43.701 43.701 43.728 43.748 43.773 43.793 43.806 43.853 43.868 43.878 43.933
43.076 43.124 43.146 43.156 43.219 43.296 43.354 43.454 43.586 43.694 43.779 43.771 43.906 43.921 43.979 44.041 44.074 44.059 44.056 44.029 43.991 43.951 43.979 43.984 44.014 44.039 44.031 44.029 43.971 43.949 43.909 43.846 43.818 43.828 43.788 43.771 43.808 43.788 43.796 43.781 43.756 43.751 43.686 43.638 43.608 43.571 43.586 43.591 43.618 43.653 43.686 43.701 43.713 43.706 43.708 43.693 43.693 43.708 43.688 43.671 43.688 43.688 43.706 43.736 43.773 43.821 43.821 43.841 43.851 43.826 43.831 43.911 43.996
43.101 43.131 43.129 43.154 43.191 43.231 43.309 43.429 43.494 43.614 43.756 43.776 43.891 43.944 43.974 44.006 43.984 43.979 43.954 43.974 43.984 44.016 44.031 44.059 44.056 44.054 44.006 43.964 43.906 43.884 43.829 43.838 43.823 43.858 43.866 43.838 43.833 43.803 43.751 43.711 43.641 43.631 43.613 43.591 43.616 43.633 43.653 43.681 43.718 43.708 43.688 43.676 43.671 43.646 43.626 43.661 43.663 43.658 43.686 43.683 43.726 43.756 43.766 43.783 43.806 43.813 43.771 43.763 43.758 43.761 43.841 43.963 43.991
43.149 43.119 43.079 43.099 43.146 43.226 43.334 43.451 43.506 43.451 43.731 43.774 43.794 43.841 43.866 43.921 43.941 43.984 44.014 44.036 44.019 44.026 44.011 44.016 43.969 43.964 43.914 43.901 43.871 43.869 43.871 43.873 43.883 43.928 43.876 43.798 43.768 43.696 43.628 43.648 43.656 43.706 43.706 43.703 43.708 43.706 43.666 43.648 43.653 43.643 43.628 43.618 43.591 43.583 43.613 43.656 43.666 43.711 43.753 43.753 43.743 43.753 43.731 43.708 43.696 43.706 43.713 43.748 43.783 43.873 43.938 43.948 43.998
43.119 43.151 43.121 43.116 43.161 43.246 43.336 43.444 43.516 43.604 43.724 43.731 43.736 43.769 43.854 43.959 44.001 44.039 44.006 43.994 43.994 43.961 43.951 43.926 43.894 43.916 43.901 43.916 43.936 43.929 43.886 43.836 43.826 43.801 43.726 43.671 43.676 43.706 43.686 43.748 43.768 43.793 43.761 43.726 43.691 43.638 43.611 43.568 43.601 43.608 43.588 43.611 43.641 43.673 43.663 43.688 43.696 43.696 43.698 43.673 43.653 43.658 43.656 43.686 43.708 43.783 43.816 43.896 43.928 44.006 44.021 44.018 43.991
43.136 43.164 43.134 43.094 43.179 43.216 43.286 43.364 43.471 43.546 43.636 43.724 43.771 43.861 43.891 43.956 43.991 43.974 43.956 43.929 43.919 43.889 43.919 43.954 43.959 43.949 43.931 43.926 43.921 43.866 43.786 43.716 43.718 43.753 43.763 43.721 43.763 43.796 43.741 43.756 43.791 43.776 43.733 43.663 43.631 43.611 43.618 43.606 43.623 43.651 43.616 43.661 43.673 43.643 43.613 43.603 43.596 43.591 43.566 43.613 43.658 43.693 43.746 43.781 43.833 43.818 43.881 43.921 43.973 44.061 44.033 44.021 43.888
43.114 43.126 43.084 43.059 43.079 43.116 43.196 43.329 43.464 43.541 43.619 43.726 43.759 43.829 43.859 43.856 43.911 43.899 43.916 43.896 43.909 43.941 43.981 43.969 43.964 43.936 43.899 43.821 43.801 43.754 43.764 43.773 43.791 43.833 43.851 43.828 43.816 43.821 43.706 43.641 43.701 43.726 43.703 43.661 43.643 43.653 43.631 43.626 43.628 43.623 43.593 43.588 43.536 43.516 43.496 43.506 43.528 43.603 43.666 43.706 43.743 43.766 43.801 43.803 43.811 43.808 43.821 43.923 44.011 44.073 44.046 43.968 43.938
