LIDAR/se2687_DTM_2M.asc
ncols 500
nrows 500
xllcorner    426000
yllcorner    487000
cellsize     2
NODATA_value -9999
[rows 256 to 287 of 500, columns 365 to 437 of 500]
42.963 42.93 42.925 42.925 42.928 42.94 42.953 42.948 42.905 42.85 42.825 42.838 42.838 42.853 42.843 42.803 42.813 42.818 42.8 42.78 42.793 42.788 42.79 42.8 42.865 42.788 42.733 42.688 42.63 42.615 42.59 42.6 42.58 42.573 42.558 42.553 42.548 42.503 42.49 42.363 42.415 42.398 42.478 42.52 42.468 42.418 42.36 42.323 42.325 42.325 42.318 42.303 42.28 42.153 42.008 41.943 41.955 41.935 41.95 41.955 41.978 41.983 41.943 41.788 41.703 41.765 41.74 41.73 41.7 41.645 41.525 41.475 41.415
42.99 42.958 42.948 42.958 42.978 42.968 42.955 42.96 42.913 42.868 42.848 42.86 42.853 42.855 42.84 42.84 42.81 42.8 42.813 42.805 42.808 42.803 42.828 42.845 42.895 42.805 42.705 42.675 42.645 42.643 42.655 42.605 42.59 42.56 42.543 42.515 42.52 42.508 42.435 42.355 42.405 42.428 42.463 42.485 42.465 42.448 42.403 42.315 42.313 42.32 42.268 42.255 42.243 42.168 42.033 42.005 42 41.968 41.953 41.938 41.995 41.975 41.943 41.765 41.703 41.773 41.745 41.72 41.7 41.615 41.53 41.583 41.473
43.058 43.013 42.978 42.978 42.988 42.98 42.965 42.94 42.9 42.89 42.873 42.868 42.885 42.858 42.855 42.833 42.815 42.808 42.798 42.81 42.823 42.818 42.825 42.875 42.91 42.803 42.685 42.675 42.64 42.628 42.61 42.608 42.615 42.585 42.548 42.528 42.5 42.503 42.43 42.38 42.413 42.423 42.48 42.485 42.473 42.458 42.408 42.323 42.34 42.335 42.218 42.233 42.253 42.145 42.055 42.075 42.035 42.015 41.968 41.975 41.993 41.965 41.893 41.818 41.81 41.798 41.803 41.715 41.69 41.608 41.62 41.585 41.538
43.053 43.02 43 42.965 42.988 42.973 42.965 42.96 42.915 42.908 42.843 42.888 42.875 42.858 42.863 42.835 42.825 42.815 42.815 42.835 42.84 42.838 42.87 42.863 42.878 42.763 42.695 42.653 42.613 42.563 42.578 42.585 42.573 42.575 42.565 42.525 42.52 42.485 42.4 42.358 42.375 42.425 42.52 42.473 42.435 42.42 42.443 42.378 42.34 42.298 42.218 42.218 42.215 42.145 42.075 42.103 42.093 42.018 41.988 41.978 41.965 41.915 41.845 41.825 41.838 41.84 41.75 41.673 41.623 41.598 41.56 41.505 41.493
43.033 43.013 42.99 42.953 42.963 42.958 42.968 42.97 42.948 42.938 42.915 42.888 42.88 42.885 42.888 42.87 42.848 42.815 42.808 42.858 42.86 42.853 42.865 42.883 42.885 42.738 42.695 42.683 42.64 42.58 42.553 42.563 42.548 42.53 42.528 42.52 42.485 42.453 42.393 42.365 42.383 42.385 42.495 42.46 42.405 42.385 42.415 42.333 42.345 42.31 42.238 42.205 42.2 42.168 42.103 42.06 42.023 42.018 42.01 41.955 41.943 41.875 41.828 41.84 41.745 41.7 41.693 41.63 41.613 41.603 41.543 41.47 41.415
43.03 43.028 43 42.973 42.955 42.963 42.983 42.995 42.958 42.935 42.908 42.925 42.905 42.903 42.903 42.878 42.873 42.853 42.855 42.87 42.855 42.885 42.893 42.903 42.883 42.768 42.71 42.715 42.66 42.608 42.59 42.578 42.55 42.528 42.503 42.47 42.463 42.453 42.358 42.348 42.393 42.413 42.48 42.463 42.43 42.39 42.395 42.34 42.41 42.375 42.315 42.26 42.26 42.238 42.19 42.133 42.075 42.065 42.005 41.953 41.928 41.883 41.853 41.76 41.675 41.688 41.665 41.643 41.608 41.588 41.538 41.495 41.443
43.053 43.013 42.99 43 42.965 42.97 42.98 42.97 42.95 42.95 42.923 42.93 42.948 42.915 42.913 42.908 42.89 42.868 42.87 42.895 42.88 42.888 42.91 42.938 42.973 42.908 42.74 42.695 42.65 42.66 42.635 42.618 42.585 42.553 42.518 42.48 42.488 42.445 42.37 42.395 42.353 42.398 42.483 42.488 42.493 42.483 42.448 42.44 42.445 42.44 42.428 42.41 42.365 42.32 42.273 42.225 42.165 42.113 42.05 42.03 42 41.92 41.873 41.823 41.675 41.643 41.625 41.6 41.553 41.563 41.52 41.483 41.438
43.058 43.035 43.018 42.993 42.985 42.975 43 42.995 42.98 42.963 42.925 42.933 42.938 42.938 42.94 42.935 42.903 42.88 42.895 42.88 42.89 42.903 42.903 42.95 43.02 42.953 42.735 42.683 42.608 42.625 42.62 42.61 42.595 42.565 42.523 42.483 42.523 42.46 42.428 42.403 42.355 42.438 42.403 42.49 42.53 42.53 42.495 42.5 42.48 42.48 42.46 42.46 42.435 42.398 42.388 42.335 42.26 42.185 42.123 42.075 42.06 41.988 41.988 41.943 41.795 41.72 41.685 41.625 41.62 41.615 41.563 41.56 41.44
43.075 43.058 43.03 43.013 43.018 42.993 43.013 43.038 43.025 42.975 42.945 42.945 42.938 42.933 42.913 42.925 42.915 42.903 42.89 42.88 42.888 42.9 42.915 42.945 42.95 42.828 42.663 42.608 42.565 42.598 42.57 42.588 42.585 42.575 42.518 42.548 42.518 42.438 42.413 42.34 42.363 42.41 42.443 42.543 42.555 42.573 42.538 42.508 42.468 42.46 42.483 42.468 42.423 42.398 42.365 42.343 42.308 42.263 42.23 42.155 42.128 42.103 42.08 42.01 41.913 41.9 41.823 41.78 41.768 41.725 41.665 41.63 41.583
43.093 43.058 43.04 43.01 43.008 43.025 43.033 43.03 43.038 43 42.97 42.968 42.93 42.94 42.935 42.918 42.908 42.905 42.898 42.89 42.908 42.905 42.93 42.968 42.945 42.763 42.62 42.593 42.583 42.605 42.588 42.603 42.56 42.545 42.515 42.5 42.463 42.445 42.403 42.373 42.38 42.438 42.435 42.478 42.51 42.518 42.555 42.495 42.45 42.488 42.523 42.45 42.41 42.343 42.323 42.308 42.28 42.235 42.183 42.16 42.113 42.055 42.018 41.97 41.935 41.915 41.875 41.875 41.808 41.753 41.738 41.698 41.69
43.083 43.075 43.043 43.025 43.025 43.03 43.05 43.068 43.058 43.01 42.97 42.95 42.943 42.948 42.935 42.92 42.92 42.913 42.913 42.915 42.913 42.943 42.955 42.948 42.93 42.823 42.7 42.648 42.615 42.615 42.61 42.603 42.58 42.575 42.578 42.553 42.523 42.43 42.35 42.36 42.345 42.445 42.51 42.538 42.518 42.518 42.485 42.48 42.465 42.52 42.523 42.44 42.35 42.268 42.273 42.255 42.228 42.185 42.088 42.113 42.1 42.053 42 41.948 41.93 41.905 41.898 41.88 41.775 41.785 41.783 41.738 41.715
43.093 43.078 43.05 43.038 43.05 43.028 43.048 43.07 43.073 43.025 42.978 42.963 42.94 42.953 42.948 42.958 42.968 42.94 42.925 42.91 42.9 42.928 42.938 42.955 42.808 42.735 42.705 42.653 42.598 42.588 42.58 42.568 42.558 42.595 42.58 42.56 42.54 42.418 42.353 42.358 42.383 42.47 42.548 42.508 42.51 42.528 42.508 42.468 42.458 42.47 42.47 42.44 42.343 42.295 42.275 42.238 42.238 42.225 42.148 42.028 42.138 42.095 42.013 41.953 41.975 41.915 41.898 41.893 41.805 41.813 41.818 41.763 41.755
43.105 43.078 43.065 43.05 43.05 43.043 43.05 43.048 43.07 43.025 42.988 42.99 42.958 42.938 42.933 42.975 42.985 42.958 42.918 42.928 42.93 42.928 42.94 42.958 42.81 42.698 42.668 42.62 42.61 42.578 42.573 42.568 42.575 42.568 42.538 42.518 42.493 42.425 42.358 42.36 42.4 42.515 42.483 42.495 42.52 42.54 42.545 42.478 42.425 42.415 42.408 42.395 42.32 42.295 42.26 42.225 42.22 42.248 42.235 42.168 42.183 42.165 41.988 41.955 41.96 41.975 41.915 41.863 41.823 41.825 41.838 41.825 41.793
43.113 43.075 43.048 43.035 43.053 43.043 43.04 43.055 43.068 43.04 43.003 42.995 42.963 42.96 42.943 42.983 42.968 42.955 42.93 42.905 42.905 42.953 42.95 42.963 42.805 42.663 42.605 42.585 42.565 42.588 42.628 42.6 42.573 42.548 42.533 42.52 42.51 42.46 42.39 42.373 42.405 42.52 42.498 42.505 42.525 42.545 42.57 42.455 42.43 42.425 42.4 42.36 42.268 42.273 42.245 42.213 42.2 42.23 42.258 42.205 42.16 42.14 41.968 41.945 42.005 42.045 42.003 41.905 41.818 41.83 41.833 41.795 41.785
43.103 43.073 43.058 43.04 43.058 43.038 43.055 43.048 43.063 43.058 43.035 43.023 42.973 42.96 42.968 42.97 42.978 42.97 42.935 42.9 42.913 42.915 42.975 42.92 42.68 42.623 42.588 42.528 42.553 42.603 42.635 42.6 42.568 42.545 42.555 42.555 42.558 42.505 42.405 42.39 42.413 42.51 42.5 42.498 42.518 42.538 42.505 42.413 42.393 42.423 42.418 42.325 42.248 42.23 42.228 42.195 42.185 42.21 42.225 42.183 42.158 42.103 41.95 41.96 41.983 41.975 41.965 41.918 41.833 41.838 41.788 41.783 41.785
43.113 43.095 43.063 43.048 43.055 43.015 43.055 43.058 43.058 43.01 43.005 43.023 42.96 42.968 42.978 42.978 42.99 42.958 42.915 42.91 42.908 42.943 42.963 42.91 42.633 42.58 42.568 42.57 42.548 42.573 42.59 42.6 42.553 42.545 42.555 42.565 42.518 42.47 42.43 42.453 42.428 42.49 42.49 42.495 42.508 42.49 42.473 42.403 42.375 42.41 42.428 42.335 42.238 42.215 42.19 42.183 42.165 42.178 42.155 42.143 42.148 42.093 41.96 41.918 41.913 41.905 41.9 41.883 41.788 41.788 41.798 41.79 41.798
43.123 43.103 43.08 43.078 43.053 43.053 43.023 43.058 43.03 42.993 43 42.99 42.983 42.97 42.965 42.968 42.96 42.935 42.898 42.898 42.903 42.928 42.953 42.93 42.63 42.548 42.59 42.605 42.585 42.565 42.56 42.563 42.545 42.535 42.53 42.53 42.518 42.408 42.41 42.44 42.398 42.483 42.518 42.52 42.5 42.505 42.488 42.445 42.443 42.438 42.438 42.343 42.233 42.215 42.215 42.158 42.15 42.12 42.095 42.088 42.1 42.075 41.923 41.885 41.875 41.863 41.855 41.84 41.805 41.81 41.8 41.79 41.803
43.133 43.12 43.08 43.07 43.023 43.053 43.045 43.048 43.04 43.028 42.995 42.97 42.995 42.978 42.953 42.973 42.96 42.955 42.925 42.905 42.918 42.94 42.97 42.918 42.67 42.568 42.568 42.585 42.588 42.573 42.52 42.5 42.545 42.51 42.498 42.56 42.565 42.44 42.413 42.418 42.388 42.49 42.55 42.51 42.51 42.463 42.463 42.41 42.435 42.405 42.4 42.37 42.28 42.248 42.218 42.133 42.213 42.138 42.125 42.098 42.055 42.055 41.94 41.87 41.85 41.84 41.823 41.85 41.78 41.805 41.803 41.798 41.8
43.12 43.12 43.065 43.04 43.068 43.05 43.038 43.055 43.058 43.048 43.033 42.998 43.02 42.995 42.95 42.933 42.943 42.935 42.928 42.91 42.923 42.953 42.965 42.973 42.75 42.593 42.563 42.593 42.598 42.603 42.565 42.573 42.573 42.54 42.53 42.53 42.49 42.438 42.415 42.445 42.453 42.458 42.513 42.493 42.44 42.41 42.425 42.38 42.413 42.39 42.383 42.358 42.305 42.273 42.245 42.19 42.25 42.22 42.135 42.093 42.065 42.048 41.955 41.885 41.84 41.803 41.845 41.873 41.753 41.748 41.798 41.8 41.79
43.125 43.095 43.075 43.085 43.063 43.065 43.07 43.068 43.08 43.068 43.033 43.008 43.01 43.003 42.953 42.933 42.963 42.935 42.928 42.908 42.945 42.965 42.978 43.003 42.94 42.713 42.64 42.61 42.615 42.653 42.653 42.618 42.56 42.568 42.568 42.503 42.445 42.45 42.45 42.448 42.45 42.453 42.435 42.388 42.365 42.338 42.365 42.33 42.295 42.268 42.268 42.265 42.23 42.21 42.218 42.193 42.158 42.153 42.075 42.058 42.083 42.055 42.025 41.948 41.895 41.868 41.853 41.845 41.818 41.76 41.76 41.783 41.805
43.13 43.128 43.1 43.1 43.053 43.065 43.08 43.1 43.12 43.085 43.058 43.043 43.005 42.993 42.94 42.958 42.973 42.92 42.92 42.928 42.975 42.998 43 42.995 43 42.9 42.835 42.788 42.698 42.633 42.6 42.553 42.52 42.52 42.488 42.478 42.478 42.465 42.525 42.513 42.498 42.435 42.43 42.41 42.383 42.395 42.34 42.285 42.28 42.27 42.26 42.173 42.16 42.158 42.125 42.093 42.048 42.073 42.02 41.998 41.98 42 42.018 41.978 41.898 41.895 41.865 41.838 41.83 41.79 41.728 41.74 41.753
43.145 43.125 43.11 43.09 43.078 43.073 43.068 43.098 43.095 43.103 43.068 43.038 42.993 42.993 42.973 42.97 42.953 42.925 42.943 42.953 43.003 43.015 43.025 43.01 43.015 42.893 42.843 42.828 42.755 42.655 42.598 42.575 42.568 42.555 42.538 42.55 42.515 42.51 42.568 42.543 42.533 42.5 42.428 42.398 42.395 42.353 42.31 42.275 42.235 42.275 42.25 42.21 42.2 42.175 42.165 42.098 42.075 42.093 42.05 41.983 41.938 41.91 41.898 41.9 41.87 41.865 41.86 41.865 41.805 41.763 41.685 41.693 41.675
43.145 43.12 43.098 43.073 43.088 43.09 43.055 43.053 43.103 43.088 43.045 43.028 43.003 43.015 42.998 42.97 42.958 42.975 42.995 42.998 42.988 42.968 43.038 43.063 43.04 42.925 42.885 42.843 42.8 42.665 42.595 42.543 42.575 42.59 42.583 42.568 42.55 42.51 42.525 42.515 42.52 42.5 42.45 42.425 42.373 42.333 42.333 42.273 42.28 42.24 42.188 42.17 42.13 42.098 42.105 42.093 42.068 42.068 42.063 42.003 41.96 41.998 41.883 41.848 41.81 41.773 41.788 41.79 41.728 41.71 41.66 41.648 41.58
43.16 43.135 43.083 43.065 43.105 43.075 43.063 43.073 43.07 43.085 43.08 43.055 43.03 43.038 42.998 43.028 43.015 43.015 43.023 42.998 42.985 43.03 43.038 43.08 43.045 42.973 42.893 42.848 42.825 42.678 42.563 42.613 42.66 42.625 42.625 42.585 42.618 42.61 42.57 42.578 42.568 42.545 42.54 42.52 42.51 42.46 42.41 42.375 42.383 42.338 42.283 42.263 42.193 42.153 42.155 42.143 42.098 42.04 42.055 42.028 41.918 41.94 41.908 41.848 41.835 41.768 41.69 41.65 41.633 41.603 41.56 41.523 41.493
43.158 43.165 43.108 43.085 43.093 43.115 43.078 43.09 43.1 43.113 43.11 43.105 43.063 43.055 43.048 43.058 43.075 43.045 43.043 43.06 43.015 43.03 43.035 43.103 43.038 42.935 42.898 42.855 42.8 42.7 42.713 42.755 42.74 42.7 42.7 42.68 42.69 42.66 42.65 42.615 42.563 42.558 42.548 42.558 42.523 42.47 42.455 42.428 42.453 42.42 42.36 42.313 42.27 42.223 42.193 42.145 42.105 42.1 42.12 42.088 42.035 41.983 41.928 41.88 41.86 41.785 41.675 41.595 41.618 41.605 41.515 41.55 41.52
43.138 43.145 43.11 43.098 43.123 43.115 43.105 43.113 43.105 43.115 43.135 43.128 43.105 43.118 43.085 43.103 43.1 43.08 43.09 43.098 43.03 43.055 43.108 43.075 42.965 42.925 42.865 42.853 42.765 42.708 42.758 42.745 42.745 42.733 42.705 42.68 42.675 42.63 42.678 42.648 42.578 42.588 42.55 42.573 42.533 42.48 42.475 42.45 42.425 42.393 42.418 42.36 42.288 42.223 42.208 42.18 42.113 42.09 42.085 42.073 42.045 42.003 41.938 41.863 41.808 41.75 41.715 41.67 41.65 41.62 41.598 41.548 41.528
43.133 43.133 43.133 43.125 43.14 43.128 43.123 43.148 43.145 43.153 43.185 43.18 43.16 43.17 43.158 43.165 43.168 43.135 43.125 43.09 43.053 43.055 43.013 42.958 42.913 42.88 42.84 42.805 42.71 42.695 42.763 42.77 42.745 42.748 42.748 42.713 42.675 42.663 42.675 42.68 42.63 42.598 42.58 42.58 42.533 42.485 42.52 42.448 42.42 42.43 42.415 42.323 42.355 42.34 42.31 42.265 42.195 42.103 42.063 42.033 41.995 41.965 41.905 41.86 41.818 41.753 41.648 41.61 41.575 41.568 41.54 41.52 41.52
43.14 43.158 43.138 43.138 43.155 43.145 43.173 43.173 43.193 43.22 43.24 43.215 43.23 43.22 43.218 43.198 43.203 43.178 43.178 43.083 42.96 42.903 42.823 42.758 42.795 42.793 42.828 42.755 42.743 42.745 42.738 42.685 42.75 42.768 42.73 42.733 42.71 42.675 42.648 42.673 42.633 42.59 42.585 42.58 42.553 42.485 42.505 42.468 42.46 42.478 42.428 42.393 42.398 42.39 42.37 42.318 42.245 42.103 42.06 42.033 41.988 41.918 41.868 41.818 41.838 41.745 41.623 41.63 41.56 41.548 41.58 41.618 41.65
43.203 43.215 43.19 43.175 43.213 43.213 43.208 43.248 43.268 43.24 43.245 43.28 43.29 43.263 43.258 43.263 43.26 43.2 43.105 42.908 42.768 42.64 42.598 42.568 42.683 42.795 42.823 42.783 42.75 42.758 42.743 42.738 42.748 42.75 42.75 42.74 42.71 42.675 42.655 42.668 42.623 42.603 42.583 42.568 42.563 42.51 42.493 42.488 42.51 42.533 42.468 42.463 42.425 42.385 42.355 42.27 42.168 42.025 41.978 41.97 41.98 41.95 41.873 41.823 41.793 41.713 41.613 41.645 41.58 41.628 41.715 41.728 41.72
43.253 43.24 43.258 43.22 43.245 43.273 43.26 43.27 43.303 43.305 43.298 43.285 43.303 43.288 43.283 43.25 43.123 43.033 42.828 42.71 42.65 42.58 42.543 42.555 42.653 42.78 42.888 42.865 42.778 42.753 42.775 42.765 42.77 42.775 42.765 42.738 42.703 42.675 42.66 42.673 42.665 42.645 42.62 42.58 42.555 42.518 42.538 42.573 42.598 42.623 42.598 42.5 42.405 42.418 42.393 42.268 42.115 41.923 41.883 41.898 41.915 41.923 41.88 41.833 41.813 41.745 41.62 41.615 41.603 41.713 41.773 41.8 41.743
43.295 43.328 43.333 43.34 43.325 43.315 43.315 43.318 43.305 43.293 43.318 43.27 43.28 43.238 43.1 42.945 42.815 42.74 42.685 42.613 42.625 42.613 42.628 42.65 42.653 42.723 42.783 42.8 42.753 42.725 42.763 42.778 42.788 42.79 42.768 42.73 42.705 42.685 42.668 42.663 42.618 42.615 42.63 42.628 42.593 42.545 42.528 42.518 42.508 42.513 42.578 42.498 42.41 42.403 42.363 42.253 42.128 41.963 41.908 41.913 41.91 41.913 41.888 41.863 41.823 41.758 41.61 41.64 41.603 41.685 41.753 41.735 41.728
43.39 43.383 43.385 43.373 43.385 43.358 43.338 43.313 43.315 43.293 43.223 43.135 43.065 42.975 42.808 42.733 42.7 42.655 42.63 42.603 42.583 42.615 42.613 42.658 42.693 42.73 42.88 42.83 42.713 42.733 42.758 42.798 42.803 42.82 42.76 42.718 42.705 42.685 42.675 42.653 42.653 42.608 42.6 42.583 42.575 42.58 42.555 42.533 42.505 42.463 42.463 42.48 42.403 42.398 42.28 42.175 42.06 41.94 41.893 41.9 41.895 41.908 41.903 41.885 41.865 41.783 41.675 41.648 41.59 41.71 41.773 41.718 41.705
