LIDAR/se2687_DTM_2M.asc
ncols 500
nrows 500
xllcorner    426000
yllcorner    487000
cellsize     2
NODATA_value -9999
[rows 192 to 223 of 500, columns 146 to 218 of 500]
47.54 47.76 47.977 47.885 47.8 47.7 47.665 47.595 47.503 47.455 47.433 47.408 47.413 47.355 47.32 47.338 47.363 47.385 47.313 47.138 46.895 46.75 46.73 46.668 46.798 47.183 47.428 47.613 48.065 48.463 48.62 48.673 48.69 48.565 48.318 48.148 48.065 48.17 48.25 48.12 47.843 47.715 47.683 47.65 47.673 47.69 47.718 47.685 47.688 47.67 47.655 47.635 47.618 47.57 47.53 47.5 47.378 47.358 47.388 47.465 47.51 47.45 47.343 47.318 47.28 47.255 47.235 47.128 47.11 47.118 47.14 47.118 47.093
47.42 47.552 47.792 47.827 47.695 47.695 47.62 47.485 47.443 47.408 47.325 47.253 47.283 47.263 47.278 47.27 47.288 47.35 47.283 47.055 46.948 46.725 46.6 46.54 46.508 46.805 47.193 47.388 47.713 48.155 48.453 48.48 48.428 48.27 48.153 47.955 47.92 48.055 48.125 48.068 47.83 47.795 47.765 47.663 47.63 47.618 47.593 47.57 47.593 47.62 47.6 47.58 47.558 47.535 47.515 47.488 47.395 47.34 47.345 47.395 47.445 47.403 47.325 47.343 47.273 47.188 47.178 47.128 47.083 47.085 47.12 47.113 47.053
47.407 47.347 47.425 47.602 47.625 47.62 47.56 47.453 47.373 47.285 47.163 47.115 47.143 47.195 47.223 47.233 47.248 47.338 47.325 47.185 47.098 46.793 46.505 46.405 46.383 46.393 46.915 47.258 47.495 47.743 48.023 48.073 48.028 48.035 48.045 47.815 47.748 47.863 48.018 47.928 47.828 47.858 47.775 47.635 47.575 47.535 47.533 47.568 47.578 47.58 47.533 47.51 47.485 47.465 47.45 47.45 47.375 47.338 47.318 47.368 47.383 47.375 47.313 47.308 47.218 47.135 47.11 47.093 47.07 47.038 47.038 47.048 47.003
47.352 47.315 47.247 47.232 47.455 47.66 47.67 47.485 47.285 47.195 47.115 47.07 47.038 47.045 47.08 47.13 47.208 47.26 47.208 47.193 47.203 46.985 46.525 46.29 46.26 46.325 46.705 47.198 47.41 47.54 47.77 47.91 47.943 47.883 47.745 47.628 47.663 47.64 47.69 47.668 47.69 47.745 47.7 47.613 47.545 47.508 47.535 47.628 47.573 47.548 47.523 47.445 47.415 47.398 47.388 47.398 47.405 47.313 47.255 47.288 47.318 47.385 47.313 47.26 47.173 47.118 47.053 46.98 47.018 47.023 46.963 46.975 46.975
47.29 47.205 47.032 46.885 47.148 47.405 47.605 47.463 47.213 47.128 47.053 46.995 46.973 46.96 46.98 47.035 47.07 47.118 47.123 47.14 47.138 47.073 46.885 46.358 46.52 46.938 46.908 47.215 47.428 47.543 47.758 47.808 47.69 47.548 47.508 47.52 47.563 47.585 47.558 47.588 47.598 47.665 47.745 47.783 47.688 47.513 47.553 47.625 47.565 47.52 47.52 47.473 47.375 47.343 47.378 47.373 47.383 47.318 47.235 47.225 47.238 47.263 47.165 47.123 47.065 47.025 47.033 47.045 47.043 47.028 46.963 46.935 46.955
47.185 47.022 46.775 46.632 46.783 47.105 47.393 47.398 47.203 47.148 47.02 46.953 46.943 46.903 46.893 46.928 46.923 46.965 47.005 47.045 47.07 47.125 47.175 46.993 47.24 47.318 47.273 47.32 47.543 47.565 47.588 47.485 47.373 47.293 47.365 47.47 47.563 47.583 47.54 47.608 47.688 47.768 47.79 47.823 47.74 47.48 47.51 47.573 47.548 47.5 47.48 47.495 47.485 47.448 47.443 47.335 47.31 47.285 47.233 47.178 47.163 47.148 47.12 47.155 47.07 47.018 47.12 47.025 47.058 47.018 47.023 47.053 47.108
47.065 46.847 46.665 46.65 46.683 46.863 47.098 47.17 47.19 47.09 46.99 46.928 46.835 46.85 46.835 46.87 46.863 46.86 46.853 46.973 47 47.05 47.133 47.14 47.238 47.278 47.3 47.393 47.483 47.46 47.403 47.223 47.12 47.123 47.273 47.398 47.473 47.548 47.57 47.655 47.735 47.778 47.808 47.818 47.63 47.563 47.538 47.538 47.505 47.485 47.49 47.51 47.5 47.435 47.38 47.343 47.26 47.213 47.145 47.16 47.163 47.123 47.083 47.125 47.113 47.125 47.183 47.14 47.163 47.135 47.145 47.158 47.193
47.06 46.795 46.72 46.7 46.75 46.858 46.94 47.003 47.013 46.98 46.888 46.893 46.825 46.828 46.818 46.85 46.798 46.783 46.818 46.89 46.94 46.988 47.01 47.098 47.215 47.25 47.365 47.495 47.425 47.288 47.193 47.095 47.033 47.053 47.15 47.278 47.445 47.543 47.623 47.67 47.678 47.728 47.775 47.76 47.623 47.61 47.578 47.545 47.525 47.465 47.468 47.49 47.493 47.35 47.31 47.255 47.195 47.13 47.153 47.148 47.138 47.103 47.118 47.153 47.185 47.198 47.223 47.28 47.218 47.203 47.218 47.258 47.278
46.91 46.768 46.828 46.81 46.855 46.863 46.853 46.883 46.87 46.815 46.793 46.828 46.84 46.773 46.78 46.788 46.763 46.718 46.8 46.845 46.85 46.92 46.985 47.085 47.125 47.278 47.408 47.47 47.353 47.14 47.07 47.073 47.048 47.023 47.105 47.263 47.373 47.415 47.583 47.585 47.628 47.675 47.675 47.66 47.66 47.623 47.565 47.52 47.43 47.36 47.428 47.51 47.42 47.305 47.19 47.145 47.155 47.148 47.16 47.143 47.175 47.228 47.215 47.19 47.213 47.235 47.263 47.293 47.283 47.263 47.288 47.348 47.305
46.755 46.765 46.818 46.865 46.853 46.785 46.793 46.79 46.783 46.773 46.773 46.805 46.79 46.733 46.76 46.708 46.73 46.67 46.733 46.788 46.85 46.925 47.018 47.078 47.16 47.285 47.355 47.273 47.088 47.035 47.063 47.018 46.99 47.053 47.138 47.183 47.293 47.4 47.495 47.538 47.575 47.59 47.603 47.608 47.605 47.568 47.51 47.528 47.415 47.305 47.315 47.458 47.288 47.188 47.16 47.115 47.155 47.183 47.248 47.23 47.275 47.313 47.285 47.265 47.275 47.315 47.323 47.3 47.305 47.328 47.358 47.418 47.475
46.763 46.75 46.805 46.813 46.778 46.723 46.718 46.69 46.655 46.675 46.748 46.775 46.79 46.738 46.738 46.69 46.69 46.695 46.75 46.77 46.84 46.965 47.063 47.14 47.188 47.315 47.165 47.12 47.093 47.06 47.073 47.02 46.993 46.993 47.083 47.153 47.19 47.29 47.375 47.498 47.518 47.548 47.573 47.558 47.518 47.478 47.4 47.373 47.295 47.25 47.223 47.198 47.168 47.173 47.2 47.168 47.215 47.358 47.355 47.373 47.368 47.398 47.358 47.328 47.32 47.353 47.383 47.363 47.393 47.403 47.423 47.498 47.548
46.743 46.723 46.733 46.753 46.705 46.653 46.623 46.63 46.593 46.563 46.633 46.683 46.738 46.805 46.765 46.678 46.693 46.69 46.725 46.775 46.888 47.02 47.125 47.188 47.195 47.145 47.068 47.115 47.098 47.075 47.043 46.945 46.978 46.995 47.005 47.05 47.11 47.318 47.415 47.43 47.478 47.525 47.555 47.503 47.48 47.435 47.348 47.293 47.29 47.218 47.15 47.16 47.175 47.17 47.203 47.19 47.26 47.36 47.39 47.41 47.413 47.433 47.435 47.395 47.38 47.378 47.4 47.395 47.413 47.405 47.438 47.495 47.555
46.685 46.7 46.655 46.655 46.628 46.623 46.598 46.595 46.553 46.508 46.498 46.578 46.67 46.763 46.785 46.735 46.693 46.73 46.828 46.943 47.025 47.115 47.18 47.205 47.13 47.08 47.045 47.068 47.053 47.093 47.07 47.07 47.033 46.983 46.988 46.983 47.058 47.185 47.315 47.395 47.453 47.5 47.535 47.498 47.423 47.375 47.29 47.3 47.218 47.19 47.128 47.183 47.148 47.2 47.218 47.288 47.395 47.413 47.423 47.45 47.433 47.47 47.52 47.488 47.415 47.395 47.455 47.44 47.438 47.423 47.443 47.49 47.55
46.7 46.668 46.618 46.59 46.573 46.555 46.585 46.553 46.498 46.495 46.49 46.493 46.588 46.653 46.73 46.755 46.813 46.79 47.005 47.098 47.195 47.245 47.155 47.098 47.07 47.013 47.013 47.038 47.035 47.068 47.09 47.135 47.118 47.058 47.003 46.993 47.025 47.058 47.2 47.32 47.415 47.413 47.44 47.46 47.395 47.348 47.31 47.208 47.128 47.14 47.123 47.185 47.22 47.298 47.33 47.348 47.44 47.45 47.463 47.475 47.475 47.54 47.523 47.49 47.483 47.418 47.465 47.478 47.465 47.45 47.465 47.493 47.54
46.695 46.645 46.613 46.563 46.548 46.525 46.563 46.553 46.475 46.45 46.448 46.403 46.445 46.533 46.678 46.755 46.953 47.005 47.178 47.238 47.225 47.183 47.14 47.055 47 47.035 47.058 47.05 47.053 47.04 47.103 47.133 47.123 47.125 47.108 47.033 47.083 47.055 47.058 47.188 47.31 47.418 47.373 47.373 47.313 47.258 47.213 47.063 47.06 47.135 47.15 47.268 47.305 47.335 47.348 47.388 47.438 47.468 47.468 47.508 47.545 47.545 47.505 47.47 47.5 47.503 47.488 47.508 47.493 47.48 47.493 47.515 47.54
46.688 46.648 46.603 46.58 46.553 46.508 46.51 46.428 46.42 46.418 46.375 46.375 46.37 46.365 46.638 46.808 47.035 47.22 47.28 47.218 47.188 47.073 47.083 47.003 46.98 47.09 47.09 47.075 47.085 47.085 47.083 47.15 47.128 47.113 47.093 47.088 47.063 47.095 47.088 47.073 47.168 47.213 47.165 47.245 47.223 47.14 47.088 47.005 47.07 47.115 47.235 47.325 47.343 47.363 47.355 47.42 47.483 47.498 47.518 47.505 47.485 47.478 47.465 47.46 47.543 47.528 47.47 47.503 47.51 47.508 47.52 47.538 47.543
46.68 46.63 46.588 46.575 46.545 46.495 46.465 46.443 46.41 46.403 46.353 46.353 46.353 46.33 46.403 46.705 46.913 47.17 47.23 47.17 47.17 47.113 47.008 46.995 47.008 47.088 47.098 47.1 47.13 47.158 47.1 47.088 47.103 47.14 47.105 47.14 47.115 47.063 47.045 47.003 47.078 47.143 47.15 47.208 47.178 47.1 47.068 47.095 47.1 47.19 47.323 47.323 47.333 47.408 47.425 47.455 47.558 47.568 47.56 47.558 47.533 47.495 47.463 47.49 47.525 47.518 47.458 47.48 47.458 47.48 47.528 47.528 47.503
46.665 46.578 46.55 46.528 46.515 46.473 46.455 46.438 46.378 46.405 46.35 46.325 46.338 46.323 46.305 46.413 46.685 46.96 47.078 47.085 47.078 47.045 47 46.973 46.978 47.09 47.115 47.13 47.163 47.148 47.128 47.06 47.075 47.105 47.108 47.12 47.083 47.058 47.025 47.048 47.1 47.088 47.08 47.073 47.115 47.13 47.108 47.09 47.143 47.213 47.263 47.315 47.34 47.385 47.475 47.64 47.653 47.613 47.603 47.6 47.593 47.555 47.56 47.573 47.543 47.543 47.535 47.52 47.485 47.475 47.48 47.528 47.485
46.6 46.578 46.55 46.51 46.493 46.455 46.435 46.415 46.383 46.395 46.343 46.325 46.295 46.29 46.308 46.313 46.42 46.67 46.9 47.07 47.088 47.043 47.058 47.058 46.995 47.073 47.12 47.158 47.14 47.125 47.138 47.06 47.02 47.018 47.12 47.113 47.123 47.125 47.103 47.028 47.1 47.098 47.043 47.025 47.09 47.11 47.13 47.155 47.22 47.213 47.238 47.308 47.355 47.445 47.51 47.678 47.685 47.708 47.678 47.643 47.64 47.61 47.59 47.555 47.54 47.545 47.56 47.518 47.498 47.483 47.453 47.448 47.435
46.565 46.59 46.548 46.508 46.475 46.48 46.398 46.385 46.385 46.38 46.353 46.338 46.248 46.278 46.3 46.313 46.275 46.38 46.643 46.888 47.023 47.09 47.15 47.123 47.06 47.033 47.063 47.125 47.115 47.125 47.145 47.013 46.915 47.035 47.115 47.108 47.18 47.123 47.155 47.118 47.035 47.073 47.058 47.078 47.133 47.145 47.155 47.268 47.278 47.255 47.233 47.318 47.378 47.425 47.515 47.645 47.708 47.75 47.765 47.695 47.6 47.565 47.56 47.553 47.52 47.543 47.553 47.518 47.488 47.495 47.48 47.45 47.4
46.573 46.555 46.548 46.515 46.493 46.455 46.398 46.358 46.393 46.328 46.348 46.338 46.275 46.278 46.298 46.323 46.285 46.253 46.37 46.64 46.928 47.093 47.178 47.168 47.165 47.098 47.058 47.015 47.095 47.113 47.125 47.128 47.118 47.183 47.178 47.178 47.163 47.143 47.18 47.173 47.083 47.1 47.113 47.088 47.118 47.16 47.185 47.245 47.293 47.3 47.263 47.318 47.335 47.373 47.453 47.498 47.59 47.613 47.57 47.593 47.555 47.568 47.605 47.538 47.505 47.528 47.538 47.483 47.53 47.535 47.495 47.47 47.438
46.563 46.55 46.525 46.493 46.49 46.435 46.36 46.363 46.375 46.33 46.34 46.335 46.288 46.248 46.285 46.3 46.305 46.263 46.27 46.405 46.738 47.023 47.148 47.185 47.178 47.175 47.158 47.085 47.033 47.073 47.11 47.163 47.285 47.295 47.24 47.173 47.125 47.185 47.21 47.21 47.21 47.13 47.048 47.073 47.093 47.108 47.095 47.133 47.243 47.3 47.213 47.273 47.3 47.36 47.375 47.42 47.478 47.51 47.485 47.54 47.55 47.613 47.685 47.6 47.528 47.518 47.498 47.498 47.558 47.583 47.523 47.508 47.49
46.565 46.545 46.5 46.513 46.478 46.453 46.378 46.37 46.388 46.34 46.315 46.295 46.293 46.243 46.243 46.27 46.29 46.298 46.275 46.253 46.463 46.77 47.06 47.148 47.2 47.198 47.16 47.13 47.095 47.088 47.115 47.12 47.3 47.335 47.278 47.193 47.118 47.215 47.21 47.198 47.235 47.135 47.015 47.04 47.063 47.093 47.075 47.128 47.223 47.24 47.168 47.24 47.275 47.34 47.395 47.45 47.498 47.508 47.505 47.498 47.52 47.55 47.61 47.545 47.505 47.493 47.485 47.513 47.548 47.595 47.603 47.558 47.49
46.55 46.533 46.503 46.515 46.478 46.44 46.398 46.37 46.38 46.363 46.33 46.29 46.308 46.26 46.26 46.275 46.268 46.29 46.263 46.24 46.228 46.49 46.8 47.075 47.155 47.213 47.178 47.198 47.213 47.178 47.205 47.213 47.325 47.375 47.3 47.193 47.215 47.225 47.153 47.195 47.205 47.183 47.113 47.068 47.01 47.038 47.03 47.023 47.155 47.193 47.173 47.215 47.27 47.348 47.408 47.48 47.478 47.473 47.47 47.48 47.495 47.513 47.523 47.513 47.48 47.465 47.45 47.523 47.565 47.61 47.568 47.49 47.49
46.52 46.53 46.503 46.49 46.46 46.445 46.405 46.378 46.378 46.343 46.293 46.31 46.328 46.28 46.298 46.27 46.298 46.27 46.26 46.243 46.208 46.253 46.493 46.85 47.103 47.193 47.208 47.283 47.325 47.258 47.27 47.215 47.345 47.398 47.263 47.243 47.245 47.21 47.145 47.198 47.213 47.23 47.195 47.12 47.048 47.048 47.01 47.018 47.038 47.145 47.18 47.228 47.268 47.363 47.463 47.448 47.443 47.443 47.455 47.52 47.545 47.478 47.485 47.488 47.475 47.445 47.45 47.49 47.45 47.52 47.493 47.47 47.475
46.473 46.485 46.493 46.465 46.45 46.425 46.42 46.368 46.338 46.348 46.313 46.313 46.323 46.31 46.303 46.308 46.275 46.235 46.255 46.29 46.253 46.233 46.295 46.565 46.888 47.073 47.275 47.393 47.32 47.285 47.243 47.183 47.235 47.333 47.26 47.255 47.238 47.208 47.135 47.205 47.275 47.27 47.245 47.21 47.173 47.143 47.02 46.998 47.05 47.105 47.173 47.205 47.26 47.32 47.405 47.415 47.423 47.435 47.478 47.57 47.518 47.485 47.445 47.453 47.455 47.463 47.45 47.423 47.425 47.408 47.41 47.435 47.42
46.473 46.485 46.465 46.438 46.363 46.41 46.403 46.383 46.35 46.33 46.35 46.32 46.315 46.308 46.285 46.283 46.275 46.238 46.268 46.303 46.293 46.253 46.24 46.333 46.625 46.86 47.115 47.348 47.335 47.33 47.263 47.245 47.258 47.283 47.24 47.24 47.235 47.203 47.193 47.255 47.34 47.298 47.323 47.263 47.228 47.213 47.145 47.043 47.088 47.13 47.108 47.21 47.258 47.243 47.305 47.4 47.425 47.443 47.53 47.575 47.515 47.483 47.458 47.465 47.493 47.45 47.425 47.425 47.463 47.473 47.43 47.453 47.435
46.44 46.445 46.44 46.415 46.373 46.383 46.36 46.35 46.315 46.32 46.303 46.308 46.298 46.3 46.308 46.308 46.29 46.25 46.27 46.323 46.305 46.32 46.268 46.33 46.365 46.645 46.953 47.305 47.405 47.385 47.355 47.35 47.333 47.315 47.29 47.14 47.108 47.245 47.313 47.333 47.32 47.325 47.365 47.28 47.268 47.285 47.24 47.2 47.085 47.083 47.083 47.113 47.12 47.195 47.308 47.408 47.435 47.485 47.578 47.548 47.505 47.465 47.428 47.42 47.463 47.388 47.385 47.433 47.518 47.583 47.463 47.463 47.463
46.423 46.418 46.415 46.385 46.39 46.388 46.373 46.355 46.323 46.353 46.323 46.33 46.313 46.298 46.29 46.3 46.293 46.313 46.28 46.305 46.29 46.333 46.295 46.32 46.32 46.363 46.648 47.023 47.385 47.36 47.353 47.42 47.408 47.38 47.34 47.198 47.138 47.315 47.373 47.355 47.35 47.385 47.388 47.333 47.305 47.31 47.39 47.4 47.198 47.093 47.068 47.08 47.09 47.148 47.305 47.365 47.455 47.53 47.53 47.528 47.485 47.445 47.433 47.44 47.42 47.39 47.445 47.485 47.535 47.563 47.51 47.448 47.453
46.413 46.43 46.41 46.403 46.365 46.36 46.375 46.343 46.333 46.385 46.345 46.295 46.31 46.31 46.3 46.32 46.303 46.28 46.308 46.31 46.285 46.355 46.36 46.333 46.335 46.348 46.388 46.713 47.175 47.303 47.418 47.505 47.463 47.425 47.375 47.298 47.253 47.303 47.388 47.39 47.408 47.403 47.45 47.425 47.335 47.363 47.43 47.438 47.273 47.145 47.083 47.065 47.115 47.16 47.28 47.258 47.44 47.5 47.485 47.465 47.455 47.413 47.4 47.415 47.388 47.373 47.463 47.505 47.543 47.58 47.595 47.533 47.408
46.385 46.39 46.373 46.36 46.355 46.338 46.343 46.348 46.305 46.358 46.338 46.308 46.31 46.288 46.29 46.308 46.285 46.308 46.335 46.34 46.33 46.343 46.363 46.378 46.363 46.358 46.355 46.435 46.798 47.013 47.29 47.518 47.483 47.46 47.413 47.325 47.29 47.288 47.385 47.428 47.428 47.455 47.428 47.385 47.283 47.335 47.45 47.46 47.338 47.198 47.095 47.098 47.108 47.135 47.178 47.14 47.305 47.4 47.468 47.39 47.403 47.388 47.368 47.385 47.42 47.408 47.478 47.513 47.54 47.56 47.553 47.513 47.395
46.388 46.38 46.363 46.358 46.335 46.353 46.355 46.365 46.313 46.328 46.305 46.295 46.31 46.28 46.298 46.333 46.318 46.333 46.35 46.37 46.368 46.35 46.38 46.415 46.385 46.398 46.4 46.433 46.458 46.703 47.128 47.618 47.525 47.468 47.423 47.4 47.345 47.253 47.24 47.393 47.448 47.425 47.39 47.375 47.315 47.358 47.403 47.415 47.37 47.243 47.245 47.26 47.14 47.12 47.168 47.133 47.19 47.233 47.323 47.308 47.33 47.335 47.353 47.365 47.393 47.445 47.483 47.5 47.51 47.51 47.485 47.47 47.373
