LIDAR/se2688_DTM_2M.asc
ncols 500
nrows 500
xllcorner    426000
yllcorner    488000
cellsize     2
NODATA_value -9999
[rows 160 to 191 of 500, columns 0 to 71 of 500]
42.65 42.667 42.637 42.605 42.577 42.527 42.477 42.49 42.495 42.507 42.477 42.492 42.51 42.495 42.527 42.587 42.65 42.692 42.71 42.787 42.865 42.917 42.987 43.115 43.21 43.265 43.292 43.272 43.235 43.282 43.35 43.307 43.282 43.287 43.32 43.3 43.237 43.18 43.162 43.115 43.032 43.012 42.97 42.89 42.767 42.712 42.68 42.635 42.572 42.477 42.375 42.327 42.287 42.212 42.167 42.242 42.33 42.367 42.267 41.762 40.695 40.472 41.442 41.882 41.882 41.775 41.777 41.787 41.845 41.925 41.97 41.957
42.667 42.662 42.632 42.592 42.602 42.55 42.475 42.49 42.515 42.49 42.49 42.49 42.522 42.53 42.57 42.63 42.685 42.712 42.745 42.822 42.895 42.955 43.025 43.15 43.245 43.307 43.332 43.292 43.275 43.307 43.342 43.355 43.345 43.355 43.367 43.322 43.265 43.235 43.225 43.142 43.102 43.045 42.965 42.91 42.8 42.735 42.702 42.64 42.57 42.467 42.387 42.322 42.277 42.202 42.207 42.297 42.375 42.37 42.062 41.437 40.535 40.94 41.692 41.842 41.87 41.807 41.83 41.935 41.987 41.992 42.022 41.995
42.707 42.695 42.657 42.632 42.605 42.537 42.482 42.512 42.532 42.495 42.51 42.52 42.51 42.517 42.562 42.635 42.685 42.715 42.76 42.847 42.912 42.992 43.082 43.235 43.325 43.377 43.367 43.33 43.332 43.352 43.405 43.387 43.387 43.397 43.41 43.362 43.325 43.27 43.252 43.197 43.15 43.02 42.982 42.917 42.82 42.745 42.717 42.637 42.55 42.472 42.407 42.33 42.252 42.217 42.257 42.322 42.367 42.262 41.742 40.982 40.735 41.382 41.8 41.8 41.74 41.822 41.925 42.007 42.077 42.102 42.047 41.997
42.71 42.672 42.66 42.665 42.592 42.527 42.512 42.522 42.555 42.527 42.505 42.532 42.525 42.532 42.59 42.677 42.68 42.747 42.825 42.905 42.962 43.032 43.132 43.315 43.385 43.415 43.385 43.387 43.377 43.425 43.472 43.447 43.447 43.462 43.43 43.402 43.342 43.292 43.265 43.242 43.147 43.097 43.007 42.932 42.867 42.76 42.725 42.662 42.57 42.48 42.41 42.325 42.255 42.267 42.3 42.347 42.32 42.082 41.425 40.68 40.875 41.565 41.855 41.8 41.805 41.907 41.992 42.08 42.112 42.117 42.04 41.99
42.672 42.665 42.67 42.625 42.56 42.512 42.527 42.545 42.562 42.547 42.532 42.547 42.55 42.56 42.62 42.682 42.727 42.757 42.867 42.94 43.02 43.092 43.215 43.377 43.437 43.457 43.437 43.42 43.472 43.51 43.525 43.492 43.47 43.495 43.462 43.435 43.377 43.342 43.315 43.225 43.177 43.13 43.072 42.977 42.885 42.807 42.752 42.695 42.6 42.517 42.432 42.372 42.285 42.262 42.282 42.297 42.202 41.877 41.032 40.552 41.297 41.812 41.822 41.837 41.927 42.06 42.07 42.162 42.155 42.095 42.03 42.01
42.692 42.647 42.647 42.625 42.575 42.5 42.53 42.58 42.585 42.557 42.572 42.565 42.565 42.602 42.65 42.702 42.765 42.797 42.897 42.995 43.072 43.155 43.29 43.41 43.5 43.457 43.457 43.45 43.49 43.522 43.512 43.492 43.497 43.52 43.512 43.442 43.395 43.38 43.345 43.267 43.172 43.15 43.082 43 42.895 42.837 42.76 42.697 42.627 42.542 42.41 42.362 42.3 42.272 42.205 42.165 41.977 41.525 40.68 40.697 41.68 41.86 41.865 41.94 42.032 42.087 42.2 42.22 42.182 42.147 42.115 42.16
42.67 42.652 42.63 42.607 42.555 42.502 42.552 42.562 42.545 42.547 42.565 42.597 42.57 42.625 42.657 42.697 42.755 42.822 42.92 43.017 43.1 43.182 43.35 43.462 43.472 43.465 43.465 43.472 43.537 43.56 43.532 43.492 43.5 43.53 43.505 43.445 43.415 43.415 43.395 43.275 43.215 43.165 43.082 43.002 42.892 42.822 42.76 42.677 42.595 42.527 42.407 42.352 42.305 42.187 42.087 41.98 41.735 41.157 40.54 41.187 41.95 41.952 41.947 41.982 41.98 42.127 42.31 42.305 42.297 42.287 42.297 42.36
42.64 42.645 42.627 42.602 42.545 42.535 42.597 42.582 42.552 42.537 42.55 42.59 42.547 42.602 42.642 42.705 42.71 42.822 42.952 43.032 43.107 43.212 43.387 43.465 43.482 43.46 43.467 43.487 43.567 43.577 43.552 43.507 43.537 43.54 43.502 43.462 43.445 43.42 43.377 43.282 43.217 43.177 43.12 42.992 42.885 42.847 42.765 42.715 42.605 42.48 42.395 42.325 42.267 42.122 42.04 41.855 41.482 40.697 40.795 41.63 41.965 41.957 41.91 42.05 42.265 42.345 42.387 42.345 42.355 42.345 42.372 42.35
42.642 42.645 42.65 42.595 42.552 42.555 42.597 42.612 42.532 42.535 42.56 42.542 42.515 42.602 42.697 42.735 42.745 42.882 42.97 43.062 43.132 43.28 43.427 43.47 43.482 43.46 43.475 43.525 43.572 43.597 43.59 43.535 43.565 43.56 43.522 43.452 43.442 43.417 43.362 43.282 43.22 43.167 43.095 42.982 42.915 42.835 42.79 42.687 42.565 42.49 42.43 42.402 42.26 42.085 41.96 41.662 41.217 40.46 41.127 41.93 41.955 41.93 42.055 42.39 42.575 42.47 42.425 42.375 42.375 42.367 42.372 42.19
42.625 42.61 42.605 42.577 42.527 42.567 42.617 42.575 42.525 42.552 42.572 42.547 42.56 42.68 42.81 42.78 42.79 42.947 43.052 43.102 43.185 43.35 43.437 43.487 43.49 43.46 43.495 43.542 43.585 43.587 43.575 43.565 43.587 43.572 43.535 43.497 43.462 43.425 43.34 43.27 43.255 43.177 43.065 42.997 42.912 42.827 42.765 42.652 42.545 42.477 42.43 42.432 42.27 42.07 41.895 41.525 40.787 40.39 41.235 41.822 41.895 41.985 42.3 42.502 42.447 42.45 42.425 42.39 42.385 42.372 42.3 42.1
42.637 42.64 42.627 42.555 42.53 42.587 42.637 42.575 42.532 42.6 42.61 42.592 42.61 42.787 42.852 42.802 42.845 42.985 43.087 43.12 43.215 43.39 43.487 43.525 43.502 43.502 43.505 43.542 43.612 43.615 43.582 43.57 43.59 43.605 43.577 43.505 43.487 43.47 43.387 43.287 43.255 43.187 43.09 42.98 42.9 42.845 42.755 42.685 42.552 42.47 42.46 42.432 42.272 42.135 41.897 41.33 40.42 40.505 41.1 41.705 41.832 42.067 42.435 42.485 42.457 42.477 42.445 42.387 42.4 42.38 42.23 42.025
42.637 42.642 42.617 42.545 42.535 42.617 42.607 42.532 42.542 42.655 42.655 42.622 42.7 42.872 42.86 42.805 42.867 43.04 43.09 43.132 43.252 43.41 43.512 43.545 43.535 43.542 43.52 43.585 43.622 43.637 43.592 43.592 43.632 43.637 43.582 43.522 43.497 43.487 43.41 43.312 43.252 43.185 43.075 42.965 42.905 42.837 42.752 42.637 42.542 42.462 42.482 42.432 42.32 42.175 41.797 40.897 40.355 40.785 41.362 41.8 41.842 42.025 42.282 42.422 42.43 42.362 42.415 42.44 42.39 42.39 42.21 42.015
42.632 42.64 42.622 42.55 42.54 42.61 42.597 42.522 42.6 42.705 42.672 42.627 42.75 42.887 42.832 42.802 42.9 43.07 43.12 43.157 43.312 43.457 43.485 43.542 43.535 43.542 43.547 43.607 43.645 43.645 43.58 43.625 43.64 43.642 43.587 43.555 43.555 43.507 43.425 43.33 43.257 43.182 43.072 42.975 42.93 42.82 42.757 42.677 42.51 42.462 42.472 42.417 42.322 42.115 41.597 40.52 40.545 41.18 41.622 41.797 41.915 42.09 42.227 42.277 42.43 42.45 42.435 42.43 42.432 42.405 42.297 42.052
42.632 42.627 42.6 42.565 42.585 42.622 42.565 42.552 42.66 42.732 42.68 42.657 42.795 42.892 42.85 42.817 42.982 43.1 43.175 43.222 43.372 43.47 43.52 43.557 43.532 43.52 43.547 43.585 43.62 43.625 43.607 43.647 43.647 43.622 43.57 43.542 43.552 43.482 43.42 43.34 43.242 43.177 43.072 42.987 42.927 42.83 42.76 42.632 42.515 42.485 42.482 42.427 42.325 42.015 41.182 40.452 40.837 41.54 41.78 41.815 42.027 42.245 42.297 42.245 42.317 42.412 42.485 42.46 42.435 42.42 42.395 42.22
42.625 42.632 42.58 42.54 42.59 42.6 42.612 42.615 42.72 42.755 42.672 42.69 42.84 42.942 42.855 42.822 43.04 43.152 43.202 43.26 43.387 43.455 43.487 43.53 43.522 43.537 43.545 43.607 43.605 43.585 43.61 43.64 43.67 43.635 43.555 43.52 43.505 43.452 43.382 43.322 43.237 43.16 43.06 43 42.922 42.845 42.742 42.635 42.522 42.49 42.467 42.417 42.257 41.785 40.725 40.7 41.305 41.732 41.745 41.91 42.172 42.432 42.347 42.315 42.332 42.39 42.49 42.47 42.477 42.432 42.435 42.39
42.597 42.582 42.535 42.52 42.58 42.635 42.63 42.66 42.725 42.74 42.667 42.735 42.905 42.927 42.832 42.867 43.035 43.125 43.107 43.227 43.39 43.46 43.487 43.522 43.522 43.532 43.555 43.587 43.612 43.592 43.62 43.657 43.672 43.635 43.58 43.537 43.5 43.442 43.342 43.287 43.24 43.152 43.05 43 42.902 42.817 42.722 42.61 42.53 42.507 42.477 42.432 42.082 41.32 40.615 41.467 41.787 41.747 41.772 41.982 42.352 42.507 42.387 42.357 42.352 42.297 42.405 42.462 42.435 42.432 42.46 42.447
42.627 42.557 42.507 42.5 42.612 42.672 42.635 42.685 42.772 42.75 42.662 42.767 42.905 42.902 42.83 42.917 43.092 43.147 43.16 43.26 43.387 43.46 43.5 43.515 43.52 43.512 43.567 43.64 43.62 43.605 43.64 43.64 43.662 43.625 43.56 43.53 43.51 43.417 43.345 43.275 43.235 43.165 43.055 42.977 42.907 42.812 42.68 42.592 42.562 42.525 42.485 42.355 41.89 40.872 40.79 41.84 41.82 41.675 41.775 42.04 42.442 42.51 42.445 42.35 42.305 42.302 42.287 42.417 42.455 42.467 42.472 42.482
42.602 42.575 42.517 42.572 42.685 42.67 42.647 42.7 42.8 42.742 42.677 42.822 42.912 42.887 42.87 43.017 43.145 43.187 43.195 43.307 43.407 43.467 43.505 43.485 43.477 43.505 43.552 43.625 43.607 43.585 43.602 43.64 43.645 43.615 43.53 43.497 43.502 43.437 43.345 43.292 43.225 43.145 43.06 42.967 42.932 42.802 42.692 42.627 42.597 42.547 42.482 42.235 41.68 40.55 41.222 41.87 41.727 41.722 41.857 42.105 42.477 42.48 42.452 42.357 42.285 42.305 42.272 42.35 42.465 42.492 42.517 42.51
42.585 42.535 42.525 42.615 42.692 42.647 42.662 42.742 42.822 42.725 42.73 42.837 42.985 42.917 42.885 43.042 43.175 43.18 43.205 43.325 43.437 43.447 43.455 43.495 43.492 43.487 43.56 43.585 43.597 43.577 43.59 43.622 43.622 43.562 43.537 43.512 43.492 43.407 43.337 43.267 43.217 43.132 43.055 42.995 42.895 42.807 42.662 42.62 42.6 42.562 42.455 42.167 41.242 40.605 41.737 41.837 41.7 41.707 41.835 42.282 42.535 42.547 42.522 42.415 42.307 42.237 42.292 42.287 42.392 42.48 42.51 42.51
42.595 42.55 42.57 42.662 42.712 42.67 42.662 42.77 42.79 42.702 42.742 42.907 42.992 42.9 42.92 43.097 43.157 43.195 43.217 43.34 43.417 43.43 43.412 43.44 43.43 43.447 43.532 43.562 43.55 43.542 43.562 43.58 43.565 43.527 43.492 43.502 43.467 43.4 43.322 43.242 43.202 43.1 43.03 42.98 42.907 42.802 42.655 42.61 42.605 42.527 42.392 42.007 40.912 40.687 41.642 41.785 41.705 41.685 41.827 42.337 42.627 42.605 42.557 42.442 42.34 42.212 42.23 42.33 42.292 42.387 42.487 42.53
42.585 42.532 42.577 42.66 42.747 42.657 42.687 42.767 42.775 42.7 42.772 42.957 42.942 42.87 42.957 43.12 43.172 43.187 43.247 43.35 43.392 43.385 43.4 43.397 43.387 43.43 43.497 43.492 43.495 43.495 43.535 43.52 43.537 43.492 43.467 43.455 43.402 43.362 43.312 43.242 43.157 43.062 42.972 42.962 42.897 42.767 42.662 42.64 42.645 42.582 42.335 41.582 40.427 41.185 41.807 41.737 41.73 41.75 41.88 42.415 42.567 42.527 42.45 42.422 42.332 42.225 42.217 42.32 42.35 42.277 42.392 42.512
42.57 42.537 42.597 42.712 42.697 42.655 42.695 42.775 42.757 42.7 42.85 42.975 42.927 42.912 43.025 43.15 43.16 43.17 43.21 43.285 43.325 43.345 43.385 43.365 43.355 43.387 43.44 43.44 43.432 43.435 43.487 43.5 43.477 43.422 43.435 43.425 43.392 43.31 43.255 43.187 43.122 43.042 42.99 42.95 42.84 42.742 42.702 42.66 42.677 42.61 42.18 41.027 40.542 41.615 41.862 41.732 41.772 41.817 41.997 42.452 42.52 42.462 42.33 42.397 42.367 42.29 42.23 42.252 42.327 42.322 42.282 42.38
42.535 42.535 42.64 42.72 42.727 42.652 42.725 42.79 42.75 42.747 42.9 43.025 42.955 42.942 43.062 43.155 43.147 43.142 43.217 43.245 43.277 43.332 43.312 43.317 43.315 43.372 43.402 43.42 43.437 43.422 43.465 43.457 43.46 43.425 43.397 43.407 43.345 43.267 43.217 43.177 43.097 43.022 42.955 42.892 42.825 42.732 42.707 42.692 42.662 42.507 42.012 40.78 40.78 41.617 41.835 41.712 41.842 41.962 42.147 42.462 42.457 42.467 42.375 42.352 42.355 42.347 42.295 42.267 42.33 42.38 42.33 42.287
42.517 42.555 42.652 42.735 42.695 42.67 42.777 42.79 42.74 42.76 42.96 43.012 42.897 42.897 43.085 43.155 43.135 43.155 43.207 43.265 43.272 43.295 43.282 43.272 43.277 43.337 43.362 43.365 43.392 43.41 43.422 43.435 43.422 43.382 43.377 43.395 43.347 43.252 43.18 43.152 43.082 43.027 42.945 42.912 42.792 42.73 42.73 42.745 42.617 42.405 41.687 40.457 41.392 41.905 41.83 41.74 41.785 41.875 42.217 42.515 42.45 42.46 42.432 42.392 42.387 42.387 42.38 42.337 42.295 42.375 42.482 42.407
42.51 42.567 42.665 42.715 42.657 42.685 42.78 42.8 42.747 42.787 42.97 42.98 42.892 42.955 43.087 43.15 43.142 43.167 43.21 43.237 43.267 43.242 43.24 43.24 43.265 43.312 43.337 43.342 43.327 43.357 43.357 43.38 43.367 43.317 43.365 43.36 43.282 43.215 43.18 43.127 43.07 43.005 42.972 42.902 42.775 42.747 42.77 42.75 42.542 42.212 41.275 40.497 41.577 41.91 41.742 41.755 41.717 41.847 42.247 42.53 42.45 42.415 42.42 42.412 42.4 42.422 42.432 42.392 42.332 42.45 42.697 42.642
42.502 42.575 42.7 42.73 42.677 42.72 42.792 42.802 42.78 42.855 42.977 42.96 42.882 42.997 43.112 43.115 43.137 43.145 43.192 43.207 43.23 43.242 43.22 43.225 43.232 43.27 43.32 43.297 43.295 43.307 43.337 43.357 43.327 43.297 43.327 43.305 43.252 43.185 43.167 43.137 43.06 43.01 42.945 42.857 42.795 42.777 42.792 42.765 42.497 41.89 40.712 40.775 41.795 41.857 41.75 41.762 41.74 41.78 42.22 42.547 42.51 42.415 42.43 42.432 42.427 42.43 42.452 42.445 42.362 42.455 42.835 42.872
42.512 42.57 42.672 42.68 42.665 42.717 42.84 42.802 42.762 42.867 43.002 42.947 42.897 43.007 43.115 43.105 43.1 43.087 43.18 43.187 43.177 43.185 43.202 43.175 43.192 43.252 43.275 43.237 43.24 43.295 43.325 43.315 43.277 43.255 43.28 43.265 43.217 43.2 43.137 43.135 43.052 43.007 42.972 42.86 42.837 42.817 42.82 42.757 42.495 41.595 40.422 41.125 41.94 41.79 41.72 41.692 41.807 41.885 42.257 42.54 42.527 42.457 42.422 42.465 42.447 42.445 42.48 42.472 42.432 42.447 42.77 43.01
42.502 42.565 42.665 42.68 42.662 42.747 42.842 42.777 42.777 42.9 43 42.917 42.872 43.017 43.11 43.097 43.07 43.085 43.14 43.155 43.137 43.112 43.105 43.112 43.142 43.212 43.215 43.182 43.21 43.242 43.257 43.24 43.202 43.225 43.23 43.202 43.177 43.165 43.147 43.102 43.015 43.027 42.95 42.882 42.84 42.845 42.865 42.712 42.305 41.175 40.59 41.517 41.985 41.76 41.725 41.797 41.932 42.052 42.307 42.545 42.54 42.48 42.427 42.46 42.467 42.475 42.495 42.492 42.482 42.43 42.642 42.907
42.522 42.565 42.667 42.665 42.687 42.795 42.842 42.732 42.785 42.947 42.972 42.882 42.9 43.017 43.092 43.09 43.042 43.08 43.12 43.11 43.075 43.072 43.075 43.08 43.122 43.16 43.162 43.142 43.16 43.17 43.195 43.195 43.16 43.165 43.18 43.137 43.12 43.14 43.13 43.082 42.992 42.97 42.935 42.885 42.865 42.855 42.797 42.515 41.875 40.76 40.805 41.7 41.93 41.745 41.772 41.895 42.105 42.22 42.3 42.505 42.545 42.472 42.447 42.475 42.49 42.497 42.467 42.49 42.522 42.47 42.565 42.862
42.58 42.585 42.647 42.687 42.712 42.822 42.822 42.745 42.827 42.945 42.92 42.867 42.91 43.075 43.1 43.055 43.03 43.065 43.092 43.09 43.06 43.047 43.035 43.035 43.09 43.112 43.115 43.067 43.095 43.13 43.172 43.142 43.112 43.117 43.145 43.122 43.11 43.1 43.065 43.037 42.957 42.947 42.912 42.882 42.85 42.86 42.807 42.357 41.487 40.572 41.232 41.782 41.895 41.797 41.837 41.957 42.245 42.275 42.242 42.38 42.492 42.495 42.452 42.46 42.492 42.492 42.47 42.5 42.525 42.505 42.507 42.815
42.625 42.602 42.665 42.675 42.737 42.835 42.787 42.742 42.837 42.96 42.935 42.847 42.92 43.05 43.075 43.007 42.99 43.025 43.07 43.067 43.045 43.035 43.005 43.012 43.087 43.12 43.067 43.045 43.082 43.105 43.152 43.115 43.082 43.092 43.095 43.047 43.05 43.065 43.095 43.02 42.975 42.952 42.895 42.875 42.837 42.867 42.725 42.147 41.157 40.747 41.475 41.76 41.79 41.8 41.902 42.05 42.295 42.292 42.262 42.335 42.517 42.545 42.502 42.475 42.507 42.532 42.505 42.485 42.532 42.557 42.505 42.73
42.677 42.657 42.675 42.67 42.77 42.837 42.787 42.72 42.862 43.002 42.897 42.827 42.927 43.067 43.072 42.997 42.957 43.037 43.055 43.005 43.012 43.012 42.98 42.97 43.025 43.072 43.025 43.035 43.045 43.062 43.092 43.057 43.057 43.077 43.05 43.005 43.017 43.04 43.032 42.972 42.95 42.947 42.902 42.885 42.875 42.86 42.642 41.937 40.832 41.05 41.64 41.787 41.79 41.8 41.92 42.072 42.33 42.372 42.3 42.352 42.465 42.537 42.537 42.487 42.51 42.542 42.522 42.512 42.535 42.562 42.537 42.68
