LIDAR/se2689_DTM_2M.asc
ncols 500
nrows 500
xllcorner    426000
yllcorner    489000
cellsize     2
NODATA_value -9999
[rows 224 to 255 of 500, columns 288 to 359 of 500]
36.982 36.925 36.882 36.872 36.812 36.745 36.69 36.64 36.595 36.552 36.472 36.485 36.482 36.499 36.524 36.574 36.619 36.664 36.719 36.812 36.842 36.867 36.929 36.959 37.002 36.992 36.964 36.964 36.942 36.932 36.949 36.934 36.909 36.929 36.972 36.922 36.914 36.904 36.917 36.869 36.852 36.837 36.827 36.779 36.747 36.757 36.702 36.702 36.702 36.659 36.632 36.629 36.609 36.572 36.537 36.562 36.534 36.512 36.529 36.512 36.514 36.529 36.509 36.487 36.459 36.444 36.424 36.427 36.407 36.387 36.349 36.309
36.987 37 36.942 36.885 36.862 36.815 36.722 36.655 36.615 36.582 36.562 36.542 36.539 36.549 36.542 36.584 36.629 36.652 36.682 36.777 36.829 36.879 36.937 36.952 36.979 36.984 36.979 36.972 36.959 36.934 36.902 36.917 36.922 36.922 36.944 36.889 36.897 36.897 36.874 36.859 36.844 36.829 36.807 36.764 36.744 36.722 36.714 36.687 36.684 36.639 36.629 36.614 36.612 36.587 36.564 36.552 36.532 36.537 36.524 36.499 36.514 36.494 36.489 36.502 36.489 36.434 36.447 36.442 36.409 36.369 36.332 36.309
37.025 37.015 36.985 36.907 36.882 36.837 36.77 36.687 36.635 36.607 36.575 36.557 36.559 36.547 36.517 36.557 36.624 36.632 36.679 36.759 36.809 36.894 36.899 36.942 36.932 36.954 36.967 36.944 36.932 36.907 36.907 36.939 36.924 36.914 36.934 36.909 36.892 36.894 36.897 36.872 36.867 36.839 36.809 36.764 36.727 36.714 36.719 36.679 36.672 36.654 36.622 36.612 36.622 36.592 36.579 36.582 36.562 36.542 36.529 36.529 36.534 36.497 36.499 36.487 36.457 36.444 36.434 36.437 36.409 36.354 36.302 36.272
37.047 37.01 36.992 36.92 36.865 36.825 36.77 36.725 36.647 36.602 36.585 36.565 36.519 36.497 36.509 36.559 36.604 36.609 36.682 36.744 36.809 36.847 36.882 36.889 36.902 36.919 36.934 36.904 36.899 36.904 36.892 36.889 36.907 36.942 36.899 36.852 36.834 36.882 36.869 36.854 36.832 36.799 36.819 36.779 36.727 36.712 36.704 36.704 36.659 36.664 36.637 36.632 36.617 36.597 36.587 36.597 36.594 36.542 36.524 36.499 36.517 36.514 36.504 36.502 36.484 36.489 36.452 36.432 36.412 36.357 36.337 36.297
36.992 36.97 36.925 36.9 36.812 36.815 36.737 36.71 36.645 36.607 36.542 36.537 36.494 36.462 36.504 36.507 36.542 36.567 36.649 36.732 36.764 36.767 36.827 36.824 36.822 36.869 36.849 36.847 36.844 36.867 36.842 36.824 36.879 36.884 36.857 36.792 36.814 36.832 36.832 36.799 36.752 36.742 36.742 36.702 36.697 36.687 36.674 36.662 36.629 36.634 36.602 36.574 36.594 36.562 36.564 36.604 36.554 36.542 36.547 36.479 36.487 36.529 36.547 36.502 36.472 36.477 36.474 36.452 36.394 36.347 36.334 36.284
36.94 36.95 36.947 36.865 36.822 36.807 36.805 36.702 36.657 36.577 36.54 36.497 36.467 36.464 36.434 36.484 36.557 36.602 36.672 36.704 36.717 36.699 36.757 36.787 36.782 36.782 36.794 36.834 36.799 36.812 36.832 36.827 36.807 36.752 36.769 36.749 36.757 36.767 36.792 36.722 36.719 36.692 36.694 36.677 36.634 36.654 36.619 36.544 36.579 36.572 36.559 36.562 36.562 36.534 36.517 36.517 36.492 36.537 36.517 36.472 36.459 36.459 36.469 36.417 36.422 36.437 36.424 36.417 36.377 36.324 36.274 36.229
36.972 37.067 37.017 36.95 36.932 36.877 36.777 36.68 36.555 36.532 36.602 36.482 36.414 36.442 36.367 36.507 36.597 36.614 36.654 36.707 36.759 36.749 36.799 36.717 36.727 36.819 36.812 36.864 36.837 36.854 36.869 36.827 36.809 36.824 36.852 36.827 36.804 36.792 36.792 36.717 36.704 36.687 36.674 36.674 36.634 36.649 36.599 36.607 36.579 36.569 36.542 36.499 36.524 36.529 36.479 36.407 36.447 36.557 36.544 36.557 36.519 36.547 36.522 36.507 36.467 36.432 36.462 36.427 36.357 36.312 36.269 36.189
37.095 37.082 37.075 37.03 37 36.897 36.855 36.78 36.642 36.61 36.647 36.58 36.604 36.517 36.452 36.509 36.547 36.544 36.629 36.702 36.734 36.834 36.837 36.689 36.739 36.779 36.839 36.887 36.884 36.879 36.899 36.834 36.819 36.859 36.857 36.789 36.789 36.812 36.779 36.739 36.747 36.742 36.727 36.757 36.729 36.654 36.624 36.642 36.639 36.637 36.637 36.627 36.634 36.644 36.589 36.579 36.614 36.644 36.682 36.667 36.594 36.622 36.634 36.582 36.562 36.564 36.539 36.464 36.419 36.374 36.369 36.264
37.177 37.197 37.125 37.072 37.037 36.96 36.93 36.875 36.84 36.75 36.782 36.78 36.764 36.767 36.644 36.614 36.634 36.732 36.757 36.819 36.879 36.922 36.829 36.877 36.854 36.804 36.862 36.944 36.974 36.949 37.009 36.962 36.894 36.944 36.857 36.819 36.829 36.834 36.832 36.734 36.729 36.774 36.797 36.797 36.769 36.742 36.739 36.689 36.722 36.749 36.767 36.694 36.687 36.749 36.752 36.729 36.704 36.744 36.737 36.757 36.704 36.637 36.649 36.629 36.599 36.569 36.557 36.507 36.454 36.429 36.379 36.259
37.24 37.315 37.245 37.19 37.152 37.087 37.045 36.907 36.89 36.805 36.792 36.782 36.757 36.767 36.652 36.614 36.679 36.779 36.802 36.907 36.992 37.032 36.964 36.917 36.829 36.822 36.934 37.027 37.062 37.014 37.097 37.134 37.067 37.082 36.977 36.927 36.882 36.887 36.942 36.887 36.769 36.824 36.929 36.864 36.757 36.807 36.852 36.867 36.879 36.882 36.832 36.809 36.789 36.832 36.849 36.844 36.817 36.834 36.777 36.799 36.782 36.697 36.757 36.769 36.754 36.774 36.699 36.637 36.597 36.562 36.469 36.292
37.195 37.212 37.17 37.12 37.075 37.015 36.937 36.822 36.75 36.702 36.655 36.627 36.654 36.639 36.584 36.569 36.637 36.707 36.757 36.872 36.959 36.979 36.909 36.884 36.827 36.792 36.954 37.057 37.059 37.007 37.094 37.057 37.002 36.957 36.914 36.899 36.809 36.779 36.802 36.812 36.757 36.754 36.779 36.742 36.739 36.712 36.732 36.759 36.737 36.749 36.767 36.784 36.744 36.819 36.782 36.737 36.727 36.729 36.817 36.804 36.767 36.757 36.762 36.762 36.744 36.692 36.667 36.654 36.562 36.524 36.407 36.304
37.15 37.125 37.102 37.085 37.08 37.045 36.932 36.842 36.8 36.757 36.697 36.655 36.639 36.619 36.509 36.529 36.619 36.664 36.764 36.884 36.929 36.802 36.782 36.814 36.834 36.827 36.942 36.997 37.004 36.947 36.989 36.972 36.944 36.862 36.844 36.824 36.799 36.757 36.732 36.742 36.754 36.717 36.737 36.719 36.697 36.677 36.712 36.714 36.717 36.727 36.747 36.734 36.737 36.747 36.717 36.724 36.714 36.729 36.744 36.784 36.779 36.767 36.717 36.727 36.649 36.627 36.597 36.599 36.567 36.522 36.399 36.277
37.137 37.145 37.127 37.12 37.075 37.045 36.955 36.885 36.862 36.815 36.757 36.697 36.649 36.592 36.519 36.534 36.647 36.677 36.752 36.867 36.892 36.782 36.744 36.737 36.764 36.822 36.922 36.972 36.962 36.929 36.929 36.944 36.939 36.904 36.852 36.832 36.799 36.797 36.784 36.762 36.762 36.742 36.747 36.749 36.749 36.754 36.744 36.747 36.754 36.772 36.774 36.744 36.794 36.794 36.789 36.769 36.767 36.782 36.779 36.799 36.794 36.784 36.752 36.727 36.687 36.674 36.674 36.662 36.637 36.542 36.387 36.289
37.13 37.127 37.1 37.102 37.07 37.015 36.95 36.892 36.855 36.767 36.727 36.69 36.617 36.569 36.484 36.509 36.602 36.697 36.777 36.862 36.894 36.824 36.822 36.759 36.807 36.877 36.894 36.904 36.882 36.887 36.897 36.882 36.867 36.874 36.834 36.829 36.822 36.794 36.772 36.757 36.772 36.774 36.762 36.759 36.764 36.747 36.742 36.732 36.754 36.789 36.822 36.817 36.817 36.827 36.792 36.822 36.814 36.804 36.779 36.814 36.812 36.812 36.782 36.762 36.744 36.714 36.697 36.687 36.642 36.509 36.362 36.262
37.095 37.087 37.085 37.057 37.022 36.98 36.927 36.887 36.835 36.777 36.732 36.685 36.632 36.562 36.467 36.512 36.619 36.754 36.887 36.897 36.909 36.917 36.897 36.784 36.732 36.842 36.887 36.879 36.869 36.867 36.869 36.857 36.829 36.842 36.834 36.792 36.779 36.769 36.774 36.754 36.794 36.794 36.772 36.757 36.777 36.787 36.797 36.792 36.794 36.804 36.799 36.817 36.829 36.827 36.789 36.807 36.802 36.802 36.797 36.827 36.794 36.792 36.764 36.759 36.737 36.704 36.704 36.697 36.634 36.479 36.339 36.227
37.1 37.082 37.08 37.042 37.032 37.002 36.962 36.937 36.87 36.817 36.782 36.702 36.654 36.587 36.527 36.554 36.652 36.814 36.874 36.934 36.937 36.939 36.934 36.842 36.759 36.839 36.849 36.867 36.859 36.862 36.872 36.837 36.844 36.842 36.802 36.762 36.742 36.762 36.789 36.789 36.814 36.807 36.819 36.809 36.794 36.802 36.807 36.842 36.824 36.812 36.799 36.817 36.812 36.777 36.802 36.804 36.809 36.817 36.804 36.814 36.774 36.769 36.749 36.754 36.739 36.717 36.709 36.684 36.572 36.424 36.307 36.204
37.1 37.08 37.087 37.082 37.052 36.99 36.97 36.93 36.87 36.852 36.782 36.737 36.649 36.584 36.527 36.619 36.692 36.807 36.854 36.912 36.907 36.894 36.882 36.882 36.857 36.862 36.832 36.837 36.847 36.837 36.822 36.784 36.789 36.797 36.802 36.787 36.799 36.802 36.832 36.807 36.804 36.807 36.782 36.787 36.764 36.777 36.797 36.824 36.824 36.804 36.819 36.842 36.847 36.847 36.832 36.849 36.844 36.824 36.824 36.814 36.794 36.797 36.777 36.762 36.752 36.724 36.684 36.639 36.547 36.412 36.279 36.177
37.107 37.092 37.072 37.05 37.01 36.987 36.962 36.91 36.865 36.812 36.742 36.715 36.624 36.537 36.512 36.632 36.722 36.844 36.919 36.932 36.914 36.882 36.897 36.879 36.877 36.874 36.867 36.847 36.857 36.837 36.814 36.794 36.769 36.814 36.809 36.807 36.837 36.817 36.797 36.799 36.799 36.797 36.782 36.784 36.769 36.762 36.784 36.792 36.784 36.804 36.827 36.837 36.839 36.842 36.867 36.847 36.824 36.824 36.802 36.769 36.759 36.757 36.754 36.724 36.734 36.717 36.699 36.634 36.484 36.377 36.244 36.192
37.067 37.06 37.052 37.027 36.977 36.965 36.93 36.87 36.837 36.8 36.775 36.735 36.617 36.509 36.539 36.667 36.812 36.912 36.932 36.944 36.954 36.937 36.919 36.874 36.892 36.897 36.902 36.867 36.857 36.834 36.799 36.757 36.807 36.844 36.852 36.817 36.812 36.799 36.774 36.772 36.749 36.757 36.752 36.744 36.754 36.777 36.799 36.812 36.799 36.807 36.819 36.814 36.804 36.847 36.822 36.804 36.772 36.754 36.739 36.724 36.707 36.719 36.712 36.664 36.654 36.637 36.634 36.567 36.444 36.327 36.244 36.174
37.065 37.045 37.022 37.01 36.972 36.962 36.915 36.832 36.8 36.79 36.77 36.702 36.557 36.472 36.544 36.702 36.834 36.909 36.937 36.947 36.937 36.929 36.914 36.874 36.874 36.882 36.867 36.852 36.847 36.852 36.794 36.817 36.832 36.854 36.824 36.807 36.762 36.749 36.769 36.762 36.767 36.764 36.774 36.774 36.757 36.739 36.757 36.764 36.804 36.799 36.814 36.807 36.789 36.814 36.757 36.732 36.722 36.722 36.699 36.694 36.674 36.627 36.609 36.584 36.574 36.604 36.557 36.477 36.387 36.242 36.172 36.064
37.075 37.032 37.022 36.992 36.975 36.932 36.887 36.817 36.77 36.775 36.74 36.652 36.542 36.444 36.549 36.717 36.827 36.882 36.912 36.927 36.884 36.892 36.887 36.824 36.824 36.832 36.812 36.842 36.834 36.819 36.822 36.829 36.822 36.784 36.754 36.779 36.752 36.762 36.757 36.767 36.772 36.767 36.762 36.762 36.742 36.739 36.742 36.744 36.754 36.719 36.732 36.772 36.764 36.737 36.719 36.697 36.704 36.664 36.637 36.617 36.594 36.579 36.557 36.547 36.537 36.537 36.469 36.389 36.259 36.157 36.099 36.064
37.06 37.015 36.98 36.925 36.942 36.915 36.855 36.817 36.74 36.752 36.687 36.592 36.472 36.424 36.572 36.712 36.812 36.852 36.872 36.877 36.884 36.879 36.857 36.834 36.797 36.824 36.814 36.794 36.807 36.829 36.824 36.837 36.827 36.814 36.779 36.774 36.747 36.762 36.754 36.767 36.777 36.787 36.784 36.747 36.714 36.712 36.672 36.687 36.682 36.694 36.709 36.734 36.682 36.669 36.652 36.624 36.594 36.604 36.579 36.562 36.499 36.489 36.487 36.464 36.434 36.404 36.369 36.272 36.162 36.107 36.109 36.074
37.045 36.982 36.965 36.925 36.897 36.842 36.775 36.76 36.717 36.69 36.622 36.522 36.409 36.452 36.562 36.704 36.797 36.827 36.857 36.874 36.859 36.894 36.884 36.872 36.857 36.837 36.834 36.794 36.812 36.827 36.829 36.799 36.774 36.774 36.774 36.782 36.762 36.734 36.757 36.764 36.764 36.752 36.749 36.699 36.669 36.664 36.654 36.662 36.672 36.654 36.617 36.624 36.614 36.592 36.577 36.542 36.512 36.524 36.517 36.469 36.409 36.412 36.409 36.392 36.357 36.347 36.292 36.194 36.094 36.052 36.044 35.957
36.997 36.945 36.895 36.87 36.837 36.8 36.77 36.725 36.715 36.695 36.605 36.505 36.412 36.484 36.554 36.632 36.717 36.794 36.824 36.874 36.884 36.894 36.882 36.862 36.837 36.792 36.762 36.779 36.782 36.782 36.797 36.782 36.764 36.762 36.744 36.779 36.737 36.717 36.709 36.687 36.702 36.714 36.739 36.689 36.684 36.639 36.604 36.592 36.587 36.544 36.524 36.537 36.512 36.512 36.509 36.469 36.419 36.409 36.387 36.392 36.349 36.339 36.349 36.324 36.287 36.264 36.202 36.064 36.029 36.012 35.937 35.894
36.95 36.925 36.907 36.857 36.825 36.805 36.747 36.73 36.675 36.647 36.602 36.44 36.412 36.507 36.619 36.687 36.744 36.799 36.822 36.869 36.907 36.929 36.897 36.842 36.832 36.764 36.719 36.739 36.739 36.764 36.819 36.787 36.754 36.744 36.727 36.699 36.704 36.712 36.737 36.729 36.712 36.709 36.702 36.669 36.632 36.569 36.547 36.534 36.519 36.484 36.444 36.449 36.414 36.399 36.397 36.362 36.359 36.347 36.369 36.327 36.307 36.274 36.269 36.207 36.187 36.129 36.059 35.972 35.937 35.904 35.884 35.879
36.915 36.882 36.857 36.83 36.792 36.752 36.702 36.687 36.67 36.632 36.54 36.46 36.512 36.579 36.624 36.692 36.752 36.807 36.819 36.847 36.887 36.884 36.869 36.812 36.762 36.772 36.734 36.742 36.744 36.764 36.764 36.754 36.719 36.732 36.742 36.724 36.712 36.692 36.712 36.679 36.679 36.662 36.622 36.612 36.562 36.534 36.517 36.464 36.442 36.407 36.384 36.342 36.344 36.342 36.362 36.367 36.332 36.299 36.309 36.249 36.234 36.184 36.177 36.119 36.084 36.012 35.967 35.899 35.874 35.864 35.869 35.827
36.902 36.812 36.8 36.775 36.755 36.71 36.685 36.672 36.627 36.562 36.445 36.46 36.537 36.617 36.664 36.719 36.762 36.779 36.792 36.822 36.842 36.857 36.812 36.792 36.764 36.759 36.737 36.732 36.719 36.749 36.742 36.752 36.732 36.727 36.712 36.684 36.672 36.669 36.672 36.632 36.644 36.619 36.577 36.539 36.502 36.482 36.422 36.352 36.352 36.327 36.324 36.319 36.317 36.332 36.297 36.284 36.257 36.234 36.217 36.182 36.162 36.094 36.072 35.992 35.932 35.879 35.847 35.862 35.869 35.827 35.764 35.717
36.867 36.805 36.785 36.785 36.745 36.682 36.655 36.635 36.582 36.502 36.412 36.47 36.579 36.599 36.664 36.704 36.737 36.749 36.812 36.852 36.889 36.894 36.797 36.779 36.759 36.722 36.719 36.737 36.727 36.727 36.717 36.709 36.707 36.692 36.692 36.664 36.662 36.674 36.647 36.619 36.592 36.552 36.494 36.434 36.417 36.372 36.344 36.329 36.319 36.309 36.307 36.304 36.282 36.279 36.237 36.214 36.194 36.184 36.162 36.112 36.067 35.977 35.899 35.862 35.849 35.849 35.819 35.782 35.754 35.694 35.672 35.667
36.832 36.785 36.752 36.737 36.705 36.647 36.642 36.61 36.56 36.452 36.407 36.52 36.604 36.634 36.677 36.719 36.779 36.809 36.814 36.862 36.847 36.814 36.762 36.759 36.744 36.747 36.714 36.719 36.709 36.717 36.689 36.679 36.672 36.667 36.634 36.639 36.649 36.657 36.584 36.577 36.542 36.472 36.419 36.399 36.372 36.364 36.324 36.284 36.282 36.284 36.257 36.287 36.274 36.232 36.222 36.214 36.167 36.157 36.127 36.069 35.952 35.919 35.844 35.842 35.817 35.767 35.749 35.749 35.699 35.682 35.677 35.654
36.805 36.77 36.727 36.72 36.685 36.63 36.63 36.607 36.535 36.39 36.44 36.58 36.652 36.694 36.729 36.764 36.799 36.799 36.834 36.857 36.874 36.814 36.749 36.737 36.717 36.717 36.659 36.662 36.667 36.689 36.682 36.677 36.667 36.649 36.634 36.612 36.607 36.564 36.517 36.504 36.484 36.444 36.432 36.379 36.354 36.304 36.279 36.244 36.267 36.274 36.279 36.287 36.244 36.214 36.159 36.142 36.109 36.079 36.077 36.027 35.909 35.854 35.784 35.792 35.759 35.744 35.744 35.722 35.699 35.664 35.657 35.604
36.78 36.735 36.682 36.662 36.625 36.592 36.582 36.517 36.462 36.415 36.53 36.645 36.684 36.692 36.734 36.759 36.807 36.844 36.869 36.904 36.854 36.772 36.707 36.702 36.677 36.657 36.672 36.674 36.659 36.692 36.649 36.639 36.642 36.597 36.574 36.549 36.499 36.509 36.489 36.467 36.457 36.422 36.372 36.312 36.272 36.279 36.272 36.302 36.294 36.307 36.257 36.247 36.182 36.152 36.114 36.087 36.072 36.049 36.019 35.952 35.882 35.829 35.794 35.774 35.762 35.752 35.719 35.642 35.634 35.612 35.564 35.504
36.777 36.71 36.662 36.61 36.58 36.582 36.59 36.567 36.432 36.427 36.552 36.65 36.699 36.779 36.804 36.817 36.854 36.862 36.882 36.842 36.782 36.749 36.687 36.677 36.642 36.634 36.657 36.674 36.664 36.667 36.647 36.589 36.587 36.532 36.489 36.477 36.459 36.477 36.449 36.422 36.394 36.334 36.304 36.267 36.272 36.267 36.299 36.299 36.272 36.237 36.187 36.172 36.124 36.119 36.072 36.047 36.044 36.022 35.964 35.922 35.899 35.852 35.787 35.782 35.732 35.687 35.637 35.582 35.572 35.519 35.434 35.412
