LIDAR/se2689_DTM_2M.asc
ncols 500
nrows 500
xllcorner    426000
yllcorner    489000
cellsize     2
NODATA_value -9999
[rows 256 to 287 of 500, columns 288 to 359 of 500]
36.79 36.685 36.635 36.592 36.592 36.585 36.56 36.507 36.425 36.515 36.667 36.74 36.774 36.837 36.839 36.842 36.844 36.852 36.834 36.832 36.814 36.792 36.704 36.637 36.624 36.612 36.629 36.629 36.617 36.574 36.559 36.532 36.522 36.509 36.462 36.444 36.434 36.429 36.384 36.329 36.284 36.284 36.249 36.254 36.254 36.269 36.277 36.264 36.247 36.204 36.147 36.099 36.074 36.024 35.994 35.974 35.962 35.949 35.939 35.904 35.872 35.834 35.769 35.754 35.687 35.649 35.607 35.557 35.509 35.427 35.377 35.369
36.755 36.677 36.635 36.585 36.545 36.557 36.557 36.437 36.45 36.63 36.727 36.79 36.787 36.819 36.829 36.827 36.832 36.874 36.884 36.849 36.822 36.777 36.689 36.609 36.597 36.549 36.567 36.552 36.549 36.509 36.519 36.474 36.462 36.447 36.434 36.409 36.384 36.359 36.342 36.282 36.227 36.237 36.232 36.242 36.247 36.257 36.279 36.204 36.182 36.127 36.104 36.062 36.039 35.989 35.992 35.964 35.939 35.939 35.909 35.894 35.857 35.792 35.732 35.714 35.647 35.604 35.519 35.459 35.434 35.387 35.392 35.357
36.722 36.685 36.602 36.565 36.552 36.56 36.562 36.41 36.502 36.69 36.73 36.785 36.784 36.807 36.824 36.824 36.839 36.934 36.957 36.867 36.812 36.744 36.694 36.579 36.529 36.479 36.457 36.477 36.487 36.492 36.499 36.447 36.424 36.379 36.354 36.362 36.324 36.312 36.257 36.219 36.212 36.214 36.242 36.267 36.244 36.232 36.202 36.142 36.094 36.054 35.984 35.969 35.982 35.967 35.957 35.929 35.912 35.912 35.892 35.837 35.817 35.754 35.689 35.652 35.644 35.617 35.559 35.504 35.469 35.444 35.392 35.364
36.632 36.637 36.595 36.547 36.547 36.542 36.48 36.39 36.55 36.665 36.722 36.76 36.792 36.804 36.852 36.824 36.859 36.909 36.919 36.864 36.794 36.704 36.667 36.579 36.517 36.462 36.454 36.452 36.417 36.437 36.434 36.382 36.357 36.342 36.367 36.329 36.269 36.227 36.187 36.184 36.234 36.229 36.207 36.192 36.162 36.112 36.087 36.062 36.017 35.977 35.912 35.909 35.912 35.912 35.909 35.862 35.857 35.839 35.799 35.799 35.729 35.677 35.664 35.634 35.619 35.647 35.609 35.539 35.517 35.484 35.412 35.362
36.612 36.615 36.562 36.51 36.485 36.487 36.417 36.345 36.522 36.677 36.717 36.755 36.787 36.812 36.862 36.879 36.899 36.924 36.869 36.782 36.742 36.687 36.642 36.574 36.494 36.469 36.439 36.397 36.367 36.352 36.332 36.354 36.339 36.309 36.269 36.232 36.209 36.214 36.214 36.222 36.222 36.204 36.167 36.144 36.109 36.049 36.007 35.969 35.934 35.904 35.849 35.844 35.829 35.834 35.819 35.794 35.804 35.764 35.744 35.722 35.677 35.664 35.682 35.667 35.714 35.674 35.677 35.599 35.469 35.409 35.309 35.224
36.575 36.547 36.532 36.492 36.475 36.467 36.387 36.317 36.485 36.625 36.697 36.747 36.772 36.809 36.849 36.874 36.862 36.849 36.794 36.762 36.742 36.692 36.654 36.582 36.459 36.399 36.369 36.322 36.297 36.294 36.302 36.312 36.277 36.247 36.224 36.184 36.229 36.229 36.184 36.189 36.197 36.169 36.099 36.059 36.052 35.969 35.934 35.862 35.834 35.799 35.744 35.729 35.737 35.744 35.762 35.752 35.754 35.739 35.737 35.699 35.699 35.694 35.652 35.632 35.649 35.662 35.652 35.559 35.389 35.319 35.239 35.209
36.54 36.54 36.52 36.517 36.465 36.46 36.345 36.352 36.52 36.61 36.672 36.75 36.769 36.804 36.799 36.839 36.854 36.842 36.799 36.744 36.727 36.692 36.652 36.567 36.434 36.379 36.319 36.274 36.269 36.262 36.234 36.214 36.217 36.224 36.212 36.229 36.207 36.227 36.202 36.149 36.144 36.094 36.004 35.964 35.919 35.864 35.819 35.754 35.729 35.697 35.669 35.677 35.687 35.699 35.734 35.767 35.732 35.742 35.737 35.724 35.657 35.644 35.584 35.494 35.464 35.507 35.579 35.464 35.364 35.302 35.249 35.197
36.505 36.52 36.492 36.487 36.45 36.44 36.312 36.347 36.502 36.567 36.622 36.672 36.704 36.792 36.779 36.819 36.829 36.802 36.742 36.709 36.674 36.617 36.554 36.479 36.409 36.337 36.262 36.247 36.224 36.207 36.212 36.219 36.212 36.194 36.192 36.222 36.222 36.204 36.142 36.097 36.062 35.977 35.924 35.857 35.792 35.734 35.687 35.652 35.642 35.619 35.619 35.649 35.697 35.727 35.749 35.777 35.729 35.689 35.659 35.609 35.517 35.489 35.464 35.412 35.409 35.379 35.392 35.362 35.289 35.257 35.232 35.214
36.42 36.48 36.495 36.435 36.477 36.447 36.297 36.315 36.447 36.51 36.582 36.642 36.724 36.764 36.809 36.812 36.814 36.769 36.692 36.667 36.632 36.612 36.542 36.482 36.389 36.357 36.282 36.234 36.177 36.169 36.159 36.184 36.217 36.212 36.197 36.224 36.182 36.117 36.072 35.989 35.932 35.879 35.779 35.699 35.704 35.644 35.599 35.604 35.559 35.567 35.594 35.577 35.647 35.654 35.639 35.622 35.604 35.577 35.544 35.507 35.484 35.467 35.432 35.399 35.384 35.354 35.327 35.302 35.264 35.237 35.227 35.192
36.367 36.495 36.525 36.417 36.455 36.425 36.26 36.32 36.4 36.482 36.575 36.635 36.702 36.717 36.729 36.734 36.727 36.697 36.702 36.657 36.614 36.544 36.497 36.444 36.409 36.332 36.312 36.234 36.177 36.164 36.187 36.212 36.207 36.199 36.192 36.159 36.109 36.029 35.954 35.864 35.814 35.754 35.679 35.624 35.592 35.589 35.549 35.552 35.564 35.587 35.577 35.527 35.517 35.509 35.514 35.547 35.534 35.539 35.534 35.499 35.494 35.437 35.387 35.337 35.329 35.314 35.289 35.267 35.244 35.207 35.192 35.162
36.357 36.407 36.47 36.39 36.377 36.367 36.245 36.265 36.382 36.482 36.497 36.567 36.629 36.654 36.707 36.739 36.699 36.677 36.654 36.607 36.569 36.487 36.434 36.402 36.362 36.309 36.237 36.189 36.177 36.224 36.234 36.222 36.194 36.172 36.132 36.072 35.999 35.917 35.837 35.792 35.737 35.672 35.599 35.547 35.522 35.537 35.532 35.527 35.507 35.467 35.429 35.434 35.502 35.527 35.574 35.554 35.539 35.507 35.497 35.474 35.447 35.384 35.369 35.314 35.309 35.304 35.239 35.224 35.232 35.187 35.154 35.142
36.332 36.35 36.452 36.4 36.29 36.335 36.222 36.215 36.347 36.442 36.472 36.527 36.587 36.614 36.654 36.684 36.654 36.622 36.572 36.539 36.492 36.419 36.384 36.352 36.299 36.267 36.202 36.197 36.182 36.187 36.192 36.144 36.144 36.112 36.029 35.974 35.899 35.854 35.794 35.724 35.639 35.609 35.569 35.532 35.519 35.467 35.439 35.384 35.339 35.379 35.379 35.444 35.477 35.514 35.509 35.497 35.499 35.494 35.472 35.444 35.389 35.329 35.304 35.277 35.242 35.227 35.192 35.184 35.187 35.122 35.109 35.082
36.307 36.272 36.37 36.375 36.22 36.205 36.162 36.185 36.322 36.385 36.45 36.51 36.569 36.574 36.579 36.599 36.587 36.542 36.537 36.484 36.427 36.362 36.322 36.292 36.294 36.187 36.162 36.147 36.194 36.167 36.124 36.059 36.042 36.007 35.932 35.874 35.802 35.754 35.732 35.652 35.579 35.524 35.492 35.394 35.359 35.287 35.302 35.304 35.334 35.359 35.447 35.437 35.419 35.444 35.432 35.449 35.444 35.459 35.414 35.382 35.344 35.302 35.279 35.249 35.227 35.232 35.184 35.147 35.119 35.087 35.077 35.049
36.282 36.2 36.25 36.282 36.22 36.115 36.08 36.157 36.282 36.37 36.437 36.442 36.504 36.497 36.502 36.517 36.517 36.482 36.442 36.427 36.369 36.309 36.297 36.264 36.227 36.147 36.124 36.144 36.132 36.092 36.039 36.004 35.967 35.934 35.879 35.814 35.734 35.622 35.579 35.532 35.449 35.317 35.274 35.247 35.242 35.279 35.297 35.312 35.332 35.357 35.359 35.362 35.392 35.407 35.409 35.409 35.392 35.387 35.352 35.319 35.264 35.239 35.217 35.197 35.167 35.149 35.104 35.082 35.062 35.047 35.027 35.014
36.217 36.162 36.187 36.277 36.215 36.077 36.052 36.15 36.28 36.322 36.372 36.37 36.414 36.432 36.442 36.437 36.429 36.419 36.399 36.357 36.299 36.257 36.254 36.214 36.152 36.082 36.049 36.049 36.042 36.019 35.989 35.929 35.872 35.837 35.794 35.704 35.637 35.492 35.432 35.382 35.272 35.189 35.194 35.232 35.214 35.249 35.279 35.289 35.279 35.304 35.322 35.347 35.364 35.337 35.344 35.347 35.337 35.299 35.272 35.252 35.197 35.172 35.152 35.122 35.102 35.079 35.052 35.007 35.012 35.004 34.999 34.972
36.177 36.112 36.09 36.19 36.182 36.075 36.045 36.145 36.25 36.295 36.31 36.327 36.327 36.364 36.384 36.389 36.362 36.339 36.314 36.297 36.269 36.212 36.167 36.169 36.059 36.024 36.004 35.989 35.954 35.942 35.942 35.864 35.779 35.672 35.599 35.499 35.407 35.402 35.314 35.262 35.192 35.097 35.122 35.179 35.174 35.199 35.219 35.217 35.214 35.252 35.269 35.294 35.297 35.287 35.274 35.244 35.212 35.199 35.182 35.159 35.149 35.127 35.107 35.104 35.049 35.042 34.999 34.984 34.954 34.994 34.987 34.959
36.105 36.057 36.012 36.122 36.132 36.032 36.04 36.115 36.182 36.232 36.265 36.277 36.269 36.314 36.339 36.309 36.297 36.272 36.237 36.207 36.197 36.152 36.102 36.059 36.039 36.017 36.009 35.952 35.859 35.769 35.782 35.654 35.582 35.489 35.444 35.389 35.337 35.314 35.227 35.154 35.067 35.032 35.037 35.082 35.122 35.152 35.172 35.199 35.169 35.189 35.219 35.207 35.202 35.197 35.172 35.124 35.132 35.139 35.119 35.072 35.082 35.089 35.039 35.039 35.027 35.004 34.972 34.979 34.979 34.994 34.979 34.934
36.015 36.005 35.945 36.01 36.035 35.97 36.015 36.05 36.13 36.165 36.192 36.21 36.222 36.277 36.264 36.269 36.242 36.199 36.179 36.147 36.144 36.124 36.072 36.024 35.997 36.012 35.982 35.874 35.727 35.662 35.579 35.507 35.447 35.412 35.377 35.329 35.244 35.169 35.112 35.029 34.959 34.947 34.972 35.012 35.054 35.104 35.117 35.144 35.117 35.159 35.147 35.149 35.117 35.084 35.082 35.074 35.077 35.042 35.039 35.047 35.059 35.032 35.019 35.019 34.999 34.979 34.967 34.957 34.957 34.972 34.952 34.897
35.927 35.882 35.87 35.912 35.937 35.932 35.977 35.957 35.977 36.05 36.127 36.16 36.154 36.197 36.194 36.184 36.172 36.152 36.124 36.109 36.119 36.107 36.049 35.982 35.932 35.909 35.864 35.702 35.627 35.572 35.527 35.497 35.392 35.342 35.327 35.242 35.162 35.057 34.999 34.934 34.867 34.854 34.914 34.957 35.004 35.017 35.014 35.072 35.042 35.059 35.064 35.029 35.032 35.007 34.989 34.977 34.999 34.989 35.007 34.997 35.042 34.992 35.004 34.997 35.002 34.989 34.932 34.959 34.967 34.934 34.904 34.889
35.822 35.835 35.825 35.827 35.862 35.897 35.935 35.89 35.865 35.94 36.057 36.117 36.114 36.132 36.119 36.102 36.099 36.122 36.094 36.084 36.097 36.087 35.999 35.892 35.807 35.767 35.699 35.649 35.607 35.544 35.469 35.399 35.344 35.269 35.174 35.109 35.027 34.967 34.932 34.862 34.829 34.819 34.869 34.914 34.932 34.944 34.929 34.972 34.959 34.974 34.967 34.944 34.954 34.954 34.937 34.922 34.934 34.937 34.979 34.982 35.002 34.992 35.024 35.007 34.992 34.979 34.992 35.012 34.984 34.947 34.899 34.902
35.745 35.755 35.797 35.765 35.752 35.807 35.837 35.817 35.802 35.827 35.952 36.01 36.002 36.047 36.064 36.087 36.072 36.092 36.079 36.037 36.007 35.947 35.887 35.782 35.777 35.724 35.674 35.639 35.589 35.497 35.414 35.309 35.242 35.164 35.089 34.984 34.949 34.894 34.849 34.809 34.792 34.797 34.807 34.847 34.849 34.844 34.849 34.904 34.927 34.924 34.929 34.942 34.932 34.932 34.932 34.914 34.909 34.929 34.952 34.957 34.964 34.979 34.994 34.984 34.989 34.989 35.022 35.022 34.984 34.917 34.934 34.944
35.657 35.69 35.732 35.742 35.687 35.725 35.76 35.782 35.777 35.775 35.842 35.935 35.962 35.999 36.004 36.032 36.029 36.007 36.004 35.944 35.894 35.847 35.862 35.819 35.807 35.739 35.649 35.557 35.484 35.417 35.332 35.242 35.154 35.062 34.972 34.897 34.824 34.819 34.787 34.754 34.752 34.759 34.767 34.809 34.819 34.809 34.847 34.882 34.902 34.877 34.917 34.947 34.952 34.964 34.929 34.917 34.927 34.937 34.929 34.952 34.929 34.944 34.969 34.959 34.967 34.982 34.987 34.977 34.949 34.952 34.957 34.954
35.595 35.567 35.632 35.65 35.635 35.635 35.655 35.69 35.737 35.77 35.775 35.857 35.969 35.919 35.924 35.924 35.897 35.857 35.897 35.879 35.902 35.882 35.862 35.837 35.789 35.697 35.594 35.512 35.412 35.327 35.247 35.152 35.057 34.979 34.872 34.789 34.747 34.712 34.739 34.767 34.737 34.744 34.737 34.754 34.784 34.769 34.857 34.874 34.919 34.889 34.902 34.949 34.952 34.962 34.919 34.954 34.934 34.937 34.947 34.939 34.937 34.939 34.932 34.924 34.934 34.937 34.957 34.967 34.967 35.004 34.984 34.959
35.527 35.535 35.55 35.542 35.547 35.557 35.585 35.65 35.687 35.695 35.707 35.765 35.819 35.807 35.789 35.772 35.802 35.834 35.872 35.897 35.889 35.867 35.824 35.797 35.739 35.644 35.549 35.432 35.332 35.274 35.182 35.077 34.972 34.884 34.797 34.697 34.689 34.702 34.702 34.727 34.742 34.749 34.732 34.759 34.792 34.814 34.842 34.894 34.967 34.937 34.934 34.949 34.979 34.979 34.964 34.954 34.924 34.874 34.894 34.907 34.932 34.909 34.907 34.919 34.912 34.977 35.007 35.027 35.034 35.047 34.982 34.954
35.47 35.472 35.48 35.465 35.46 35.482 35.52 35.597 35.652 35.592 35.637 35.682 35.694 35.677 35.729 35.777 35.822 35.857 35.894 35.919 35.872 35.829 35.784 35.729 35.662 35.539 35.449 35.387 35.312 35.219 35.104 34.994 34.889 34.787 34.719 34.652 34.689 34.697 34.719 34.724 34.722 34.739 34.762 34.779 34.799 34.807 34.862 34.899 34.987 34.929 34.912 34.934 34.949 34.979 34.944 34.909 34.902 34.869 34.874 34.894 34.902 34.894 34.914 34.964 34.989 35.014 35.022 35.052 35.072 35.057 34.984 34.947
35.407 35.43 35.4 35.355 35.4 35.432 35.467 35.49 35.5 35.53 35.585 35.647 35.654 35.672 35.694 35.772 35.814 35.854 35.872 35.857 35.807 35.802 35.759 35.679 35.617 35.534 35.429 35.339 35.264 35.177 35.047 34.929 34.819 34.739 34.682 34.652 34.699 34.717 34.727 34.744 34.742 34.754 34.767 34.799 34.804 34.832 34.874 34.917 34.949 34.914 34.892 34.917 34.947 34.919 34.907 34.907 34.929 34.952 34.959 34.969 34.944 34.949 34.962 34.977 35.012 35.062 35.064 35.082 35.089 35.054 34.994 34.939
35.345 35.375 35.372 35.27 35.295 35.322 35.35 35.367 35.425 35.45 35.512 35.58 35.644 35.682 35.682 35.767 35.814 35.832 35.844 35.837 35.807 35.767 35.717 35.644 35.562 35.494 35.369 35.309 35.224 35.137 35.004 34.869 34.804 34.724 34.664 34.642 34.687 34.669 34.707 34.729 34.739 34.742 34.759 34.812 34.824 34.834 34.882 34.904 34.914 34.912 34.902 34.922 34.924 34.909 34.947 34.957 34.994 35.029 34.999 34.994 35.009 34.999 35.024 35.029 35.067 35.059 35.042 35.062 35.059 35.037 35.024 34.949
35.247 35.205 35.187 35.152 35.175 35.217 35.25 35.34 35.382 35.407 35.462 35.505 35.592 35.627 35.699 35.772 35.817 35.827 35.789 35.787 35.777 35.724 35.689 35.587 35.512 35.419 35.354 35.264 35.167 35.074 34.979 34.854 34.764 34.729 34.689 34.664 34.702 34.694 34.719 34.707 34.724 34.737 34.762 34.799 34.839 34.882 34.882 34.892 34.889 34.889 34.944 34.967 34.994 34.969 35.029 35.047 35.062 35.049 35.027 34.994 34.994 35.039 35.057 35.039 35.059 35.029 35.029 35.042 35.037 35.012 34.972 34.867
35.097 35.05 35.037 35.067 35.13 35.172 35.232 35.325 35.36 35.335 35.41 35.492 35.592 35.624 35.692 35.717 35.777 35.767 35.742 35.739 35.682 35.642 35.589 35.519 35.449 35.357 35.282 35.214 35.127 35.044 34.949 34.824 34.759 34.724 34.697 34.674 34.674 34.692 34.724 34.717 34.747 34.769 34.794 34.822 34.827 34.837 34.859 34.897 34.924 34.989 34.974 34.999 35.057 35.077 35.087 35.129 35.107 35.072 35.069 35.067 35.062 35.049 35.047 35.014 35.007 35.027 35.049 35.037 34.987 34.932 34.869 34.822
35.027 35.012 34.987 35.047 35.105 35.16 35.225 35.252 35.27 35.322 35.425 35.477 35.564 35.642 35.694 35.709 35.727 35.729 35.702 35.649 35.634 35.577 35.514 35.444 35.354 35.324 35.217 35.142 35.094 35.004 34.882 34.774 34.744 34.704 34.704 34.684 34.694 34.707 34.732 34.772 34.762 34.814 34.822 34.799 34.832 34.854 34.909 34.924 34.969 35.034 34.999 35.037 35.094 35.142 35.134 35.169 35.147 35.124 35.114 35.099 35.077 35.039 35.052 35.002 34.999 35.004 34.999 34.939 34.892 34.829 34.819 34.774
34.962 34.902 34.902 34.985 35.057 35.122 35.202 35.247 35.267 35.33 35.43 35.497 35.539 35.577 35.632 35.672 35.674 35.644 35.604 35.597 35.539 35.484 35.454 35.367 35.302 35.214 35.179 35.132 35.057 34.962 34.862 34.784 34.729 34.732 34.719 34.722 34.704 34.732 34.759 34.747 34.754 34.847 34.849 34.877 34.902 34.949 34.964 34.974 34.989 35.037 35.047 35.072 35.109 35.162 35.167 35.169 35.152 35.124 35.082 35.072 35.062 35.057 35.057 35.047 34.949 34.939 34.919 34.867 34.797 34.759 34.722 34.654
34.867 34.802 34.827 34.93 35.037 35.135 35.177 35.232 35.287 35.325 35.36 35.437 35.504 35.499 35.559 35.582 35.609 35.577 35.564 35.569 35.507 35.449 35.369 35.299 35.259 35.214 35.154 35.097 35.017 34.954 34.847 34.807 34.764 34.767 34.744 34.742 34.764 34.784 34.789 34.759 34.834 34.872 34.914 34.954 34.962 34.982 35.002 35.004 35.027 35.047 35.104 35.134 35.162 35.179 35.199 35.167 35.129 35.109 35.094 35.109 35.077 35.094 35.034 34.984 34.917 34.862 34.839 34.822 34.732 34.662 34.572 34.517
