LIDAR/se2686_DTM_2M.asc
ncols 500
nrows 500
xllcorner    426000
yllcorner    486000
cellsize     2
NODATA_value -9999
[rows 128 to 159 of 500, columns 213 to 283 of 500]
43.853 43.806 43.848 43.908 43.913 43.911 43.938 43.923 43.883 43.886 43.838 43.863 43.906 43.966 43.963 43.996 44.021 44.013 44.036 43.973 43.913 43.946 43.968 43.898 43.901 43.971 43.953 44.001 44.056 44.016 44.048 44.101 44.033 43.926 43.948 43.973 43.951 43.933 43.991 43.991 43.981 43.953 43.956 43.986 44.056 44.073 44.026 44.018 44.056 44.076 44.088 44.116 44.123 44.121 44.081 44.066 44.058 44.103 44.113 44.118 44.136 44.163 44.191 44.203 44.213 44.221 44.203 44.183 44.158 44.126 44.098
43.731 43.761 43.846 43.886 43.906 43.891 43.976 43.943 43.846 43.861 43.831 43.843 43.853 43.901 43.941 43.931 43.968 43.968 43.996 43.946 43.911 43.906 43.956 43.901 43.841 43.906 43.943 43.951 43.963 44.016 44.013 44.031 44.001 43.923 43.941 43.963 43.923 43.896 43.958 43.996 43.996 43.933 43.966 44.013 44.016 44.068 44.051 44.048 44.058 44.078 44.093 44.101 44.133 44.121 44.121 44.098 44.061 44.111 44.111 44.136 44.143 44.153 44.178 44.236 44.213 44.211 44.181 44.178 44.131 44.108 44.073
43.676 43.708 43.756 43.821 43.848 43.863 43.903 43.891 43.851 43.871 43.841 43.831 43.806 43.876 43.963 43.888 43.921 43.983 44.001 43.933 43.871 43.876 43.906 43.901 43.878 43.888 43.923 43.923 43.928 43.968 44.018 44.081 44.053 43.941 43.923 43.963 43.893 43.888 43.938 43.973 43.973 43.961 43.958 43.988 44.013 44.066 44.046 44.028 44.056 44.068 44.121 44.141 44.131 44.131 44.121 44.098 44.081 44.103 44.126 44.161 44.176 44.168 44.193 44.226 44.221 44.203 44.178 44.141 44.106 44.048 44.016
43.693 43.738 43.776 43.808 43.848 43.886 43.851 43.843 43.886 43.891 43.818 43.828 43.788 43.831 43.906 43.961 43.956 43.948 43.938 43.911 43.848 43.873 43.938 43.913 43.863 43.886 43.896 43.893 43.918 43.948 44.001 44.086 44.036 43.926 43.918 43.926 43.876 43.841 43.916 43.943 43.978 43.946 43.926 43.953 44.023 44.076 44.063 44.036 44.053 44.083 44.103 44.101 44.131 44.136 44.121 44.126 44.098 44.108 44.143 44.166 44.191 44.193 44.203 44.188 44.178 44.171 44.146 44.113 44.056 43.993 43.963
43.671 43.676 43.726 43.751 43.811 43.821 43.823 43.836 43.843 43.871 43.818 43.716 43.778 43.761 43.763 43.723 43.956 43.976 43.886 43.938 43.871 43.848 43.936 43.898 43.858 43.871 43.868 43.883 43.933 43.961 43.973 44.003 44.001 43.951 43.891 43.908 43.903 43.866 43.931 43.951 43.986 43.943 43.921 43.978 43.991 44.033 44.058 44.046 44.031 44.051 44.073 44.108 44.131 44.153 44.143 44.101 44.098 44.131 44.148 44.141 44.173 44.176 44.188 44.193 44.181 44.166 44.136 44.081 44.028 44.003 43.933
43.623 43.678 43.703 43.721 43.738 43.748 43.833 43.791 43.788 43.818 43.743 43.761 43.761 43.758 43.818 43.813 43.941 43.968 43.936 43.913 43.831 43.871 43.963 43.918 43.896 43.903 43.896 43.933 43.986 44.008 44.038 44.071 44.038 43.968 43.868 43.896 43.911 43.858 43.883 43.961 43.971 43.936 43.931 43.991 43.998 44.028 44.021 44.043 44.031 44.061 44.111 44.141 44.138 44.166 44.143 44.108 44.106 44.133 44.118 44.153 44.138 44.158 44.156 44.153 44.123 44.123 44.108 44.053 43.986 43.941 43.898
43.583 43.611 43.656 43.668 43.648 43.666 43.683 43.681 43.723 43.761 43.701 43.731 43.793 43.818 43.811 43.791 43.928 43.891 43.928 43.886 43.831 43.861 43.861 43.851 43.848 43.856 43.846 43.916 43.973 43.986 44.016 44.048 44.048 43.936 43.858 43.901 43.898 43.813 43.858 43.926 43.946 43.938 43.928 43.976 44.031 44.028 44.031 44.016 44.021 44.066 44.078 44.118 44.118 44.156 44.161 44.093 44.108 44.121 44.138 44.176 44.161 44.166 44.143 44.123 44.098 44.076 44.061 43.993 43.923 43.866 43.848
43.588 43.581 43.596 43.573 43.616 43.583 43.643 43.621 43.663 43.716 43.783 43.801 43.761 43.791 43.798 43.841 43.863 43.903 43.918 43.873 43.828 43.866 43.908 43.856 43.811 43.828 43.841 43.828 43.903 43.923 43.973 43.991 44.006 43.911 43.863 43.883 43.871 43.808 43.896 43.908 43.936 43.926 43.903 43.981 44.011 44.011 44.016 44.001 44.026 44.058 44.096 44.151 44.138 44.126 44.158 44.126 44.096 44.111 44.113 44.146 44.158 44.141 44.076 44.056 44.048 44.016 43.968 43.936 43.906 43.871 43.831
43.541 43.531 43.493 43.523 43.548 43.561 43.636 43.681 43.676 43.688 43.728 43.781 43.841 43.786 43.768 43.813 43.888 43.886 43.883 43.813 43.766 43.788 43.853 43.821 43.806 43.823 43.846 43.823 43.858 43.936 43.996 44.011 43.993 43.963 43.883 43.871 43.878 43.796 43.881 43.918 43.938 43.936 43.926 43.961 43.991 44.001 44.018 44.023 44.023 44.068 44.098 44.138 44.133 44.173 44.173 44.106 44.091 44.116 44.131 44.118 44.123 44.088 44.048 44.031 44.016 43.988 43.943 43.921 43.901 43.841 43.783
43.576 43.518 43.471 43.443 43.451 43.508 43.611 43.648 43.676 43.643 43.663 43.651 43.731 43.648 43.648 43.728 43.831 43.846 43.868 43.791 43.761 43.813 43.913 43.821 43.808 43.823 43.853 43.793 43.818 43.986 44.001 43.973 43.978 43.936 43.876 43.863 43.881 43.818 43.851 43.911 43.903 43.886 43.908 43.948 43.976 43.996 44.006 44.003 44.011 44.048 44.058 44.143 44.141 44.146 44.173 44.101 44.078 44.086 44.111 44.123 44.061 44.061 44.011 43.983 43.968 43.958 43.906 43.881 43.823 43.806 43.741
43.628 43.566 43.461 43.386 43.366 43.403 43.466 43.533 43.616 43.663 43.681 43.713 43.671 43.583 43.621 43.708 43.761 43.808 43.836 43.813 43.761 43.866 43.958 43.781 43.738 43.851 43.831 43.823 43.878 44.008 44.043 44.008 43.933 43.913 43.846 43.858 43.893 43.846 43.841 43.901 43.911 43.931 43.903 43.928 43.971 44.018 44.046 44.033 44.061 44.048 44.078 44.136 44.163 44.146 44.151 44.131 44.068 44.081 44.071 44.063 44.028 43.978 43.956 43.946 43.911 43.933 43.898 43.858 43.801 43.786 43.733
43.668 43.638 43.536 43.418 43.361 43.343 43.361 43.401 43.473 43.626 43.641 43.658 43.646 43.613 43.606 43.673 43.721 43.751 43.756 43.766 43.771 43.851 43.991 43.813 43.633 43.838 43.838 43.838 43.841 43.913 43.966 44.008 44.008 43.918 43.826 43.851 43.906 43.853 43.876 43.883 43.933 43.941 43.916 43.943 43.971 44.006 44.028 44.038 44.038 44.041 44.058 44.126 44.121 44.126 44.123 44.116 44.068 44.053 44.058 44.051 44.003 43.928 43.933 43.933 43.913 43.896 43.851 43.826 43.786 43.766 43.743
43.681 43.696 43.668 43.583 43.446 43.371 43.338 43.361 43.411 43.436 43.491 43.526 43.546 43.606 43.593 43.628 43.666 43.738 43.758 43.766 43.801 43.788 43.888 43.858 43.786 43.826 43.816 43.821 43.831 43.871 43.906 43.956 43.953 43.928 43.851 43.838 43.903 43.858 43.858 43.891 43.958 43.948 43.928 43.926 43.938 44.018 44.023 44.021 44.026 44.038 44.058 44.068 44.113 44.133 44.118 44.081 44.056 44.051 44.026 44.013 43.993 43.961 43.918 43.901 43.881 43.886 43.866 43.851 43.758 43.741 43.698
43.796 43.731 43.773 43.706 43.576 43.423 43.386 43.353 43.356 43.343 43.371 43.408 43.428 43.498 43.598 43.663 43.658 43.756 43.738 43.696 43.711 43.733 43.783 43.846 43.793 43.821 43.808 43.783 43.806 43.823 43.866 43.941 43.961 43.928 43.868 43.853 43.876 43.861 43.831 43.901 43.933 43.948 43.913 43.903 43.961 43.986 44.021 44.013 43.998 43.968 44.048 44.086 44.098 44.108 44.081 44.066 44.048 44.028 44.021 44.003 43.936 43.933 43.901 43.881 43.838 43.856 43.801 43.808 43.798 43.741 43.713
43.866 43.786 43.771 43.733 43.638 43.566 43.473 43.346 43.316 43.311 43.338 43.301 43.311 43.351 43.471 43.548 43.583 43.636 43.676 43.628 43.641 43.661 43.741 43.776 43.796 43.796 43.828 43.798 43.811 43.836 43.861 43.938 43.963 43.913 43.868 43.851 43.906 43.858 43.853 43.916 43.943 43.953 43.908 43.906 43.943 43.971 44.001 43.981 43.966 43.988 44.031 44.053 44.081 44.096 44.068 44.043 44.028 43.971 43.971 43.968 43.931 43.901 43.893 43.888 43.838 43.863 43.816 43.813 43.801 43.746 43.718
43.901 43.836 43.813 43.761 43.691 43.641 43.543 43.401 43.351 43.356 43.318 43.298 43.281 43.286 43.353 43.363 43.396 43.526 43.681 43.646 43.588 43.648 43.701 43.743 43.798 43.816 43.838 43.848 43.796 43.781 43.861 43.958 43.941 43.901 43.833 43.851 43.911 43.871 43.851 43.893 43.901 43.941 43.901 43.881 43.908 43.946 43.968 43.971 43.958 44.003 43.971 44.003 44.046 44.063 44.033 44.043 44.018 43.966 43.958 43.898 43.886 43.878 43.843 43.796 43.831 43.853 43.813 43.813 43.813 43.778 43.736
43.983 43.928 43.886 43.833 43.768 43.756 43.648 43.473 43.388 43.401 43.363 43.311 43.278 43.283 43.306 43.293 43.311 43.478 43.643 43.616 43.611 43.638 43.661 43.676 43.721 43.813 43.843 43.848 43.876 43.873 43.848 43.896 43.921 43.928 43.848 43.866 43.886 43.861 43.843 43.883 43.921 43.903 43.896 43.878 43.901 43.948 43.968 43.963 43.943 43.968 43.966 43.998 44.016 44.008 44.031 44.011 43.956 43.918 43.868 43.843 43.861 43.848 43.836 43.823 43.833 43.836 43.796 43.808 43.818 43.766 43.726
43.973 43.971 43.971 43.931 43.891 43.796 43.701 43.628 43.486 43.368 43.351 43.338 43.328 43.311 43.261 43.248 43.316 43.491 43.603 43.661 43.653 43.706 43.673 43.666 43.693 43.743 43.801 43.871 43.821 43.856 43.858 43.833 43.786 43.876 43.846 43.816 43.856 43.831 43.826 43.878 43.893 43.913 43.866 43.831 43.876 43.938 43.948 43.936 43.936 43.933 43.903 43.968 43.998 43.988 43.993 43.966 43.908 43.886 43.886 43.828 43.843 43.803 43.813 43.851 43.826 43.803 43.791 43.813 43.791 43.766 43.713
43.941 43.973 43.983 44.008 43.933 43.823 43.716 43.718 43.673 43.488 43.391 43.371 43.336 43.276 43.271 43.256 43.346 43.576 43.698 43.726 43.686 43.721 43.663 43.716 43.758 43.791 43.813 43.848 43.718 43.838 43.906 43.861 43.896 43.878 43.823 43.816 43.868 43.836 43.803 43.838 43.861 43.893 43.851 43.788 43.868 43.888 43.901 43.898 43.891 43.901 43.916 43.928 43.958 43.926 43.938 43.883 43.886 43.846 43.833 43.833 43.811 43.786 43.788 43.831 43.791 43.808 43.786 43.796 43.803 43.776 43.721
43.898 43.923 43.958 43.988 43.941 43.866 43.763 43.731 43.673 43.633 43.551 43.441 43.331 43.288 43.311 43.303 43.431 43.681 43.753 43.713 43.688 43.711 43.726 43.781 43.806 43.761 43.683 43.743 43.796 43.868 43.888 43.886 43.943 43.888 43.848 43.811 43.846 43.863 43.773 43.813 43.858 43.866 43.826 43.791 43.833 43.851 43.871 43.868 43.873 43.868 43.858 43.876 43.916 43.901 43.903 43.858 43.851 43.823 43.783 43.781 43.776 43.756 43.778 43.793 43.786 43.796 43.791 43.821 43.818 43.756 43.706
43.921 43.906 43.961 43.938 43.948 43.931 43.793 43.773 43.708 43.658 43.663 43.578 43.441 43.366 43.308 43.313 43.498 43.688 43.706 43.731 43.648 43.753 43.786 43.788 43.783 43.731 43.676 43.766 43.821 43.798 43.813 43.923 43.933 43.896 43.851 43.766 43.803 43.831 43.751 43.783 43.821 43.843 43.798 43.761 43.786 43.793 43.826 43.843 43.843 43.843 43.811 43.861 43.873 43.903 43.873 43.856 43.831 43.798 43.798 43.771 43.758 43.713 43.751 43.761 43.761 43.788 43.801 43.813 43.801 43.763 43.731
44.001 43.948 43.958 43.948 43.951 43.918 43.883 43.861 43.773 43.698 43.678 43.691 43.621 43.541 43.458 43.378 43.498 43.658 43.651 43.681 43.631 43.688 43.753 43.786 43.781 43.716 43.673 43.691 43.711 43.658 43.786 43.886 43.941 43.943 43.846 43.741 43.728 43.758 43.718 43.768 43.808 43.823 43.763 43.723 43.758 43.761 43.788 43.798 43.786 43.808 43.778 43.811 43.831 43.861 43.846 43.831 43.788 43.798 43.771 43.763 43.781 43.731 43.748 43.731 43.773 43.791 43.803 43.796 43.786 43.768 43.803
44.026 43.986 43.981 43.941 43.881 43.833 43.873 43.856 43.818 43.766 43.768 43.696 43.651 43.638 43.628 43.573 43.511 43.566 43.638 43.643 43.658 43.726 43.773 43.741 43.703 43.666 43.683 43.648 43.603 43.596 43.696 43.758 43.871 43.931 43.846 43.693 43.683 43.741 43.668 43.733 43.788 43.808 43.761 43.701 43.716 43.738 43.758 43.776 43.781 43.783 43.768 43.786 43.781 43.808 43.786 43.803 43.753 43.758 43.741 43.756 43.703 43.721 43.738 43.746 43.771 43.751 43.786 43.786 43.788 43.801 43.788
43.938 43.941 43.973 43.941 43.891 43.858 43.826 43.846 43.828 43.806 43.748 43.741 43.723 43.683 43.716 43.796 43.661 43.606 43.616 43.681 43.671 43.708 43.763 43.731 43.711 43.703 43.706 43.676 43.683 43.596 43.638 43.691 43.793 43.843 43.808 43.658 43.628 43.713 43.641 43.676 43.718 43.743 43.718 43.688 43.691 43.688 43.726 43.746 43.698 43.728 43.736 43.731 43.758 43.783 43.761 43.753 43.786 43.753 43.731 43.741 43.723 43.706 43.733 43.756 43.741 43.738 43.788 43.798 43.821 43.831 43.756
43.938 43.948 43.988 43.946 43.918 43.846 43.806 43.801 43.816 43.791 43.733 43.701 43.726 43.753 43.741 43.823 43.681 43.578 43.618 43.691 43.641 43.641 43.778 43.793 43.703 43.661 43.596 43.646 43.683 43.618 43.596 43.616 43.716 43.678 43.786 43.651 43.603 43.641 43.588 43.611 43.666 43.686 43.673 43.623 43.663 43.673 43.676 43.713 43.681 43.671 43.681 43.706 43.731 43.756 43.766 43.756 43.781 43.758 43.743 43.716 43.746 43.726 43.681 43.726 43.713 43.743 43.758 43.738 43.816 43.811 43.766
43.966 43.938 43.943 43.933 43.918 43.876 43.831 43.823 43.798 43.791 43.771 43.668 43.748 43.796 43.768 43.806 43.683 43.531 43.551 43.568 43.638 43.676 43.738 43.833 43.756 43.616 43.513 43.486 43.593 43.638 43.556 43.578 43.628 43.378 43.708 43.731 43.568 43.611 43.551 43.543 43.603 43.631 43.643 43.596 43.571 43.606 43.641 43.671 43.653 43.641 43.648 43.683 43.703 43.713 43.748 43.741 43.746 43.761 43.733 43.731 43.746 43.713 43.713 43.731 43.738 43.726 43.763 43.746 43.818 43.833 43.791
44.028 43.991 44.003 43.973 43.948 43.916 43.861 43.808 43.776 43.733 43.761 43.753 43.783 43.781 43.796 43.806 43.663 43.531 43.536 43.603 43.683 43.661 43.736 43.716 43.653 43.578 43.556 43.571 43.596 43.573 43.526 43.563 43.568 43.163 43.581 43.741 43.583 43.558 43.536 43.496 43.528 43.566 43.603 43.601 43.538 43.588 43.658 43.653 43.663 43.643 43.651 43.663 43.671 43.696 43.708 43.721 43.701 43.738 43.721 43.743 43.748 43.723 43.681 43.688 43.718 43.701 43.718 43.748 43.786 43.791 43.776
44.061 44.081 44.053 43.998 43.946 43.913 43.906 43.866 43.833 43.761 43.783 43.818 43.861 43.821 43.796 43.773 43.671 43.563 43.581 43.743 43.831 43.693 43.681 43.598 43.498 43.513 43.556 43.608 43.611 43.581 43.573 43.561 43.428 43.046 43.548 43.701 43.546 43.526 43.501 43.473 43.508 43.571 43.573 43.543 43.533 43.581 43.611 43.661 43.623 43.621 43.626 43.601 43.673 43.691 43.701 43.696 43.721 43.738 43.728 43.731 43.756 43.716 43.716 43.716 43.713 43.708 43.748 43.738 43.781 43.766 43.788
44.078 44.048 44.051 44.013 43.981 43.911 43.901 43.851 43.883 43.823 43.806 43.823 43.863 43.866 43.821 43.788 43.738 43.643 43.683 43.801 43.761 43.673 43.651 43.626 43.443 43.518 43.571 43.623 43.593 43.583 43.561 43.576 43.476 43.133 43.453 43.688 43.566 43.503 43.501 43.421 43.458 43.531 43.558 43.511 43.491 43.521 43.578 43.603 43.618 43.581 43.608 43.626 43.653 43.706 43.691 43.706 43.721 43.723 43.718 43.733 43.738 43.733 43.723 43.708 43.716 43.723 43.736 43.731 43.753 43.771 43.776
44.143 44.106 44.076 44.006 44.003 43.921 43.908 43.913 43.911 43.903 43.863 43.868 43.846 43.886 43.823 43.821 43.796 43.731 43.763 43.793 43.688 43.576 43.618 43.688 43.588 43.631 43.651 43.628 43.521 43.518 43.613 43.598 43.673 43.196 43.451 43.678 43.566 43.498 43.481 43.426 43.433 43.473 43.533 43.501 43.441 43.483 43.543 43.571 43.596 43.598 43.601 43.611 43.633 43.646 43.703 43.726 43.691 43.721 43.713 43.713 43.686 43.718 43.691 43.681 43.676 43.701 43.743 43.716 43.751 43.783 43.766
44.236 44.208 44.118 44.011 43.988 43.966 43.958 43.928 43.946 43.923 43.898 43.861 43.846 43.833 43.821 43.848 43.816 43.828 43.838 43.758 43.691 43.626 43.621 43.706 43.693 43.731 43.713 43.666 43.633 43.648 43.768 43.721 43.611 43.213 43.441 43.756 43.603 43.506 43.466 43.416 43.438 43.453 43.483 43.486 43.456 43.473 43.541 43.543 43.576 43.561 43.563 43.568 43.621 43.606 43.668 43.716 43.686 43.693 43.691 43.693 43.708 43.688 43.661 43.668 43.673 43.683 43.691 43.691 43.751 43.761 43.773
44.183 44.206 44.153 44.108 44.033 44.001 44.013 43.968 43.941 43.888 43.866 43.861 43.891 43.873 43.823 43.858 43.793 43.788 43.836 43.761 43.776 43.703 43.686 43.766 43.798 43.806 43.661 43.653 43.713 43.811 43.813 43.768 43.628 43.228 43.301 43.683 43.628 43.521 43.513 43.428 43.403 43.423 43.466 43.456 43.458 43.458 43.508 43.538 43.523 43.506 43.553 43.558 43.608 43.646 43.648 43.673 43.668 43.661 43.673 43.671 43.696 43.686 43.663 43.676 43.696 43.703 43.693 43.703 43.721 43.768 43.753
