LIDAR/se2687_DTM_2M.asc
ncols 500
nrows 500
xllcorner    426000
yllcorner    487000
cellsize     2
NODATA_value -9999
[rows 448 to 479 of 500, columns 73 to 145 of 500]
47.015 47.023 47.018 47.068 47.068 47.11 47.063 47.093 47.1 47.093 47.158 47.14 47.145 47.138 47.128 47.08 47.078 47.065 47.038 47.033 47.048 47.063 47.038 47.03 47.013 47.018 47.02 47.025 47.043 47.018 47.03 47.03 47.005 46.998 47.038 47.018 47.005 46.988 47 46.945 46.93 46.938 46.938 46.968 46.918 46.9 46.895 46.918 46.883 46.663 46.83 47.083 47.038 46.99 46.98 46.87 46.963 47.03 47.005 47.065 47.013 46.953 47.065 47.04 46.943 46.918 46.935 46.923 46.913 46.925 46.928 46.985 46.935
47.013 47.028 47.033 47.078 47.083 47.11 47.068 47.063 47.093 47.115 47.088 47.108 47.123 47.128 47.093 47.07 47.048 47.068 47.058 47.053 47.028 47.053 47.03 47.053 47.028 47.03 47.03 47.038 47.02 47.015 47.055 47.015 47.013 47.005 47.028 46.998 46.973 46.96 46.96 46.955 46.965 46.983 46.995 46.99 46.953 46.955 46.983 46.963 46.878 46.703 47.028 47.093 46.995 47.025 47.01 46.963 46.97 46.993 46.985 46.97 46.828 46.83 46.978 47.003 46.933 46.948 46.938 46.895 46.893 46.905 46.883 46.955 46.935
47.033 47.018 47.03 47.06 47.058 47.073 47.06 47.065 47.09 47.105 47.083 47.08 47.108 47.105 47.073 47.085 47.063 47.065 47.043 47.03 47.048 47.063 47.013 47.023 47.028 47.03 47.035 47.045 47.025 47.015 47.035 46.978 46.948 46.998 47.018 47 47.035 46.99 47.023 47.045 47.02 46.993 47.015 47.01 46.983 47.015 46.993 46.998 47.023 46.965 47.083 46.995 47.06 47.053 46.958 46.953 46.973 46.953 46.893 46.888 46.845 46.853 46.88 46.895 46.86 46.813 46.848 46.873 46.855 46.868 46.82 46.87 46.873
46.995 47.005 47.01 47.03 47.043 47.025 47.025 47.043 47.025 47.053 47.07 47.068 47.08 47.098 47.073 47.075 47.063 47.065 47.04 47.028 47.035 47.045 47.008 47.06 47.04 47.065 47.04 47.025 47.028 47.003 46.98 47.01 46.995 46.995 47.095 47.11 47.035 47.005 47.048 47.048 46.99 47.013 47.02 46.998 46.983 46.973 46.993 46.968 46.995 47.033 47.045 47 46.988 46.91 46.895 46.933 46.898 46.913 46.883 46.875 46.838 46.813 46.785 46.805 46.763 46.753 46.79 46.783 46.848 46.823 46.79 46.795 46.788
46.97 46.985 46.998 47.02 47.045 47.018 46.995 47.023 47 47.035 47.02 47.018 47.055 47.05 47.098 47.12 47.078 47.073 47.065 47.04 47.058 47.053 47.025 47.038 47.065 47.04 47.045 47.045 47.05 47.045 47.12 47.108 47.07 47.045 47.095 47.045 47.025 47.053 47.048 47.01 46.953 47.015 47.025 46.995 46.963 46.978 46.97 46.938 46.928 46.91 46.915 46.908 46.948 46.868 46.878 46.888 46.858 46.843 46.823 46.745 46.79 46.79 46.78 46.765 46.758 46.785 46.75 46.758 46.798 46.78 46.748 46.728 46.728
46.938 46.983 47 47.015 47.02 47 47.003 46.993 47.003 47.018 47.038 47.048 47.05 47.06 47.088 47.105 47.085 47.073 47.058 47.055 47.048 47.038 47.048 47.078 47.053 47.048 47.105 47.11 47.078 47.043 47.078 47.085 47.06 47.08 47.103 47.068 47.045 47.078 47.04 47.035 47.033 47.058 47.01 46.965 46.945 46.915 46.863 46.858 46.85 46.873 46.888 46.873 46.855 46.848 46.815 46.795 46.793 46.76 46.803 46.82 46.835 46.785 46.755 46.745 46.713 46.795 46.76 46.693 46.728 46.695 46.685 46.7 46.7
46.96 46.988 47 46.973 46.988 47.003 46.998 46.998 46.985 46.998 47.028 47.058 47.058 47.088 47.105 47.1 47.105 47.08 47.058 47.063 47.078 47.128 47.108 47.08 47.085 47.093 47.06 47.09 47.06 47.043 47.058 47.078 47.068 47.08 47.065 47.078 47.07 47.048 47.035 47.02 47.03 47.018 46.943 46.923 46.923 46.89 46.858 46.828 46.84 46.838 46.81 46.81 46.765 46.77 46.763 46.783 46.78 46.773 46.765 46.78 46.755 46.715 46.71 46.698 46.663 46.7 46.665 46.683 46.655 46.67 46.623 46.643 46.63
46.963 46.97 46.948 46.95 46.963 46.975 47 47.023 47.018 47.033 47.028 47.06 47.085 47.068 47.125 47.123 47.12 47.11 47.098 47.103 47.118 47.133 47.078 47.083 47.078 47.113 47.078 47.1 47.128 47.133 47.103 47.07 47.078 47.058 47.048 47.07 47 46.973 47.013 47.005 47.003 46.96 46.923 46.903 46.878 46.848 46.828 46.795 46.805 46.743 46.755 46.785 46.775 46.795 46.783 46.79 46.768 46.748 46.72 46.733 46.73 46.69 46.643 46.658 46.628 46.633 46.655 46.635 46.595 46.625 46.593 46.6 46.56
46.925 46.948 46.968 46.985 46.98 47 47.04 47.043 47.018 47.058 47.073 47.07 47.065 47.105 47.105 47.105 47.1 47.105 47.08 47.073 47.085 47.13 47.16 47.095 47.095 47.088 47.123 47.07 47.095 47.093 47.06 47.093 47.043 47.008 46.955 46.988 46.99 47.033 46.97 46.945 46.933 46.873 46.858 46.84 46.835 46.798 46.823 46.785 46.748 46.733 46.728 46.755 46.78 46.78 46.745 46.773 46.788 46.718 46.693 46.703 46.69 46.635 46.605 46.593 46.605 46.553 46.595 46.565 46.538 46.523 46.538 46.553 46.54
46.928 46.955 46.975 46.975 47.018 47.028 47.03 47.053 47.015 47.038 47.075 47.07 47.05 47.09 47.085 47.075 47.105 47.13 47.09 47.083 47.123 47.153 47.158 47.118 47.1 47.1 47.098 47.043 47 47.015 47.005 47.028 47.045 47.02 46.975 47.038 46.99 47.003 46.915 46.925 46.905 46.828 46.83 46.835 46.858 46.82 46.818 46.765 46.738 46.745 46.72 46.72 46.728 46.698 46.698 46.735 46.708 46.658 46.673 46.645 46.608 46.61 46.6 46.565 46.54 46.535 46.543 46.515 46.48 46.478 46.533 46.498 46.508
46.963 46.988 46.993 46.995 47.028 47.003 46.998 47.035 47.003 46.995 47 47.01 47.045 47.075 47.083 47.095 47.12 47.143 47.105 47.125 47.125 47.148 47.185 47.11 47.09 47.048 47.033 47.05 47.048 46.98 46.98 47.018 47.013 47.015 47.015 47.003 46.943 46.93 46.878 46.853 46.903 46.855 46.84 46.82 46.8 46.79 46.785 46.745 46.735 46.718 46.73 46.708 46.685 46.668 46.698 46.68 46.665 46.638 46.635 46.608 46.54 46.568 46.53 46.535 46.508 46.483 46.483 46.485 46.5 46.453 46.478 46.465 46.435
46.98 46.958 46.978 47.005 47 46.993 47.025 47.01 47 46.978 46.973 47.003 47.015 47.068 47.05 47.068 47.113 47.115 47.143 47.155 47.13 47.063 47.07 47.078 47.065 47.048 47.053 47.06 47.068 47.03 47.018 47.005 46.98 46.988 46.99 46.953 46.94 46.908 46.915 46.87 46.858 46.853 46.825 46.803 46.775 46.763 46.76 46.723 46.708 46.703 46.703 46.668 46.638 46.658 46.678 46.648 46.61 46.603 46.625 46.58 46.508 46.515 46.503 46.465 46.463 46.445 46.418 46.47 46.458 46.445 46.443 46.448 46.415
46.97 46.948 46.935 46.943 46.983 46.963 46.99 46.95 46.973 46.983 46.988 46.978 47.033 47.083 47.038 47.06 47.098 47.105 47.068 47.065 47.048 47.038 47.04 47.06 47.038 47.043 47.035 47.05 47.028 47.005 47.015 47.003 46.995 46.96 46.948 46.95 46.925 46.92 46.828 46.808 46.855 46.798 46.783 46.75 46.723 46.758 46.733 46.695 46.703 46.725 46.68 46.65 46.615 46.628 46.608 46.62 46.59 46.565 46.563 46.548 46.518 46.5 46.48 46.43 46.423 46.38 46.403 46.42 46.433 46.423 46.373 46.403 46.393
46.925 46.893 46.935 46.963 46.968 46.96 46.998 46.99 46.975 46.95 46.985 47.005 46.998 47.01 47.035 47.023 47.05 47.07 47.078 47.073 47.06 47.043 47.053 47.033 47.003 47.008 47 47.003 46.968 46.968 46.965 46.955 46.943 46.93 46.913 46.885 46.893 46.898 46.825 46.815 46.833 46.778 46.75 46.713 46.688 46.698 46.715 46.703 46.68 46.675 46.61 46.62 46.598 46.585 46.59 46.573 46.57 46.543 46.528 46.493 46.458 46.493 46.438 46.42 46.43 46.385 46.375 46.365 46.375 46.365 46.343 46.36 46.36
46.93 46.943 46.933 46.93 46.933 46.935 46.98 46.965 46.925 46.965 46.97 46.933 46.938 46.98 46.978 46.98 47.015 47.003 47.033 47.045 47.023 46.993 47.01 46.998 46.978 46.928 46.96 46.96 46.938 46.92 46.935 46.93 46.898 46.848 46.863 46.85 46.848 46.835 46.785 46.79 46.783 46.738 46.73 46.713 46.728 46.738 46.703 46.685 46.655 46.658 46.635 46.585 46.575 46.563 46.548 46.523 46.523 46.483 46.498 46.46 46.435 46.44 46.438 46.425 46.403 46.35 46.328 46.33 46.358 46.318 46.35 46.373 46.355
46.933 46.958 46.938 46.92 46.913 46.925 46.918 46.925 46.943 46.983 46.968 46.925 46.933 46.94 46.953 46.935 46.95 46.938 46.943 47.013 46.98 46.955 46.958 46.993 46.935 46.885 46.92 46.928 46.923 46.915 46.9 46.878 46.88 46.828 46.82 46.835 46.805 46.785 46.805 46.778 46.783 46.74 46.74 46.733 46.695 46.683 46.725 46.655 46.643 46.625 46.595 46.615 46.585 46.545 46.548 46.493 46.463 46.475 46.473 46.468 46.435 46.423 46.385 46.35 46.37 46.35 46.35 46.34 46.318 46.32 46.308 46.225 46.293
46.938 46.91 46.9 46.925 46.9 46.93 46.92 46.955 46.96 46.928 46.915 46.918 46.9 46.91 46.885 46.878 46.873 46.915 46.93 46.903 46.91 46.953 46.925 46.905 46.873 46.895 46.903 46.858 46.85 46.84 46.815 46.8 46.833 46.81 46.833 46.823 46.798 46.785 46.788 46.76 46.765 46.758 46.713 46.72 46.728 46.703 46.69 46.645 46.643 46.61 46.563 46.555 46.523 46.493 46.508 46.49 46.453 46.46 46.453 46.43 46.41 46.358 46.348 46.323 46.34 46.32 46.295 46.285 46.27 46.285 46.28 46.263 46.228
46.915 46.913 46.885 46.91 46.908 46.915 46.903 46.908 46.878 46.878 46.865 46.875 46.815 46.848 46.845 46.863 46.853 46.89 46.915 46.888 46.868 46.913 46.91 46.87 46.85 46.858 46.815 46.79 46.785 46.808 46.788 46.778 46.813 46.795 46.805 46.78 46.795 46.8 46.765 46.758 46.743 46.73 46.708 46.708 46.708 46.655 46.643 46.625 46.613 46.605 46.613 46.535 46.505 46.483 46.495 46.44 46.443 46.398 46.403 46.405 46.363 46.355 46.343 46.293 46.303 46.248 46.278 46.263 46.248 46.233 46.23 46.225 46.198
46.883 46.9 46.915 46.92 46.898 46.913 46.883 46.84 46.818 46.84 46.838 46.83 46.838 46.815 46.778 46.808 46.813 46.81 46.843 46.828 46.825 46.84 46.878 46.828 46.778 46.788 46.778 46.793 46.798 46.793 46.773 46.788 46.775 46.748 46.745 46.723 46.773 46.798 46.75 46.733 46.715 46.715 46.723 46.66 46.648 46.65 46.62 46.59 46.575 46.598 46.588 46.543 46.483 46.458 46.47 46.385 46.438 46.403 46.388 46.355 46.348 46.33 46.298 46.298 46.233 46.25 46.255 46.195 46.215 46.225 46.188 46.168 46.178
46.888 46.875 46.868 46.843 46.84 46.818 46.863 46.848 46.82 46.81 46.838 46.798 46.765 46.768 46.74 46.73 46.763 46.755 46.773 46.715 46.77 46.798 46.803 46.83 46.785 46.793 46.783 46.748 46.743 46.73 46.745 46.733 46.733 46.755 46.743 46.748 46.73 46.733 46.74 46.708 46.728 46.708 46.703 46.653 46.633 46.613 46.598 46.558 46.538 46.573 46.555 46.505 46.483 46.448 46.44 46.405 46.41 46.393 46.348 46.303 46.293 46.26 46.258 46.29 46.23 46.213 46.188 46.183 46.168 46.163 46.17 46.158 46.153
46.858 46.835 46.843 46.848 46.86 46.828 46.815 46.81 46.82 46.78 46.763 46.735 46.725 46.713 46.665 46.66 46.65 46.698 46.713 46.768 46.76 46.775 46.795 46.785 46.733 46.775 46.75 46.728 46.738 46.693 46.708 46.713 46.705 46.718 46.7 46.695 46.708 46.678 46.708 46.69 46.688 46.635 46.69 46.65 46.568 46.585 46.59 46.553 46.525 46.545 46.535 46.478 46.448 46.45 46.42 46.403 46.395 46.335 46.318 46.33 46.3 46.29 46.268 46.23 46.213 46.178 46.18 46.145 46.15 46.173 46.165 46.158 46.145
46.823 46.813 46.813 46.81 46.838 46.775 46.78 46.79 46.755 46.738 46.685 46.648 46.698 46.675 46.648 46.668 46.688 46.705 46.69 46.728 46.733 46.753 46.755 46.758 46.718 46.718 46.72 46.725 46.703 46.673 46.693 46.665 46.635 46.655 46.63 46.66 46.645 46.65 46.67 46.63 46.625 46.608 46.625 46.61 46.573 46.573 46.598 46.525 46.463 46.525 46.515 46.465 46.433 46.435 46.41 46.385 46.365 46.333 46.323 46.303 46.285 46.233 46.213 46.248 46.193 46.188 46.135 46.17 46.138 46.118 46.148 46.135 46.133
46.843 46.81 46.803 46.76 46.743 46.74 46.7 46.673 46.695 46.693 46.678 46.688 46.7 46.683 46.665 46.643 46.653 46.643 46.645 46.688 46.695 46.715 46.713 46.71 46.72 46.678 46.678 46.685 46.643 46.643 46.615 46.63 46.635 46.638 46.623 46.63 46.625 46.615 46.615 46.625 46.61 46.61 46.578 46.623 46.575 46.54 46.553 46.55 46.503 46.498 46.493 46.485 46.415 46.418 46.4 46.365 46.333 46.338 46.295 46.258 46.24 46.195 46.188 46.19 46.188 46.178 46.143 46.11 46.098 46.063 46.12 46.115 46.118
46.755 46.778 46.723 46.72 46.705 46.74 46.708 46.688 46.685 46.71 46.65 46.658 46.663 46.668 46.66 46.645 46.655 46.61 46.618 46.643 46.645 46.673 46.698 46.683 46.675 46.66 46.635 46.65 46.615 46.603 46.573 46.618 46.62 46.578 46.605 46.585 46.558 46.563 46.595 46.59 46.573 46.575 46.568 46.62 46.56 46.518 46.548 46.533 46.498 46.468 46.415 46.39 46.398 46.385 46.375 46.34 46.32 46.275 46.295 46.275 46.245 46.203 46.203 46.173 46.168 46.163 46.14 46.095 46.083 46.048 46.088 46.12 46.115
46.713 46.72 46.763 46.765 46.728 46.763 46.73 46.723 46.7 46.7 46.66 46.678 46.62 46.643 46.655 46.658 46.63 46.635 46.59 46.59 46.63 46.638 46.67 46.675 46.64 46.62 46.613 46.625 46.62 46.588 46.585 46.588 46.6 46.578 46.593 46.568 46.545 46.573 46.558 46.563 46.56 46.55 46.533 46.55 46.56 46.493 46.508 46.483 46.43 46.428 46.418 46.41 46.388 46.365 46.345 46.318 46.323 46.305 46.283 46.24 46.23 46.205 46.183 46.15 46.138 46.103 46.11 46.098 46.04 46.058 46.068 46.083 46.063
46.763 46.74 46.73 46.713 46.703 46.73 46.723 46.728 46.71 46.685 46.66 46.665 46.628 46.625 46.603 46.625 46.603 46.603 46.548 46.55 46.57 46.57 46.593 46.645 46.63 46.603 46.573 46.56 46.588 46.553 46.543 46.553 46.563 46.553 46.535 46.543 46.52 46.53 46.508 46.538 46.53 46.548 46.515 46.525 46.52 46.518 46.49 46.453 46.44 46.408 46.41 46.378 46.358 46.348 46.323 46.355 46.298 46.273 46.255 46.225 46.218 46.205 46.178 46.115 46.133 46.093 46.098 46.098 46.055 46.033 46.05 46.065 46.068
46.74 46.728 46.715 46.723 46.708 46.698 46.715 46.695 46.703 46.703 46.66 46.675 46.638 46.653 46.593 46.583 46.57 46.545 46.548 46.498 46.513 46.543 46.553 46.553 46.575 46.608 46.558 46.558 46.545 46.555 46.518 46.503 46.518 46.558 46.508 46.503 46.493 46.478 46.508 46.513 46.505 46.513 46.515 46.508 46.48 46.505 46.463 46.45 46.45 46.388 46.39 46.373 46.358 46.323 46.325 46.313 46.26 46.27 46.235 46.24 46.203 46.173 46.183 46.118 46.115 46.078 46.063 46.065 46.04 46.03 46.02 46.023 46.045
46.733 46.673 46.72 46.703 46.705 46.673 46.688 46.685 46.68 46.68 46.698 46.678 46.625 46.613 46.583 46.57 46.54 46.518 46.518 46.51 46.5 46.505 46.505 46.528 46.555 46.563 46.563 46.515 46.523 46.525 46.52 46.505 46.48 46.49 46.513 46.488 46.5 46.473 46.468 46.498 46.495 46.488 46.48 46.448 46.475 46.498 46.475 46.428 46.39 46.403 46.368 46.38 46.363 46.335 46.3 46.265 46.253 46.273 46.23 46.228 46.185 46.158 46.15 46.125 46.085 46.04 46.063 46.07 46.008 46.023 46.025 45.99 46.01
46.715 46.703 46.655 46.693 46.683 46.68 46.67 46.655 46.628 46.645 46.638 46.638 46.605 46.595 46.555 46.538 46.503 46.485 46.49 46.473 46.483 46.508 46.493 46.515 46.545 46.51 46.545 46.528 46.495 46.5 46.485 46.485 46.483 46.485 46.508 46.473 46.498 46.445 46.448 46.46 46.443 46.483 46.478 46.468 46.458 46.463 46.47 46.43 46.388 46.398 46.345 46.33 46.33 46.31 46.26 46.28 46.263 46.228 46.218 46.18 46.115 46.135 46.14 46.133 46.098 46.045 46.06 46.01 46.003 46.01 46.013 46.025 46.003
46.705 46.693 46.693 46.65 46.63 46.638 46.633 46.638 46.63 46.65 46.615 46.598 46.588 46.575 46.538 46.535 46.515 46.505 46.468 46.458 46.453 46.485 46.488 46.483 46.523 46.518 46.515 46.508 46.488 46.473 46.465 46.448 46.488 46.47 46.445 46.448 46.453 46.45 46.438 46.455 46.445 46.45 46.465 46.45 46.445 46.405 46.43 46.42 46.388 46.36 46.345 46.333 46.333 46.265 46.278 46.27 46.24 46.2 46.19 46.163 46.16 46.135 46.125 46.108 46.123 46.083 46.025 45.983 45.98 45.983 45.98 45.98 46.008
46.688 46.65 46.65 46.635 46.603 46.61 46.588 46.605 46.615 46.608 46.603 46.6 46.568 46.563 46.535 46.548 46.483 46.485 46.463 46.478 46.453 46.44 46.438 46.485 46.48 46.485 46.508 46.508 46.485 46.463 46.478 46.455 46.458 46.438 46.398 46.428 46.405 46.428 46.453 46.425 46.458 46.423 46.435 46.443 46.403 46.413 46.438 46.393 46.365 46.36 46.35 46.315 46.263 46.233 46.248 46.228 46.205 46.198 46.158 46.173 46.158 46.11 46.075 46.095 46.07 46.063 46.035 46.028 45.98 45.965 45.98 45.978 45.98
46.688 46.635 46.638 46.653 46.595 46.595 46.595 46.585 46.61 46.608 46.59 46.593 46.56 46.575 46.528 46.505 46.468 46.473 46.438 46.433 46.445 46.42 46.418 46.43 46.433 46.468 46.508 46.51 46.485 46.465 46.465 46.44 46.405 46.433 46.39 46.408 46.408 46.4 46.425 46.415 46.423 46.43 46.41 46.395 46.388 46.383 46.388 46.408 46.355 46.323 46.343 46.285 46.245 46.243 46.283 46.243 46.183 46.193 46.16 46.175 46.163 46.123 46.108 46.098 46.055 46.043 46.02 45.988 45.988 45.98 45.953 45.955 45.93
