LIDAR/se2685_DTM_2M.asc
ncols 500
nrows 500
xllcorner    426000
yllcorner    485000
cellsize     2
NODATA_value -9999
[rows 0 to 31 of 500, columns 146 to 218 of 500]
40.819 40.754 40.749 40.674 40.661 40.606 40.564 40.529 40.516 40.441 40.414 40.389 40.351 40.294 40.301 40.309 40.289 40.251 40.209 40.154 40.156 40.139 40.139 40.141 40.139 40.156 40.106 40.126 40.141 40.101 40.086 40.134 40.159 40.161 40.186 40.191 40.201 40.234 40.281 40.304 40.364 40.371 40.406 40.451 40.489 40.496 40.529 40.549 40.569 40.566 40.579 40.579 40.586 40.606 40.661 40.699 40.789 40.926 41.039 41.041 40.991 40.971 41.046 41.224 41.309 41.284 41.299 41.284 41.269 41.206 41.276 41.111 41.116
40.784 40.729 40.684 40.661 40.621 40.606 40.544 40.516 40.504 40.406 40.361 40.316 40.296 40.284 40.236 40.261 40.196 40.199 40.174 40.159 40.179 40.166 40.154 40.121 40.114 40.091 40.054 40.081 40.121 40.139 40.116 40.111 40.134 40.149 40.151 40.174 40.164 40.219 40.264 40.286 40.331 40.311 40.354 40.379 40.394 40.409 40.426 40.436 40.396 40.431 40.496 40.536 40.621 40.701 40.801 40.804 40.969 41.439 41.616 41.321 41.079 40.911 40.999 41.146 41.171 41.189 41.154 41.146 41.084 40.821 40.711 40.721 40.644
40.781 40.731 40.659 40.644 40.591 40.569 40.491 40.444 40.419 40.341 40.319 40.309 40.301 40.274 40.261 40.224 40.176 40.176 40.184 40.189 40.199 40.161 40.154 40.134 40.104 40.061 40.056 40.041 40.034 40.051 40.091 40.066 40.086 40.074 40.094 40.084 40.106 40.164 40.191 40.181 40.206 40.229 40.239 40.276 40.319 40.339 40.396 40.446 40.439 40.489 40.539 40.576 40.691 40.791 40.974 41.121 41.256 41.699 41.701 41.246 40.754 40.649 40.801 40.901 40.961 40.996 40.961 40.954 40.739 40.521 40.339 40.169 40.039
40.701 40.631 40.586 40.544 40.526 40.471 40.446 40.379 40.306 40.296 40.274 40.314 40.326 40.256 40.244 40.206 40.189 40.176 40.149 40.129 40.116 40.109 40.056 40.054 40.026 40.001 39.994 39.976 39.994 39.974 39.999 39.989 40.009 39.976 40.019 40.054 40.031 40.101 40.144 40.174 40.219 40.236 40.311 40.309 40.386 40.454 40.464 40.501 40.536 40.441 40.474 40.761 40.854 41.121 41.264 41.431 41.521 41.404 41.114 40.609 40.201 40.094 40.289 40.511 40.576 40.681 40.731 40.656 40.471 40.221 39.946 39.754 39.471
40.649 40.554 40.514 40.479 40.476 40.441 40.409 40.389 40.326 40.321 40.324 40.276 40.229 40.216 40.181 40.226 40.259 40.224 40.221 40.224 40.156 40.166 40.136 40.036 39.999 39.989 40.061 40.069 40.029 40.004 40.046 40.111 40.124 40.126 40.174 40.191 40.191 40.249 40.324 40.336 40.364 40.416 40.416 40.344 40.381 40.509 40.651 40.769 40.959 40.774 40.684 40.919 41.034 41.364 41.364 41.219 41.079 40.711 40.264 39.876 39.689 39.409 39.544 39.851 40.176 40.304 40.306 40.166 39.989 39.874 39.641 39.461 39.209
40.606 40.584 40.526 40.499 40.459 40.414 40.364 40.344 40.286 40.311 40.221 40.206 40.166 40.249 40.361 40.434 40.506 40.549 40.501 40.476 40.411 40.274 40.284 40.091 40.061 40.124 40.156 40.139 40.159 40.179 40.289 40.469 40.559 40.651 40.794 40.634 40.691 40.786 40.851 40.876 40.979 40.949 40.984 40.794 40.759 41.029 41.296 41.244 41.184 40.901 40.756 40.726 40.761 40.929 40.864 40.476 40.219 39.896 39.636 39.516 39.346 39.289 39.319 39.326 39.619 39.984 40.019 39.896 39.724 39.559 39.379 39.101 38.971
40.564 40.524 40.499 40.431 40.376 40.416 40.329 40.314 40.271 40.276 40.196 40.184 40.191 40.319 40.674 41.129 41.504 41.634 41.424 41.314 41.219 40.939 40.779 40.656 40.566 40.594 40.559 40.731 40.721 40.661 40.819 41.206 41.286 41.446 41.459 41.291 41.406 41.476 41.406 41.454 41.476 41.419 41.471 41.151 40.739 41.034 41.424 41.074 40.799 40.466 40.196 40.086 40.124 40.276 40.199 39.854 39.576 39.516 39.399 39.304 39.209 39.271 39.274 39.314 39.274 39.586 39.809 39.646 39.406 39.056 38.994 38.896 38.761
40.529 40.509 40.491 40.466 40.429 40.406 40.331 40.314 40.276 40.204 40.229 40.184 40.171 40.249 40.826 41.599 42.121 42.399 42.386 42.296 42.106 41.519 41.379 41.214 41.236 41.259 41.216 41.619 41.421 41.381 41.584 41.904 42.011 42.094 42.011 41.884 41.904 41.946 41.841 41.749 41.654 41.696 41.524 40.996 40.514 40.584 40.661 40.391 40.106 39.919 39.759 39.684 39.571 39.651 39.616 39.516 39.406 39.319 39.229 39.164 39.121 39.246 39.241 39.269 39.161 39.174 39.511 38.866 38.711 38.514 38.436 38.489 38.441
40.524 40.424 40.476 40.469 40.429 40.394 40.289 40.294 40.266 40.236 40.296 40.174 40.161 40.319 40.824 41.554 41.906 42.339 42.759 42.969 42.731 42.059 41.966 41.974 41.969 41.876 41.731 42.079 42.239 42.039 42.239 42.156 42.421 42.281 41.976 42.109 42.161 42.114 41.766 41.596 41.574 41.454 41.194 40.774 40.296 40.161 39.934 39.789 39.634 39.566 39.529 39.476 39.379 39.306 39.291 39.199 39.104 38.984 39.044 38.971 38.931 39.091 39.229 39.214 39.196 39.096 39.211 39.129 38.846 38.649 38.454 38.471 38.239
40.484 40.449 40.469 40.401 40.359 40.339 40.319 40.286 40.239 40.256 40.241 40.131 40.161 40.279 40.781 41.366 41.669 42.034 42.401 42.581 42.506 42.271 42.349 42.654 42.361 42.131 42.164 42.264 42.624 42.491 42.441 42.001 41.929 41.739 41.366 41.304 41.344 41.261 41.014 40.766 40.909 40.756 40.474 40.164 39.909 39.694 39.526 39.521 39.446 39.369 39.309 39.221 39.121 39.109 39.219 39.176 39.054 38.766 38.726 38.829 38.969 39.066 39.081 39.224 39.224 39.224 39.391 39.386 39.024 38.849 38.781 38.446 38.024
40.526 40.514 40.439 40.396 40.364 40.374 40.341 40.349 40.251 40.229 40.186 40.121 40.231 40.384 40.661 40.959 40.936 40.931 41.456 41.846 41.499 41.494 41.549 42.021 41.961 41.924 41.901 41.714 42.141 42.341 42.064 41.261 40.806 40.921 40.894 40.839 40.609 40.281 40.071 39.876 39.856 39.854 39.756 39.619 39.524 39.476 39.381 39.354 39.204 39.174 39.211 39.211 39.186 39.136 39.169 39.221 39.149 38.946 38.904 39.079 39.054 38.886 38.946 39.109 39.191 39.381 39.591 39.381 39.031 38.714 38.424 38.129 38.251
40.571 40.514 40.449 40.391 40.424 40.376 40.371 40.326 40.249 40.181 40.124 40.141 40.324 40.466 40.529 40.284 40.071 40.086 40.479 40.696 40.506 40.316 40.389 40.681 40.824 41.094 41.044 40.741 41.039 41.181 41.104 40.551 40.096 40.119 40.369 40.244 39.889 39.706 39.604 39.446 39.434 39.331 39.244 39.216 39.206 39.226 39.194 39.131 38.789 39.016 39.259 39.231 39.209 39.169 39.099 39.214 39.144 38.971 38.981 39.136 39.126 39.079 39.074 39.291 39.524 39.626 39.389 38.886 38.461 38.256 38.271 38.541 38.691
40.594 40.536 40.489 40.421 40.411 40.351 40.376 40.284 40.226 40.144 40.134 40.154 40.201 40.264 40.204 39.874 39.604 39.411 39.469 39.641 39.639 39.584 39.634 39.766 39.889 40.144 40.241 40.091 40.199 40.124 40.049 39.964 39.831 39.691 39.746 39.539 39.294 39.264 39.161 39.124 39.171 38.986 38.876 39.151 39.086 39.124 39.059 38.976 38.896 38.976 39.229 39.244 39.219 39.099 39.094 39.201 39.096 38.936 38.839 38.894 39.116 39.224 39.374 39.576 39.524 39.091 38.686 38.584 38.111 38.389 38.721 38.751 38.709
40.646 40.586 40.519 40.479 40.424 40.391 40.314 40.229 40.166 40.114 40.081 40.054 40.084 40.114 39.939 39.469 39.339 39.214 39.324 39.436 39.454 39.276 39.156 39.136 39.221 39.346 39.579 39.601 39.559 39.431 39.429 39.481 39.439 39.464 39.349 39.184 38.976 38.966 39.051 39.084 39.079 38.969 38.899 39.031 39.081 39.156 39.094 39.016 39.081 39.091 39.199 39.236 39.271 39.246 39.204 39.234 39.134 39.006 38.919 38.744 38.736 39.181 39.204 39.196 38.999 38.571 38.194 38.436 38.496 38.674 38.874 38.831 38.706
40.734 40.649 40.574 40.499 40.451 40.414 40.354 40.229 40.156 40.114 40.089 40.011 39.964 39.969 39.796 39.199 39.089 39.096 39.239 39.384 39.459 39.344 39.229 39.196 39.271 39.304 39.469 39.516 39.476 39.321 39.244 39.201 39.266 39.314 39.131 38.931 38.881 39.039 38.956 39.015 39.162 39.061 38.934 39.101 39.131 39.181 39.101 39.064 39.144 39.166 39.199 39.241 39.256 39.331 39.296 39.246 39.191 39.106 39.059 38.836 38.529 38.811 38.771 38.601 38.361 38.324 38.351 38.631 38.684 38.729 38.779 38.754 38.656
40.744 40.624 40.574 40.519 40.464 40.444 40.369 40.274 40.189 40.081 40.061 40.001 39.941 39.884 39.714 39.129 38.944 39.009 39.164 39.316 39.459 39.414 39.301 39.256 39.299 39.294 39.451 39.524 39.489 39.354 39.289 39.141 39.164 39.181 38.979 38.929 39.094 39.145 39.133 39.137 39.201 39.141 39.089 39.211 39.226 39.214 39.094 39.091 39.149 39.149 39.156 39.201 39.226 39.281 39.346 39.324 39.251 39.201 39.131 38.819 38.496 38.459 38.411 38.299 38.346 38.534 38.581 38.529 38.494 38.526 38.479 38.409 38.399
40.719 40.651 40.586 40.509 40.441 40.414 40.349 40.229 40.134 40.039 40.026 39.954 39.894 39.841 39.599 39.341 39.041 39.021 39.181 39.341 39.464 39.461 39.379 39.321 39.321 39.284 39.431 39.526 39.509 39.404 39.311 39.141 39.061 39.021 38.964 39.136 39.319 39.339 39.335 39.362 39.341 39.086 39.211 39.276 39.259 39.166 39.149 39.144 39.176 39.166 39.129 39.146 39.181 39.229 39.266 39.359 39.356 39.291 39.136 38.766 38.424 38.271 38.291 38.556 38.771 38.721 38.456 38.439 38.311 38.364 38.301 38.459 38.571
40.784 40.691 40.609 40.546 40.479 40.386 40.261 40.156 40.111 40.079 39.989 39.881 39.891 39.834 39.591 39.384 39.206 39.124 39.221 39.371 39.459 39.436 39.444 39.384 39.319 39.274 39.416 39.519 39.541 39.459 39.329 39.159 39.006 39.001 39.166 39.356 39.544 39.626 39.621 39.596 39.351 38.949 39.101 39.116 39.084 39.101 39.114 39.151 39.171 39.181 39.174 39.156 39.169 39.259 39.199 39.206 39.291 39.314 39.049 38.629 38.321 38.584 38.851 38.861 38.839 38.704 38.481 38.691 38.694 38.806 38.884 39.059 39.154
40.814 40.779 40.684 40.664 40.584 40.501 40.349 40.216 40.204 40.209 40.066 39.939 39.904 39.781 39.639 39.604 39.399 39.314 39.276 39.366 39.451 39.421 39.439 39.436 39.316 39.259 39.399 39.509 39.574 39.499 39.346 39.139 39.029 39.079 39.279 39.461 39.641 39.784 39.821 39.684 39.251 38.814 38.939 38.954 38.996 39.044 39.041 39.119 39.221 39.241 39.211 39.231 39.131 39.161 39.084 39.031 39.111 38.931 38.446 38.299 38.584 38.736 38.824 38.841 38.826 38.504 38.429 38.831 39.206 39.369 39.604 39.794 39.849
40.261 40.379 40.306 40.311 40.384 40.294 40.249 40.226 40.126 40.051 40.016 39.939 39.889 39.701 39.611 39.779 39.629 39.611 39.486 39.446 39.486 39.466 39.441 39.514 39.539 39.434 39.506 39.574 39.614 39.481 39.201 39.156 39.164 39.101 39.179 39.376 39.569 39.699 39.651 39.484 39.151 38.984 38.916 38.941 38.981 38.999 38.974 39.074 39.199 39.296 39.264 39.359 39.274 38.989 38.906 38.851 38.779 38.414 38.494 38.661 38.644 38.754 38.676 38.814 38.654 38.374 38.619 39.269 39.881 40.356 40.586 40.626 40.706
39.869 39.769 39.789 39.756 39.836 39.711 39.831 39.954 39.771 39.751 39.751 39.729 39.704 39.509 39.604 39.736 39.614 39.674 39.626 39.594 39.591 39.599 39.604 39.624 39.686 39.754 39.796 39.754 39.504 39.204 39.079 39.149 39.104 39.046 39.044 39.169 39.289 39.356 39.361 39.256 39.154 39.144 39.164 39.199 39.176 39.109 39.099 39.236 39.374 39.504 39.554 39.681 39.446 39.044 38.861 38.694 38.499 38.481 38.696 38.851 38.649 38.519 38.361 38.441 38.496 38.696 39.136 39.911 40.526 40.809 40.944 41.056 41.201
40.354 40.221 39.984 39.849 39.834 40.146 40.104 39.769 39.636 39.494 39.444 39.441 39.409 39.329 39.359 39.271 39.159 39.076 39.154 39.281 39.386 39.316 39.369 39.384 39.436 39.461 39.786 39.634 39.251 38.989 38.986 38.981 38.914 38.966 38.939 39.011 39.044 39.126 39.166 39.081 39.054 39.084 39.196 39.289 39.296 39.099 39.039 39.156 39.271 39.351 39.526 39.591 39.311 38.931 38.686 38.646 38.659 38.744 38.869 38.824 38.441 38.459 38.581 38.784 39.011 39.434 39.901 40.596 40.899 41.036 41.094 41.259 41.389
40.499 40.446 40.281 40.126 40.186 40.366 40.311 40.046 39.859 39.959 39.944 39.949 39.724 39.679 39.514 39.481 39.409 39.251 39.126 39.166 39.169 39.176 39.164 39.139 39.016 39.076 39.489 39.446 38.984 38.899 38.871 38.761 38.744 38.869 38.814 38.751 38.801 38.921 38.969 38.921 38.939 38.984 39.156 39.336 39.286 38.886 38.799 38.911 39.014 39.019 39.059 39.131 38.799 38.556 38.799 38.939 38.956 38.994 38.969 38.734 38.411 38.771 39.121 39.594 40.059 40.466 40.839 41.086 41.144 41.236 41.236 41.401 41.481
40.474 40.434 40.334 40.306 40.416 40.514 40.479 40.309 40.214 40.176 40.081 40.004 39.944 40.016 39.971 39.819 39.744 39.506 39.421 39.476 39.441 39.341 39.291 39.316 39.359 39.421 39.546 39.421 39.076 39.046 39.009 38.856 38.801 38.926 38.919 38.696 38.681 38.764 38.791 38.779 38.776 38.801 38.816 39.081 39.031 38.646 38.574 38.664 38.706 38.749 38.631 38.596 38.476 38.734 38.949 39.129 39.114 39.146 39.061 38.484 38.519 39.104 39.841 40.534 40.924 41.064 41.234 41.346 41.429 41.501 41.461 41.449 41.554
40.351 40.424 40.399 40.389 40.439 40.486 40.481 40.366 40.219 40.146 40.084 40.014 39.964 40.056 40.114 39.966 40.034 39.896 39.746 39.744 39.701 39.626 39.489 39.446 39.504 39.619 39.681 39.634 39.446 39.256 39.194 39.204 39.211 39.229 39.234 39.151 39.039 38.941 38.969 38.959 38.869 38.911 38.936 38.939 38.889 38.589 38.546 38.489 38.464 38.461 38.484 38.681 38.841 39.031 39.034 39.094 39.064 39.104 38.846 38.524 38.954 39.724 40.394 40.961 41.176 41.364 41.464 41.499 41.549 41.574 41.581 41.581 41.691
40.421 40.501 40.489 40.481 40.421 40.469 40.436 40.374 40.216 40.104 40.104 40.071 40.061 40.086 40.274 40.246 40.279 40.301 40.156 40.014 40.014 39.849 39.656 39.629 39.639 39.729 39.806 39.786 39.661 39.441 39.339 39.359 39.311 39.169 39.139 39.121 39.109 39.104 39.154 39.119 38.989 39.051 39.091 39.069 39.071 38.964 38.786 38.746 38.699 38.704 38.841 38.901 39.026 39.099 39.081 39.014 39.014 38.991 38.584 38.619 39.261 40.271 40.756 40.921 41.176 41.456 41.544 41.629 41.689 41.721 41.724 41.779 41.774
40.459 40.486 40.509 40.501 40.486 40.521 40.529 40.451 40.279 40.166 40.189 40.164 40.174 40.246 40.434 40.446 40.461 40.446 40.346 40.166 40.109 40.016 39.921 39.824 39.799 39.779 39.864 39.866 39.774 39.554 39.344 39.286 39.274 39.171 39.089 39.109 39.091 39.126 39.176 39.219 39.111 39.159 39.109 39.051 39.059 39.049 38.981 38.971 38.909 38.904 38.931 38.959 39.026 39.046 39.034 38.939 38.836 38.816 38.366 38.874 39.676 40.654 40.924 40.899 41.166 41.411 41.591 41.781 41.819 41.896 41.884 41.904 41.876
40.474 40.496 40.574 40.616 40.569 40.574 40.611 40.471 40.379 40.321 40.279 40.244 40.261 40.361 40.389 40.451 40.599 40.526 40.491 40.391 40.264 40.254 40.259 40.114 40.051 40.089 40.146 40.006 39.856 39.529 39.259 39.324 39.314 39.244 39.159 39.209 39.231 39.206 39.291 39.306 39.261 39.239 39.069 39.029 39.026 39.046 39.101 39.059 38.954 38.886 38.926 38.999 39.006 39.009 38.859 38.606 38.574 38.524 38.709 39.374 40.204 40.891 41.104 41.179 41.351 41.479 41.656 41.886 41.976 42.009 41.959 41.951 41.904
40.586 40.624 40.609 40.661 40.591 40.631 40.611 40.516 40.414 40.439 40.391 40.239 40.286 40.431 40.374 40.441 40.564 40.509 40.484 40.456 40.416 40.451 40.404 40.311 40.239 40.366 40.281 40.049 39.894 39.589 39.394 39.484 39.359 39.381 39.429 39.454 39.509 39.516 39.474 39.471 39.441 39.351 39.151 39.089 39.006 39.026 39.044 39.126 39.121 39.119 39.141 39.124 39.051 38.946 38.726 38.509 38.769 38.944 39.326 40.089 40.711 41.081 41.164 41.256 41.464 41.614 41.744 41.936 42.124 42.119 42.071 42.029 41.951
40.701 40.689 40.614 40.704 40.659 40.674 40.551 40.451 40.356 40.376 40.414 40.256 40.374 40.489 40.426 40.436 40.616 40.544 40.471 40.441 40.466 40.484 40.494 40.391 40.371 40.476 40.406 40.251 39.961 39.816 39.739 39.666 39.546 39.514 39.556 39.634 39.691 39.679 39.621 39.626 39.604 39.529 39.319 39.179 39.086 39.046 39.081 39.204 39.269 39.306 39.371 39.366 39.179 39.016 38.541 38.539 39.094 39.324 40.056 40.824 41.196 41.221 41.261 41.436 41.619 41.704 41.841 42.066 42.189 42.194 42.169 42.064 41.901
40.726 40.699 40.656 40.729 40.761 40.704 40.611 40.394 40.234 40.309 40.459 40.494 40.434 40.511 40.429 40.486 40.664 40.579 40.476 40.399 40.389 40.346 40.374 40.401 40.521 40.616 40.586 40.441 40.096 39.994 39.946 39.826 39.759 39.726 39.679 39.739 39.751 39.766 39.734 39.691 39.651 39.659 39.506 39.311 39.179 39.159 39.234 39.294 39.366 39.424 39.446 39.344 39.184 38.951 38.544 38.586 39.206 39.644 40.589 41.206 41.399 41.389 41.416 41.519 41.621 41.724 41.859 42.079 42.279 42.249 42.199 42.081 41.911
40.749 40.679 40.716 40.844 40.804 40.656 40.616 40.516 40.424 40.484 40.559 40.641 40.536 40.464 40.444 40.469 40.634 40.631 40.494 40.436 40.471 40.434 40.416 40.384 40.504 40.509 40.384 40.271 40.146 40.151 40.124 40.031 39.926 39.859 39.834 39.881 39.871 39.884 39.834 39.796 39.724 39.681 39.606 39.466 39.294 39.249 39.336 39.351 39.286 39.344 39.404 39.224 38.869 38.611 38.539 38.576 39.274 40.024 40.909 41.511 41.534 41.509 41.526 41.586 41.611 41.729 41.956 42.194 42.371 42.341 42.234 42.116 42.009
