LIDAR/se2685_DTM_2M.asc
ncols 500
nrows 500
xllcorner    426000
yllcorner    485000
cellsize     2
NODATA_value -9999
[rows 0 to 31 of 500, columns 365 to 437 of 500]
36.261 36.331 36.451 36.561 36.716 37.036 37.201 37.243 37.018 36.561 36.236 36.096 35.981 35.896 35.953 35.863 35.983 36.128 36.158 36.183 36.198 36.146 36.193 36.133 36.068 36.041 35.913 35.888 35.886 35.868 35.888 35.858 35.883 35.963 35.886 35.831 35.883 35.886 35.926 35.893 35.978 36.003 35.871 35.788 35.668 35.556 35.496 35.416 35.343 35.173 35.043 34.978 35.023 35.093 35.123 35.178 35.133 35.018 34.856 34.803 34.718 34.686 34.673 34.553 34.396 34.338 34.228 34.206 34.188 34.303 34.256 34.291 34.348
36.496 36.571 36.633 36.718 36.901 37.233 37.301 37.196 36.933 36.573 36.301 36.198 36.201 36.216 36.273 36.148 36.216 36.226 36.293 36.531 36.588 36.411 36.466 36.363 36.206 36.196 36.101 36.056 36.026 36.003 35.961 35.968 35.978 36.106 36.081 35.973 35.983 35.963 36.038 36.041 36.076 36.116 36.043 35.971 35.858 35.766 35.663 35.573 35.481 35.383 35.261 35.178 35.106 35.121 35.081 35.108 35.133 35.068 34.953 34.831 34.788 34.738 34.713 34.653 34.506 34.516 34.458 34.401 34.391 34.431 34.351 34.413 34.526
36.766 36.798 36.726 36.783 37.088 37.333 37.313 37.213 36.983 36.613 36.393 36.328 36.363 36.373 36.363 36.308 36.391 36.386 36.408 36.641 36.721 36.766 36.713 36.678 36.523 36.381 36.331 36.211 36.138 36.133 36.116 36.113 36.116 36.203 36.266 36.106 36.141 36.103 36.138 36.128 36.178 36.178 36.128 36.048 36.006 35.946 35.841 35.806 35.638 35.451 35.296 35.231 35.116 35.063 35.036 35.076 35.133 35.088 34.998 34.863 34.718 34.646 34.731 34.726 34.661 34.671 34.566 34.501 34.478 34.516 34.543 34.608 34.763
36.966 37.028 36.898 36.903 37.243 37.401 37.373 37.271 36.956 36.623 36.293 36.398 36.468 36.568 36.633 36.533 36.583 36.596 36.546 36.753 36.858 36.896 36.861 36.841 36.766 36.688 36.596 36.393 36.293 36.248 36.273 36.278 36.283 36.296 36.323 36.248 36.236 36.253 36.261 36.248 36.236 36.193 36.166 36.196 36.123 36.048 35.911 35.828 35.708 35.488 35.411 35.231 35.133 35.051 35.031 35.076 35.121 35.106 34.906 34.786 34.713 34.663 34.683 34.658 34.711 34.736 34.663 34.603 34.686 34.726 34.716 34.768 34.888
37.133 37.203 37.198 37.298 37.396 37.483 37.293 36.941 36.843 36.536 36.433 36.586 36.631 36.736 36.846 36.888 36.898 36.876 36.816 36.943 36.998 37.041 36.948 36.951 36.856 36.863 36.788 36.571 36.313 36.358 36.396 36.418 36.401 36.416 36.356 36.281 36.226 36.268 36.331 36.336 36.316 36.273 36.261 36.226 36.061 36.038 36.026 35.878 35.786 35.676 35.453 35.268 35.151 35.058 35.033 35.028 35.081 35.061 34.943 34.801 34.731 34.721 34.698 34.688 34.738 34.763 34.781 34.793 34.846 34.841 34.788 34.898 34.993
37.323 37.338 37.293 37.391 37.521 37.493 37.278 37.021 36.788 36.643 36.761 36.871 36.911 36.988 37.018 37.236 37.321 37.281 37.108 37.098 37.133 37.163 37.138 37.008 36.896 36.853 36.811 36.751 36.603 36.516 36.523 36.571 36.561 36.508 36.448 36.391 36.328 36.376 36.451 36.408 36.348 36.363 36.336 36.246 36.053 36.053 36.003 35.863 35.868 35.778 35.523 35.321 35.228 35.131 35.026 35.076 35.083 35.026 34.931 34.821 34.758 34.678 34.748 34.783 34.803 34.816 34.893 34.868 34.841 34.801 34.783 34.891 34.998
37.463 37.478 37.476 37.551 37.641 37.566 37.488 37.148 36.901 36.918 37.076 37.173 37.273 37.288 37.311 37.516 37.558 37.483 37.436 37.413 37.326 37.158 37.118 37.043 37.131 37.036 36.858 36.768 36.701 36.703 36.666 36.658 36.663 36.658 36.601 36.546 36.473 36.476 36.498 36.468 36.381 36.423 36.376 36.281 36.296 36.238 36.173 36.006 35.958 35.821 35.631 35.493 35.296 35.218 35.116 35.106 35.111 35.001 34.898 34.818 34.758 34.723 34.806 34.858 34.881 34.918 34.956 34.878 34.858 34.808 34.758 34.816 34.931
37.536 37.588 37.673 37.696 37.663 37.686 37.651 37.386 37.136 37.251 37.373 37.373 37.461 37.463 37.568 37.748 37.778 37.706 37.653 37.593 37.438 37.261 37.123 37.186 37.261 37.201 37.001 36.898 36.826 36.841 36.813 36.741 36.733 36.763 36.753 36.696 36.616 36.576 36.548 36.541 36.521 36.476 36.436 36.383 36.346 36.321 36.288 36.201 36.068 35.951 35.776 35.653 35.471 35.281 35.146 35.196 35.138 35.048 34.921 34.868 34.758 34.768 34.841 34.876 34.896 34.966 35.016 34.916 34.756 34.708 34.691 34.778 34.901
37.593 37.711 37.788 37.796 37.803 37.781 37.751 37.601 37.483 37.578 37.666 37.618 37.656 37.706 37.798 37.933 37.931 37.836 37.813 37.668 37.551 37.443 37.401 37.363 37.286 37.291 37.296 37.128 36.941 36.881 36.848 36.808 36.801 36.833 36.866 36.848 36.761 36.678 36.613 36.586 36.568 36.553 36.526 36.451 36.428 36.366 36.336 36.246 36.171 36.043 35.888 35.726 35.583 35.391 35.256 35.326 35.231 35.111 35.008 34.933 34.798 34.783 34.866 34.863 34.908 35.023 34.998 34.876 34.703 34.671 34.706 34.881 34.998
37.713 37.856 37.906 37.933 37.946 37.876 37.828 37.736 37.678 37.886 37.943 37.988 38.043 38.036 38.133 38.211 38.088 38.071 37.956 37.781 37.638 37.566 37.508 37.403 37.236 37.316 37.446 37.373 37.068 36.943 36.933 36.883 36.866 36.896 36.933 36.951 36.848 36.733 36.643 36.591 36.606 36.548 36.536 36.483 36.443 36.421 36.441 36.378 36.221 36.153 36.023 35.931 35.733 35.531 35.416 35.421 35.383 35.143 35.053 34.966 34.886 34.808 34.901 34.943 34.911 35.001 34.948 34.866 34.758 34.721 34.781 34.911 35.028
37.956 38.043 38.098 38.111 38.081 38.046 38.056 37.971 37.946 38.126 38.181 38.336 38.298 38.278 38.408 38.256 38.158 38.141 38.096 37.951 37.776 37.653 37.586 37.501 37.438 37.451 37.413 37.378 37.233 37.013 37.008 36.983 36.916 36.878 36.896 36.918 36.816 36.736 36.676 36.608 36.616 36.613 36.638 36.541 36.551 36.538 36.541 36.503 36.371 36.258 36.213 36.081 35.796 35.628 35.491 35.468 35.411 35.258 35.061 34.996 34.948 34.876 34.886 34.953 34.968 34.978 34.893 34.828 34.738 34.793 34.891 35.018 35.021
38.236 38.236 38.226 38.248 38.243 38.281 38.291 38.263 38.331 38.441 38.511 38.578 38.571 38.578 38.483 38.341 38.226 38.216 38.176 38.021 37.868 37.763 37.681 37.716 37.658 37.593 37.423 37.271 37.156 37.076 37.096 37.051 36.931 36.903 36.911 36.921 36.846 36.778 36.708 36.656 36.673 36.648 36.618 36.598 36.608 36.623 36.611 36.543 36.398 36.293 36.273 36.078 35.853 35.691 35.576 35.558 35.418 35.326 35.161 35.036 34.953 34.921 34.896 34.951 34.958 34.956 34.888 34.786 34.771 34.823 34.973 35.156 35.038
38.483 38.448 38.426 38.398 38.496 38.541 38.548 38.536 38.691 38.796 38.793 38.756 38.786 38.753 38.568 38.448 38.348 38.321 38.198 38.046 37.976 37.906 37.881 37.831 37.621 37.656 37.523 37.381 37.211 37.106 37.188 37.131 36.956 36.956 36.941 36.953 36.863 36.833 36.843 36.811 36.738 36.671 36.621 36.616 36.613 36.633 36.616 36.561 36.371 36.326 36.291 36.158 35.971 35.728 35.586 35.601 35.501 35.368 35.181 35.081 34.991 34.998 34.963 34.941 34.928 34.891 34.826 34.788 34.808 34.916 35.066 35.136 35.051
38.671 38.658 38.591 38.623 38.851 38.918 38.858 38.906 38.931 38.888 38.916 38.908 38.888 38.838 38.733 38.556 38.486 38.373 38.273 38.093 38.046 37.986 38.018 37.951 37.778 37.713 37.636 37.538 37.348 37.261 37.291 37.246 37.123 37.111 37.061 37.073 36.981 36.963 36.931 36.881 36.768 36.691 36.636 36.636 36.608 36.606 36.616 36.561 36.513 36.436 36.313 36.183 35.988 35.756 35.646 35.628 35.566 35.431 35.148 35.081 35.088 35.048 34.961 34.928 34.936 34.926 34.898 34.893 34.953 35.031 35.113 35.118 35.048
38.836 38.793 38.731 38.818 38.936 39.036 39.078 39.076 38.981 38.933 38.936 39.011 39.043 38.903 38.903 38.916 38.716 38.538 38.343 38.171 38.081 38.101 38.091 37.956 37.898 37.861 37.746 37.653 37.541 37.471 37.371 37.296 37.256 37.183 37.083 37.098 37.048 36.993 36.898 36.793 36.773 36.713 36.696 36.683 36.603 36.613 36.668 36.551 36.531 36.513 36.426 36.228 36.093 35.871 35.738 35.658 35.616 35.486 35.233 35.106 35.093 35.068 35.058 34.981 34.928 34.943 34.988 35.011 35.101 35.123 35.088 35.061 35.013
38.963 38.853 38.923 39.058 39.206 39.118 39.238 39.241 39.098 38.973 38.983 39.051 39.086 39.021 38.958 38.958 38.911 38.803 38.588 38.338 38.181 38.236 38.086 37.933 38.003 38.058 37.848 37.733 37.641 37.568 37.446 37.326 37.308 37.196 37.088 37.061 37.053 36.983 36.918 36.808 36.741 36.716 36.726 36.723 36.648 36.596 36.688 36.601 36.588 36.623 36.463 36.261 36.071 35.951 35.781 35.766 35.708 35.526 35.323 35.223 35.158 35.128 35.111 35.088 35.036 35.021 35.093 35.126 35.163 35.133 35.123 35.103 35.043
39.026 38.971 39.051 39.193 39.346 39.438 39.433 39.406 39.258 39.158 39.091 39.096 39.133 39.206 39.133 39.016 38.961 38.918 38.758 38.463 38.398 38.378 38.216 38.043 38.073 38.058 37.881 37.768 37.683 37.606 37.498 37.371 37.271 37.193 37.118 37.118 37.098 37.036 36.996 36.898 36.781 36.751 36.733 36.731 36.641 36.583 36.691 36.668 36.613 36.653 36.436 36.228 36.063 35.888 35.828 35.846 35.818 35.593 35.361 35.283 35.251 35.256 35.281 35.178 35.138 35.151 35.191 35.231 35.213 35.168 35.116 35.146 35.038
39.178 39.158 39.176 39.228 39.301 39.501 39.503 39.441 39.416 39.468 39.381 39.291 39.281 39.241 39.231 39.181 39.061 38.958 38.808 38.698 38.568 38.533 38.343 38.193 38.126 38.118 37.971 37.828 37.683 37.603 37.521 37.393 37.301 37.281 37.201 37.128 37.126 37.083 37.018 36.916 36.808 36.781 36.726 36.751 36.701 36.551 36.588 36.623 36.573 36.516 36.358 36.196 36.088 35.956 35.926 35.928 35.816 35.648 35.493 35.398 35.298 35.291 35.271 35.253 35.236 35.243 35.233 35.143 35.106 35.151 35.111 35.096 35.143
39.353 39.348 39.313 39.276 39.338 39.438 39.436 39.366 39.408 39.523 39.496 39.381 39.408 39.241 39.196 39.176 39.151 39.053 38.921 38.876 38.773 38.676 38.471 38.301 38.261 38.173 37.996 37.851 37.758 37.651 37.591 37.453 37.416 37.356 37.263 37.168 37.178 37.126 37.026 36.901 36.806 36.783 36.716 36.738 36.701 36.528 36.556 36.571 36.513 36.406 36.316 36.228 36.091 36.033 36.001 35.971 35.818 35.641 35.511 35.421 35.321 35.291 35.298 35.288 35.266 35.233 35.196 35.063 35.028 35.168 35.188 35.188 35.226
39.436 39.416 39.406 39.386 39.398 39.436 39.398 39.373 39.411 39.466 39.468 39.418 39.361 39.201 39.148 39.118 39.058 38.973 38.951 38.876 38.856 38.771 38.521 38.341 38.326 38.196 38.048 37.966 37.846 37.751 37.663 37.558 37.463 37.418 37.341 37.203 37.186 37.148 37.056 36.966 36.828 36.743 36.736 36.658 36.598 36.488 36.551 36.566 36.456 36.343 36.296 36.241 36.136 36.123 36.058 35.976 35.853 35.666 35.513 35.453 35.368 35.283 35.293 35.276 35.253 35.226 35.228 35.176 35.183 35.216 35.343 35.346 35.518
39.513 39.476 39.473 39.466 39.513 39.501 39.481 39.461 39.453 39.466 39.441 39.351 39.238 39.156 39.081 39.033 38.963 38.886 38.761 38.646 38.698 38.703 38.516 38.373 38.303 38.228 38.166 38.068 37.941 37.826 37.736 37.623 37.536 37.476 37.421 37.296 37.193 37.133 37.058 36.953 36.791 36.703 36.698 36.608 36.631 36.558 36.528 36.518 36.478 36.376 36.306 36.238 36.171 36.146 36.108 36.086 35.868 35.656 35.536 35.508 35.453 35.356 35.333 35.316 35.281 35.291 35.301 35.283 35.338 35.308 35.458 35.653 35.883
39.638 39.553 39.548 39.558 39.581 39.566 39.558 39.543 39.536 39.521 39.451 39.318 39.181 39.083 39.046 38.963 38.931 38.873 38.571 38.513 38.623 38.643 38.506 38.401 38.308 38.273 38.223 38.128 37.998 37.873 37.811 37.691 37.558 37.513 37.446 37.293 37.143 37.133 37.068 36.953 36.798 36.708 36.681 36.628 36.658 36.601 36.513 36.466 36.431 36.373 36.288 36.278 36.168 36.103 36.008 35.983 35.801 35.706 35.648 35.638 35.563 35.516 35.498 35.448 35.468 35.503 35.463 35.546 35.668 35.758 35.873 35.963 36.046
39.678 39.641 39.601 39.616 39.641 39.596 39.586 39.586 39.578 39.573 39.528 39.371 39.211 39.151 39.091 39.026 38.941 38.851 38.766 38.666 38.638 38.606 38.523 38.441 38.346 38.281 38.228 38.158 38.066 37.891 37.806 37.736 37.578 37.493 37.423 37.286 37.116 37.113 37.091 36.946 36.816 36.708 36.661 36.613 36.613 36.523 36.501 36.446 36.371 36.296 36.238 36.251 36.161 36.078 35.938 35.901 35.853 35.788 35.748 35.718 35.751 35.763 35.716 35.743 35.701 35.811 35.878 35.981 36.043 36.058 36.068 36.171 36.141
39.731 39.733 39.673 39.643 39.658 39.638 39.636 39.643 39.558 39.551 39.503 39.383 39.188 39.163 39.048 39.008 38.901 38.836 38.776 38.683 38.571 38.551 38.543 38.446 38.378 38.328 38.271 38.196 38.081 37.921 37.821 37.773 37.581 37.528 37.418 37.316 37.176 37.121 37.071 36.951 36.821 36.698 36.641 36.571 36.526 36.528 36.438 36.408 36.341 36.286 36.246 36.243 36.178 36.046 35.916 35.833 35.878 35.881 35.906 35.901 35.976 36.006 36.006 36.056 36.063 36.038 36.143 36.256 36.171 36.156 36.141 36.181 36.188
39.831 39.846 39.821 39.816 39.748 39.683 39.661 39.678 39.616 39.548 39.471 39.338 39.218 39.173 39.038 38.951 38.843 38.783 38.766 38.691 38.636 38.608 38.501 38.428 38.343 38.316 38.233 38.171 38.083 37.946 37.836 37.786 37.613 37.501 37.411 37.321 37.216 37.083 37.041 36.963 36.836 36.701 36.626 36.581 36.543 36.538 36.453 36.416 36.358 36.266 36.216 36.203 36.131 35.968 35.841 35.898 36.026 36.071 36.103 36.146 36.166 36.168 36.171 36.186 36.218 36.171 36.241 36.238 36.231 36.236 36.261 36.286 36.218
39.951 39.938 39.913 39.918 39.976 39.981 39.906 39.841 39.738 39.646 39.548 39.416 39.278 39.208 39.113 38.958 38.833 38.768 38.753 38.681 38.606 38.548 38.438 38.378 38.318 38.223 38.181 38.131 38.091 37.946 37.851 37.773 37.631 37.546 37.448 37.351 37.213 37.108 37.083 37.036 36.916 36.791 36.621 36.551 36.556 36.561 36.483 36.433 36.318 36.216 36.196 36.146 36.056 35.918 35.951 36.113 36.226 36.256 36.243 36.191 36.233 36.231 36.196 36.206 36.203 36.211 36.318 36.331 36.393 36.343 36.273 36.321 36.301
40.016 39.978 39.976 39.976 40.028 40.091 40.076 40.028 39.988 39.818 39.721 39.573 39.436 39.316 39.138 38.938 38.816 38.723 38.706 38.638 38.498 38.433 38.373 38.333 38.283 38.193 38.173 38.156 38.156 38.056 37.933 37.823 37.708 37.558 37.436 37.391 37.283 37.153 37.116 37.076 36.956 36.803 36.638 36.563 36.538 36.548 36.551 36.371 36.253 36.183 36.178 36.163 36.018 36.043 36.086 36.238 36.323 36.291 36.283 36.231 36.223 36.231 36.196 36.218 36.306 36.353 36.396 36.403 36.416 36.328 36.313 36.331 36.376
40.053 40.053 40.036 40.023 40.021 40.071 40.046 40.061 40.046 39.968 39.918 39.768 39.581 39.381 39.193 38.953 38.791 38.681 38.601 38.481 38.348 38.356 38.293 38.221 38.213 38.191 38.166 38.161 38.151 38.068 37.936 37.848 37.738 37.588 37.493 37.418 37.338 37.186 37.086 37.081 37.003 36.801 36.643 36.558 36.511 36.581 36.608 36.431 36.268 36.206 36.181 36.116 36.126 36.208 36.208 36.228 36.223 36.236 36.206 36.218 36.256 36.266 36.318 36.348 36.381 36.366 36.386 36.438 36.348 36.281 36.333 36.331 36.276
40.176 40.161 40.128 40.073 39.986 40.046 40.053 40.081 40.086 40.013 39.968 39.863 39.696 39.446 39.183 38.961 38.771 38.618 38.518 38.393 38.303 38.283 38.223 38.178 38.201 38.183 38.143 38.173 38.158 38.101 37.971 37.891 37.788 37.618 37.538 37.471 37.398 37.236 37.086 37.068 37.028 36.836 36.666 36.608 36.526 36.593 36.618 36.436 36.323 36.263 36.211 36.178 36.223 36.261 36.241 36.256 36.263 36.263 36.246 36.291 36.316 36.353 36.336 36.418 36.406 36.403 36.433 36.433 36.393 36.303 36.278 36.223 36.176
40.256 40.198 40.198 40.161 40.116 40.118 40.128 40.148 40.151 40.136 40.048 39.938 39.768 39.558 39.243 38.943 38.708 38.568 38.498 38.381 38.311 38.241 38.193 38.161 38.186 38.168 38.173 38.231 38.238 38.166 38.048 37.906 37.813 37.673 37.576 37.488 37.388 37.263 37.096 37.061 36.988 36.886 36.731 36.638 36.558 36.603 36.651 36.491 36.316 36.273 36.253 36.196 36.246 36.323 36.318 36.316 36.356 36.393 36.381 36.411 36.418 36.406 36.438 36.378 36.321 36.413 36.401 36.398 36.278 36.273 36.273 36.268 36.223
40.291 40.238 40.271 40.281 40.228 40.226 40.226 40.233 40.231 40.226 40.163 40.058 39.936 39.741 39.406 39.063 38.851 38.611 38.466 38.388 38.323 38.271 38.273 38.241 38.243 38.248 38.256 38.283 38.268 38.233 38.133 37.961 37.786 37.711 37.573 37.481 37.398 37.296 37.126 37.058 36.993 36.913 36.758 36.656 36.596 36.591 36.603 36.456 36.388 36.338 36.316 36.283 36.378 36.473 36.468 36.406 36.423 36.461 36.503 36.538 36.548 36.448 36.368 36.303 36.346 36.336 36.281 36.261 36.238 36.258 36.216 36.186 36.201
40.346 40.336 40.371 40.398 40.366 40.311 40.291 40.318 40.343 40.323 40.246 40.163 40.061 39.916 39.606 39.213 38.973 38.748 38.533 38.446 38.388 38.336 38.296 38.303 38.303 38.336 38.338 38.326 38.281 38.248 38.121 37.976 37.831 37.686 37.586 37.471 37.411 37.283 37.096 37.023 36.981 36.923 36.798 36.708 36.668 36.631 36.628 36.396 36.366 36.371 36.388 36.531 36.543 36.593 36.568 36.468 36.438 36.528 36.578 36.583 36.528 36.386 36.271 36.256 36.233 36.206 36.226 36.226 36.203 36.186 36.168 36.158 36.158
