LIDAR/se2689_DTM_2M.asc
ncols 500
nrows 500
xllcorner    426000
yllcorner    489000
cellsize     2
NODATA_value -9999
[rows 64 to 95 of 500, columns 360 to 431 of 500]
36.427 36.464 36.467 36.432 36.369 36.569 36.694 36.719 36.762 36.779 36.797 36.819 36.854 36.852 36.854 36.857 36.857 36.849 36.822 36.789 36.779 36.782 36.774 36.777 36.767 36.792 36.787 36.784 36.797 36.787 36.754 36.764 36.737 36.729 36.709 36.667 36.639 36.597 36.577 36.572 36.512 36.507 36.502 36.487 36.444 36.477 36.504 36.517 36.509 36.504 36.512 36.487 36.482 36.472 36.454 36.454 36.432 36.434 36.442 36.457 36.429 36.404 36.352 36.327 36.309 36.222 36.182 36.167 36.124 36.082 36.034 36.074
36.312 36.339 36.319 36.297 36.334 36.527 36.622 36.669 36.724 36.734 36.759 36.764 36.814 36.804 36.819 36.864 36.844 36.837 36.812 36.817 36.792 36.769 36.772 36.779 36.779 36.752 36.772 36.769 36.749 36.757 36.762 36.732 36.692 36.709 36.677 36.639 36.624 36.614 36.582 36.542 36.522 36.494 36.474 36.442 36.439 36.422 36.449 36.452 36.457 36.444 36.467 36.454 36.427 36.409 36.407 36.404 36.402 36.414 36.412 36.414 36.424 36.407 36.337 36.287 36.267 36.194 36.159 36.132 36.077 36.047 35.994 35.992
36.264 36.304 36.322 36.264 36.304 36.477 36.549 36.592 36.672 36.699 36.714 36.717 36.777 36.777 36.774 36.797 36.822 36.832 36.809 36.809 36.819 36.794 36.764 36.749 36.744 36.742 36.749 36.754 36.744 36.712 36.714 36.672 36.637 36.642 36.652 36.624 36.587 36.574 36.557 36.537 36.512 36.492 36.462 36.412 36.412 36.424 36.422 36.419 36.424 36.417 36.432 36.454 36.409 36.407 36.369 36.412 36.402 36.379 36.394 36.404 36.409 36.364 36.339 36.324 36.267 36.182 36.089 36.067 36.052 36.009 35.964 35.942
36.174 36.297 36.324 36.294 36.307 36.442 36.537 36.529 36.582 36.637 36.662 36.694 36.732 36.737 36.732 36.744 36.767 36.762 36.807 36.799 36.784 36.787 36.749 36.742 36.754 36.719 36.717 36.709 36.699 36.697 36.667 36.642 36.614 36.592 36.584 36.584 36.577 36.557 36.529 36.514 36.467 36.457 36.437 36.429 36.404 36.387 36.382 36.377 36.409 36.382 36.402 36.417 36.419 36.402 36.372 36.417 36.397 36.412 36.384 36.374 36.362 36.317 36.267 36.217 36.179 36.137 36.044 36.027 35.989 35.977 35.922 35.872
36.032 36.149 36.259 36.222 36.284 36.434 36.504 36.492 36.519 36.557 36.589 36.622 36.679 36.699 36.749 36.742 36.737 36.747 36.782 36.797 36.769 36.767 36.762 36.744 36.717 36.699 36.697 36.669 36.649 36.652 36.629 36.599 36.594 36.592 36.547 36.559 36.542 36.527 36.497 36.512 36.472 36.432 36.419 36.432 36.397 36.412 36.364 36.404 36.384 36.367 36.379 36.384 36.387 36.367 36.384 36.414 36.427 36.419 36.369 36.359 36.344 36.294 36.252 36.154 36.099 36.064 36.027 35.997 35.987 35.922 35.864 35.789
36.017 36.152 36.222 36.127 36.149 36.407 36.449 36.404 36.444 36.512 36.549 36.577 36.634 36.657 36.684 36.699 36.704 36.734 36.777 36.774 36.792 36.774 36.737 36.697 36.689 36.672 36.672 36.627 36.609 36.612 36.604 36.574 36.572 36.549 36.527 36.537 36.519 36.504 36.479 36.459 36.454 36.427 36.404 36.419 36.399 36.409 36.394 36.397 36.399 36.402 36.387 36.389 36.379 36.362 36.379 36.382 36.384 36.392 36.382 36.352 36.319 36.292 36.229 36.152 36.089 36.022 36.012 35.952 35.904 35.879 35.799 35.754
35.919 36.087 36.214 36.069 36.052 36.272 36.354 36.362 36.387 36.444 36.479 36.504 36.574 36.602 36.624 36.667 36.687 36.712 36.737 36.757 36.774 36.769 36.722 36.692 36.667 36.657 36.639 36.604 36.584 36.584 36.562 36.569 36.539 36.562 36.529 36.519 36.504 36.507 36.472 36.462 36.429 36.434 36.422 36.407 36.424 36.424 36.402 36.394 36.399 36.414 36.414 36.404 36.394 36.372 36.364 36.369 36.382 36.357 36.362 36.337 36.312 36.277 36.207 36.149 36.059 35.994 35.962 35.929 35.854 35.827 35.734 35.689
35.859 35.992 36.107 36.007 36.044 36.217 36.299 36.334 36.354 36.384 36.429 36.474 36.512 36.577 36.607 36.632 36.689 36.719 36.734 36.737 36.752 36.769 36.757 36.714 36.699 36.682 36.644 36.629 36.597 36.567 36.544 36.549 36.532 36.527 36.509 36.502 36.502 36.504 36.482 36.467 36.457 36.479 36.449 36.424 36.414 36.452 36.427 36.412 36.417 36.417 36.457 36.409 36.392 36.384 36.372 36.389 36.374 36.357 36.337 36.314 36.244 36.207 36.164 36.127 36.052 36.032 35.977 35.917 35.837 35.772 35.689 35.634
35.842 35.912 36.014 35.922 36.052 36.194 36.227 36.262 36.282 36.332 36.399 36.454 36.477 36.517 36.577 36.612 36.654 36.697 36.724 36.724 36.734 36.724 36.714 36.682 36.689 36.674 36.652 36.609 36.544 36.534 36.489 36.499 36.519 36.494 36.464 36.469 36.464 36.472 36.494 36.492 36.469 36.462 36.454 36.434 36.439 36.449 36.447 36.427 36.422 36.427 36.442 36.392 36.387 36.379 36.397 36.412 36.389 36.359 36.339 36.289 36.204 36.157 36.109 36.049 36.027 35.972 35.947 35.882 35.812 35.702 35.629 35.619
35.864 35.907 35.889 35.774 35.892 36.144 36.169 36.214 36.229 36.269 36.359 36.394 36.437 36.472 36.522 36.579 36.622 36.629 36.642 36.677 36.694 36.687 36.672 36.652 36.622 36.612 36.597 36.592 36.559 36.534 36.469 36.472 36.467 36.442 36.444 36.437 36.427 36.464 36.499 36.499 36.489 36.479 36.462 36.439 36.462 36.439 36.429 36.434 36.424 36.434 36.414 36.397 36.377 36.349 36.362 36.397 36.362 36.299 36.292 36.267 36.174 36.132 36.067 36.007 35.937 35.929 35.874 35.812 35.752 35.664 35.587 35.577
35.827 35.874 35.797 35.692 35.804 35.982 36.089 36.172 36.172 36.217 36.274 36.329 36.374 36.389 36.467 36.509 36.559 36.582 36.589 36.637 36.667 36.644 36.649 36.657 36.627 36.619 36.559 36.539 36.522 36.492 36.482 36.429 36.437 36.412 36.417 36.417 36.424 36.437 36.474 36.504 36.509 36.497 36.479 36.472 36.479 36.442 36.442 36.449 36.427 36.427 36.387 36.387 36.372 36.332 36.329 36.339 36.319 36.259 36.247 36.204 36.149 36.089 36.007 35.957 35.902 35.862 35.799 35.732 35.674 35.614 35.557 35.544
35.709 35.727 35.712 35.667 35.772 35.952 36.049 36.084 36.112 36.142 36.219 36.284 36.309 36.349 36.409 36.482 36.532 36.547 36.584 36.607 36.614 36.622 36.642 36.614 36.594 36.559 36.532 36.504 36.494 36.482 36.457 36.409 36.404 36.379 36.384 36.384 36.402 36.419 36.419 36.452 36.489 36.462 36.449 36.462 36.464 36.457 36.469 36.419 36.427 36.422 36.384 36.372 36.354 36.307 36.329 36.317 36.244 36.209 36.199 36.154 36.104 36.027 35.952 35.927 35.884 35.844 35.794 35.719 35.649 35.579 35.529 35.517
35.714 35.657 35.597 35.627 35.814 35.924 36.014 36.024 36.047 36.087 36.194 36.277 36.264 36.299 36.384 36.412 36.464 36.527 36.562 36.584 36.564 36.617 36.619 36.607 36.549 36.529 36.527 36.472 36.442 36.444 36.424 36.417 36.384 36.397 36.342 36.372 36.379 36.424 36.442 36.429 36.477 36.467 36.424 36.439 36.442 36.437 36.464 36.439 36.442 36.434 36.407 36.374 36.332 36.262 36.274 36.264 36.217 36.169 36.137 36.054 36.017 35.957 35.882 35.864 35.839 35.804 35.767 35.702 35.619 35.587 35.527 35.507
35.677 35.632 35.529 35.514 35.739 35.917 35.999 35.997 36.009 36.037 36.087 36.202 36.229 36.257 36.302 36.377 36.427 36.477 36.522 36.529 36.559 36.594 36.614 36.582 36.554 36.547 36.527 36.464 36.452 36.449 36.419 36.397 36.387 36.379 36.352 36.382 36.409 36.414 36.432 36.502 36.499 36.479 36.457 36.439 36.437 36.437 36.417 36.444 36.462 36.437 36.394 36.379 36.337 36.239 36.252 36.227 36.184 36.117 36.062 36.009 35.984 35.909 35.829 35.802 35.782 35.759 35.722 35.689 35.609 35.562 35.497 35.497
35.599 35.539 35.429 35.477 35.624 35.837 36.004 36.019 35.999 35.999 36.027 36.117 36.179 36.239 36.267 36.329 36.407 36.429 36.487 36.522 36.549 36.552 36.619 36.587 36.582 36.574 36.507 36.489 36.497 36.464 36.434 36.409 36.409 36.377 36.357 36.377 36.402 36.424 36.429 36.487 36.482 36.477 36.484 36.424 36.449 36.449 36.449 36.447 36.454 36.442 36.397 36.394 36.314 36.239 36.232 36.184 36.162 36.114 36.024 35.922 35.872 35.837 35.757 35.742 35.732 35.722 35.689 35.669 35.619 35.574 35.547 35.514
35.412 35.409 35.329 35.414 35.604 35.782 35.939 36.004 36.007 35.999 36.014 36.064 36.122 36.187 36.219 36.274 36.344 36.409 36.462 36.489 36.534 36.539 36.592 36.587 36.587 36.569 36.532 36.517 36.502 36.479 36.437 36.409 36.399 36.389 36.362 36.339 36.399 36.417 36.447 36.474 36.459 36.487 36.462 36.424 36.432 36.422 36.437 36.444 36.467 36.427 36.394 36.339 36.254 36.219 36.204 36.162 36.087 36.064 35.999 35.922 35.862 35.779 35.704 35.682 35.694 35.669 35.667 35.649 35.604 35.589 35.569 35.539
35.089 35.079 35.107 35.182 35.404 35.717 35.902 35.997 36.014 36.014 35.974 35.984 36.092 36.134 36.174 36.247 36.307 36.382 36.424 36.462 36.509 36.549 36.567 36.614 36.592 36.572 36.547 36.534 36.502 36.487 36.447 36.434 36.397 36.404 36.379 36.369 36.369 36.399 36.419 36.427 36.434 36.414 36.402 36.397 36.437 36.424 36.412 36.427 36.447 36.429 36.399 36.314 36.209 36.157 36.177 36.114 36.039 36.012 35.967 35.887 35.809 35.747 35.697 35.682 35.669 35.672 35.629 35.602 35.602 35.607 35.597 35.572
34.987 35.009 35.022 35.029 35.187 35.559 35.882 36.012 36.002 35.997 35.957 35.942 36.047 36.104 36.149 36.207 36.282 36.349 36.382 36.447 36.467 36.507 36.537 36.582 36.567 36.552 36.509 36.537 36.499 36.492 36.472 36.424 36.394 36.389 36.394 36.367 36.357 36.357 36.369 36.394 36.374 36.372 36.369 36.339 36.382 36.394 36.392 36.409 36.382 36.364 36.344 36.302 36.197 36.152 36.134 36.059 36.007 35.942 35.874 35.824 35.717 35.674 35.669 35.659 35.634 35.614 35.582 35.572 35.584 35.587 35.597 35.564
35.059 35.022 35.032 35.042 35.032 35.402 35.822 35.979 35.999 35.999 35.967 35.932 35.999 36.094 36.134 36.174 36.234 36.309 36.339 36.389 36.439 36.467 36.499 36.522 36.534 36.517 36.504 36.524 36.484 36.467 36.449 36.434 36.419 36.412 36.407 36.379 36.349 36.334 36.332 36.342 36.304 36.319 36.324 36.334 36.342 36.342 36.367 36.384 36.352 36.354 36.312 36.274 36.157 36.099 36.099 36.032 35.984 35.917 35.869 35.779 35.674 35.627 35.632 35.632 35.609 35.562 35.584 35.612 35.589 35.597 35.587 35.582
35.197 35.037 35.037 34.999 35.019 35.342 35.762 35.972 35.992 35.964 35.932 35.917 35.982 36.084 36.132 36.159 36.217 36.264 36.289 36.344 36.369 36.422 36.469 36.499 36.504 36.499 36.492 36.464 36.457 36.439 36.444 36.394 36.399 36.379 36.369 36.379 36.364 36.342 36.322 36.327 36.277 36.287 36.292 36.322 36.302 36.329 36.339 36.347 36.332 36.329 36.322 36.239 36.134 36.069 36.047 35.997 35.947 35.877 35.852 35.727 35.644 35.584 35.587 35.587 35.572 35.557 35.587 35.594 35.599 35.584 35.554 35.564
35.357 35.019 34.999 35.002 35.039 35.372 35.814 36.007 36.014 35.944 35.909 35.882 35.962 36.044 36.164 36.194 36.204 36.217 36.287 36.332 36.342 36.397 36.412 36.439 36.459 36.457 36.467 36.444 36.422 36.417 36.439 36.377 36.369 36.352 36.364 36.372 36.327 36.332 36.314 36.297 36.287 36.287 36.284 36.334 36.329 36.314 36.342 36.319 36.302 36.297 36.267 36.204 36.124 36.057 36.012 35.979 35.924 35.832 35.789 35.709 35.637 35.597 35.579 35.569 35.544 35.547 35.564 35.567 35.557 35.542 35.534 35.547
35.152 34.952 35.027 35.022 35.222 35.594 35.952 36.019 36.002 35.944 35.909 35.894 35.944 36.039 36.147 36.209 36.217 36.244 36.299 36.329 36.352 36.372 36.399 36.412 36.412 36.419 36.407 36.447 36.439 36.417 36.389 36.354 36.377 36.367 36.372 36.367 36.349 36.312 36.287 36.267 36.294 36.317 36.334 36.332 36.334 36.324 36.329 36.319 36.289 36.279 36.217 36.154 36.099 36.037 36.002 35.957 35.899 35.842 35.759 35.682 35.634 35.589 35.559 35.562 35.574 35.567 35.552 35.547 35.534 35.534 35.507 35.494
34.987 34.977 35.149 35.292 35.627 35.869 35.977 35.959 35.954 35.942 35.892 35.852 35.909 36.022 36.087 36.169 36.207 36.232 36.279 36.327 36.362 36.387 36.422 36.424 36.437 36.434 36.412 36.422 36.407 36.377 36.339 36.324 36.352 36.347 36.332 36.319 36.324 36.304 36.272 36.254 36.277 36.289 36.287 36.324 36.354 36.377 36.327 36.289 36.277 36.222 36.182 36.107 36.069 35.984 35.952 35.914 35.849 35.782 35.737 35.699 35.609 35.569 35.542 35.554 35.539 35.552 35.549 35.532 35.507 35.494 35.477 35.484
35.109 35.179 35.477 35.787 35.897 35.954 35.952 35.922 35.937 35.899 35.892 35.854 35.892 35.979 36.027 36.107 36.189 36.227 36.292 36.302 36.364 36.394 36.419 36.447 36.454 36.444 36.407 36.387 36.387 36.357 36.294 36.289 36.294 36.284 36.284 36.279 36.277 36.297 36.254 36.224 36.267 36.289 36.287 36.294 36.314 36.324 36.332 36.287 36.254 36.214 36.144 36.082 36.027 35.939 35.889 35.859 35.807 35.732 35.679 35.624 35.584 35.567 35.544 35.562 35.529 35.514 35.517 35.489 35.484 35.482 35.467 35.439
35.329 35.564 35.852 35.954 35.967 35.954 35.922 35.902 35.879 35.877 35.914 35.882 35.887 35.957 36.014 36.089 36.184 36.222 36.237 36.259 36.297 36.359 36.409 36.414 36.404 36.417 36.404 36.387 36.354 36.309 36.287 36.272 36.259 36.234 36.244 36.229 36.234 36.232 36.222 36.219 36.267 36.267 36.264 36.272 36.312 36.284 36.269 36.239 36.217 36.207 36.137 36.079 36.017 35.937 35.897 35.842 35.782 35.717 35.657 35.592 35.577 35.589 35.577 35.534 35.519 35.504 35.507 35.462 35.454 35.442 35.424 35.409
35.577 35.809 35.939 35.934 35.934 35.929 35.902 35.887 35.839 35.867 35.889 35.942 35.899 35.937 36.019 36.047 36.134 36.179 36.204 36.222 36.272 36.322 36.339 36.339 36.364 36.374 36.379 36.379 36.374 36.327 36.307 36.262 36.232 36.212 36.172 36.162 36.189 36.207 36.167 36.204 36.204 36.197 36.252 36.244 36.267 36.259 36.229 36.202 36.187 36.124 36.074 36.039 35.959 35.902 35.874 35.829 35.762 35.687 35.634 35.544 35.534 35.559 35.564 35.512 35.477 35.484 35.479 35.459 35.449 35.454 35.407 35.377
35.747 35.859 35.917 35.924 35.912 35.892 35.869 35.854 35.829 35.839 35.874 35.919 35.907 35.882 35.959 36.024 36.077 36.142 36.209 36.207 36.222 36.259 36.267 36.287 36.289 36.319 36.332 36.327 36.317 36.297 36.257 36.237 36.192 36.177 36.137 36.137 36.107 36.119 36.127 36.144 36.152 36.179 36.192 36.179 36.219 36.207 36.184 36.154 36.132 36.084 36.007 35.959 35.904 35.824 35.809 35.782 35.724 35.657 35.619 35.557 35.579 35.574 35.539 35.507 35.477 35.469 35.457 35.442 35.427 35.437 35.419 35.384
35.827 35.894 35.912 35.892 35.819 35.829 35.807 35.809 35.827 35.822 35.862 35.877 35.884 35.867 35.869 35.952 36.002 36.072 36.127 36.154 36.129 36.174 36.224 36.212 36.222 36.242 36.267 36.239 36.224 36.202 36.159 36.144 36.129 36.132 36.122 36.104 36.074 36.062 36.087 36.102 36.097 36.112 36.137 36.114 36.132 36.114 36.109 36.087 36.039 35.987 35.937 35.884 35.804 35.769 35.769 35.727 35.662 35.619 35.609 35.594 35.597 35.579 35.544 35.522 35.504 35.479 35.449 35.452 35.394 35.397 35.392 35.364
35.877 35.872 35.927 35.879 35.852 35.824 35.764 35.774 35.764 35.784 35.832 35.872 35.889 35.832 35.797 35.879 35.949 35.962 36.004 36.017 36.054 36.057 36.099 36.134 36.129 36.134 36.129 36.139 36.109 36.069 36.049 36.059 36.067 36.072 36.019 36.017 36.017 36.022 36.044 36.057 36.057 36.034 35.997 36.007 36.019 36.029 35.999 35.969 35.957 35.887 35.849 35.789 35.759 35.742 35.672 35.647 35.629 35.572 35.567 35.554 35.572 35.564 35.569 35.544 35.524 35.519 35.449 35.469 35.407 35.389 35.384 35.349
35.849 35.884 35.887 35.864 35.832 35.794 35.767 35.734 35.752 35.749 35.774 35.837 35.887 35.849 35.802 35.817 35.869 35.892 35.914 35.917 35.962 35.964 36.009 36.034 36.032 36.022 36.004 36.037 36.022 35.969 35.984 35.972 35.974 35.992 35.954 35.949 35.969 35.992 36.019 36.017 36.029 36.009 36.007 35.964 35.959 35.942 35.927 35.909 35.857 35.804 35.759 35.737 35.694 35.677 35.649 35.604 35.567 35.552 35.552 35.537 35.579 35.552 35.554 35.547 35.532 35.509 35.497 35.472 35.424 35.389 35.352 35.334
35.809 35.849 35.889 35.862 35.799 35.789 35.757 35.752 35.737 35.714 35.709 35.754 35.829 35.809 35.764 35.767 35.809 35.847 35.837 35.784 35.807 35.879 35.879 35.914 35.932 35.974 35.967 35.979 35.979 35.942 35.934 35.952 35.947 35.957 35.914 35.939 35.949 35.952 35.994 36.007 36.017 36.004 36.002 35.994 35.972 35.927 35.889 35.844 35.797 35.727 35.689 35.684 35.629 35.607 35.579 35.549 35.564 35.547 35.504 35.527 35.549 35.537 35.539 35.547 35.534 35.494 35.484 35.457 35.394 35.374 35.339 35.319
35.819 35.824 35.842 35.857 35.834 35.817 35.759 35.752 35.734 35.699 35.682 35.717 35.754 35.759 35.732 35.727 35.757 35.784 35.747 35.717 35.729 35.787 35.839 35.884 35.897 35.929 35.957 35.977 35.974 35.944 35.937 35.927 35.924 35.924 35.889 35.889 35.889 35.902 35.922 35.939 35.944 35.954 35.954 35.957 35.932 35.889 35.849 35.799 35.739 35.677 35.602 35.557 35.542 35.517 35.502 35.504 35.527 35.519 35.482 35.534 35.539 35.519 35.509 35.527 35.509 35.504 35.477 35.437 35.404 35.372 35.334 35.329
