LIDAR/se2686_DTM_2M.asc
ncols 500
nrows 500
xllcorner    426000
yllcorner    486000
cellsize     2
NODATA_value -9999
[rows 448 to 479 of 500, columns 284 to 354 of 500]
42.081 42.028 41.981 41.891 41.838 41.798 41.748 41.671 41.578 41.523 41.488 41.448 41.371 41.358 41.313 41.268 41.258 41.221 41.196 41.191 41.158 41.123 41.106 41.066 41.046 40.983 40.956 40.941 40.896 40.863 40.848 40.833 40.786 40.796 40.756 40.698 40.691 40.696 40.631 40.606 40.563 40.551 40.541 40.528 40.488 40.473 40.433 40.386 40.348 40.301 40.261 40.218 40.168 40.153 40.078 40.053 39.973 39.958 39.906 39.853 39.828 39.758 39.736 39.693 39.631 39.583 39.533 39.481 39.426 39.396 39.361
42.078 42.023 41.981 41.923 41.843 41.788 41.716 41.661 41.603 41.538 41.496 41.428 41.386 41.368 41.326 41.303 41.291 41.236 41.211 41.193 41.146 41.113 41.098 41.076 41.033 41.001 40.958 40.908 40.888 40.898 40.848 40.811 40.788 40.788 40.783 40.728 40.693 40.688 40.676 40.631 40.603 40.583 40.546 40.526 40.508 40.473 40.426 40.368 40.371 40.338 40.293 40.243 40.211 40.198 40.138 40.096 40.053 40.001 39.953 39.898 39.881 39.816 39.781 39.731 39.651 39.623 39.563 39.516 39.466 39.421 39.366
42.066 42.046 41.993 41.931 41.828 41.783 41.736 41.683 41.616 41.548 41.498 41.438 41.411 41.361 41.336 41.316 41.306 41.258 41.221 41.181 41.136 41.106 41.103 41.076 41.036 40.991 40.958 40.926 40.891 40.888 40.841 40.803 40.786 40.771 40.768 40.748 40.711 40.683 40.648 40.646 40.646 40.586 40.561 40.556 40.526 40.498 40.438 40.401 40.376 40.353 40.333 40.286 40.246 40.208 40.193 40.118 40.108 40.043 40.003 39.928 39.893 39.861 39.801 39.778 39.716 39.661 39.601 39.571 39.496 39.471 39.411
42.056 42.046 41.973 41.911 41.863 41.773 41.728 41.683 41.608 41.541 41.498 41.446 41.396 41.366 41.333 41.326 41.288 41.271 41.236 41.186 41.188 41.148 41.126 41.091 41.041 41.016 41.001 40.963 40.891 40.883 40.883 40.823 40.818 40.801 40.796 40.776 40.746 40.723 40.698 40.678 40.648 40.591 40.603 40.591 40.543 40.523 40.508 40.438 40.426 40.396 40.361 40.338 40.278 40.271 40.248 40.178 40.118 40.101 40.058 40.008 39.938 39.891 39.841 39.806 39.743 39.708 39.651 39.601 39.528 39.501 39.446
42.083 42.013 41.953 41.916 41.851 41.813 41.743 41.683 41.606 41.551 41.501 41.476 41.411 41.393 41.376 41.311 41.298 41.291 41.256 41.191 41.171 41.146 41.138 41.083 41.058 41.023 40.983 40.946 40.906 40.896 40.858 40.851 40.841 40.821 40.826 40.796 40.751 40.738 40.731 40.733 40.696 40.678 40.643 40.653 40.631 40.586 40.556 40.488 40.471 40.441 40.408 40.358 40.316 40.271 40.228 40.213 40.156 40.111 40.083 40.056 40.016 39.968 39.916 39.851 39.766 39.716 39.668 39.593 39.561 39.508 39.468
42.036 42.026 41.968 41.916 41.841 41.798 41.743 41.691 41.631 41.568 41.506 41.466 41.433 41.393 41.363 41.341 41.293 41.286 41.268 41.211 41.186 41.156 41.143 41.111 41.053 41.016 40.976 40.961 40.951 40.916 40.878 40.876 40.863 40.838 40.853 40.833 40.826 40.781 40.776 40.753 40.726 40.711 40.678 40.671 40.653 40.621 40.591 40.543 40.503 40.503 40.458 40.388 40.366 40.313 40.288 40.246 40.176 40.133 40.081 40.078 40.018 40.006 39.976 39.881 39.833 39.783 39.718 39.663 39.628 39.551 39.511
42.053 42.031 41.971 41.918 41.858 41.833 41.756 41.688 41.658 41.568 41.521 41.466 41.441 41.393 41.366 41.351 41.318 41.253 41.246 41.221 41.223 41.183 41.133 41.108 41.078 41.031 40.988 40.978 40.946 40.941 40.933 40.883 40.891 40.858 40.886 40.841 40.831 40.801 40.808 40.773 40.788 40.758 40.741 40.683 40.646 40.661 40.613 40.583 40.521 40.508 40.468 40.436 40.358 40.333 40.308 40.291 40.216 40.163 40.133 40.131 40.048 40.011 39.973 39.896 39.886 39.836 39.748 39.691 39.646 39.613 39.553
42.048 42.003 41.953 41.921 41.863 41.826 41.748 41.716 41.671 41.618 41.536 41.471 41.443 41.393 41.376 41.336 41.331 41.288 41.248 41.226 41.213 41.186 41.161 41.108 41.101 41.028 40.991 41.003 40.981 40.948 40.953 40.928 40.896 40.878 40.861 40.853 40.853 40.846 40.843 40.803 40.781 40.766 40.756 40.736 40.656 40.641 40.613 40.618 40.568 40.503 40.486 40.448 40.398 40.376 40.313 40.276 40.258 40.203 40.138 40.116 40.086 40.043 39.956 39.918 39.881 39.836 39.773 39.743 39.643 39.611 39.566
42.053 42.033 41.973 41.941 41.881 41.813 41.768 41.723 41.671 41.596 41.561 41.508 41.466 41.418 41.403 41.361 41.323 41.311 41.293 41.253 41.211 41.191 41.143 41.106 41.106 41.033 41.016 41.006 41.008 40.988 40.983 40.968 40.928 40.908 40.886 40.868 40.881 40.841 40.858 40.808 40.803 40.768 40.786 40.756 40.708 40.658 40.606 40.606 40.556 40.506 40.501 40.471 40.438 40.408 40.368 40.321 40.258 40.231 40.191 40.131 40.116 40.043 39.986 39.951 39.903 39.826 39.766 39.726 39.666 39.621 39.571
42.063 42.028 41.981 41.948 41.893 41.858 41.803 41.746 41.686 41.618 41.551 41.526 41.478 41.428 41.398 41.363 41.341 41.311 41.306 41.283 41.246 41.223 41.161 41.143 41.138 41.096 41.068 41.053 41.038 41.021 40.981 40.981 40.953 40.916 40.923 40.906 40.883 40.871 40.863 40.818 40.821 40.786 40.783 40.743 40.713 40.698 40.651 40.643 40.603 40.556 40.528 40.501 40.448 40.426 40.371 40.311 40.283 40.278 40.218 40.173 40.126 40.063 40.021 39.973 39.906 39.848 39.793 39.763 39.713 39.681 39.616
42.083 42.046 42.001 41.961 41.911 41.876 41.833 41.786 41.703 41.651 41.591 41.543 41.498 41.463 41.441 41.413 41.386 41.346 41.308 41.296 41.258 41.233 41.181 41.173 41.158 41.118 41.093 41.086 41.068 41.048 40.988 40.956 40.951 40.936 40.918 40.893 40.893 40.873 40.861 40.843 40.823 40.808 40.781 40.728 40.713 40.691 40.681 40.636 40.596 40.593 40.551 40.526 40.463 40.426 40.406 40.361 40.318 40.273 40.223 40.176 40.143 40.093 40.051 39.996 39.976 39.891 39.813 39.786 39.733 39.668 39.646
42.096 42.066 42.038 41.986 41.956 41.908 41.838 41.786 41.716 41.701 41.601 41.578 41.513 41.476 41.441 41.431 41.413 41.363 41.306 41.313 41.261 41.246 41.221 41.186 41.148 41.131 41.083 41.071 41.028 41.003 40.986 40.978 40.933 40.948 40.933 40.918 40.918 40.898 40.866 40.836 40.843 40.813 40.796 40.756 40.711 40.731 40.693 40.658 40.621 40.586 40.561 40.546 40.483 40.446 40.428 40.348 40.308 40.303 40.253 40.203 40.181 40.076 40.058 40.003 39.956 39.893 39.846 39.808 39.761 39.711 39.646
42.041 42.006 41.998 41.978 41.933 41.893 41.831 41.783 41.736 41.711 41.666 41.618 41.566 41.508 41.433 41.426 41.396 41.388 41.308 41.318 41.291 41.221 41.226 41.196 41.161 41.148 41.126 41.093 41.028 41.033 41.008 40.968 40.971 40.981 40.961 40.911 40.916 40.896 40.868 40.851 40.848 40.823 40.786 40.788 40.778 40.746 40.713 40.663 40.636 40.596 40.593 40.553 40.488 40.468 40.418 40.388 40.351 40.298 40.273 40.223 40.188 40.128 40.078 40.033 39.958 39.911 39.898 39.826 39.803 39.738 39.686
42.021 42.038 42.011 41.986 41.918 41.916 41.851 41.818 41.753 41.721 41.666 41.606 41.568 41.518 41.438 41.423 41.408 41.386 41.361 41.343 41.323 41.278 41.256 41.213 41.176 41.151 41.138 41.108 41.081 41.066 41.041 40.983 40.988 41.008 40.978 40.943 40.911 40.903 40.896 40.896 40.871 40.851 40.808 40.793 40.763 40.731 40.741 40.668 40.643 40.591 40.591 40.566 40.521 40.478 40.446 40.426 40.361 40.303 40.276 40.243 40.193 40.161 40.098 40.063 39.991 39.933 39.936 39.873 39.821 39.736 39.711
42.008 42.011 41.998 41.958 41.921 41.876 41.848 41.808 41.753 41.721 41.673 41.601 41.573 41.556 41.463 41.428 41.401 41.371 41.338 41.318 41.273 41.256 41.233 41.203 41.193 41.153 41.128 41.131 41.093 41.031 41.036 41.013 41.006 40.981 40.936 40.936 40.943 40.936 40.921 40.913 40.896 40.896 40.823 40.781 40.768 40.746 40.718 40.683 40.646 40.613 40.578 40.546 40.506 40.478 40.431 40.388 40.361 40.341 40.268 40.218 40.218 40.161 40.098 40.071 40.018 39.998 39.961 39.893 39.836 39.796 39.743
41.983 41.981 41.986 41.956 41.931 41.888 41.818 41.783 41.728 41.708 41.656 41.613 41.546 41.526 41.473 41.453 41.403 41.363 41.326 41.291 41.283 41.263 41.228 41.191 41.161 41.146 41.111 41.091 41.081 41.056 41.036 41.028 41.018 40.986 40.961 40.928 40.933 40.926 40.923 40.901 40.876 40.868 40.811 40.793 40.781 40.753 40.726 40.698 40.678 40.653 40.601 40.573 40.506 40.468 40.441 40.386 40.353 40.293 40.301 40.251 40.221 40.161 40.123 40.111 40.063 39.986 39.993 39.903 39.851 39.786 39.756
41.938 41.938 41.936 41.906 41.898 41.881 41.816 41.806 41.748 41.708 41.671 41.636 41.556 41.503 41.446 41.426 41.368 41.341 41.308 41.268 41.243 41.238 41.223 41.216 41.148 41.118 41.103 41.081 41.073 41.036 41.003 41.018 40.963 40.951 40.948 40.928 40.918 40.908 40.918 40.908 40.886 40.866 40.838 40.791 40.776 40.776 40.738 40.693 40.686 40.643 40.608 40.551 40.523 40.481 40.461 40.446 40.408 40.346 40.311 40.288 40.238 40.206 40.161 40.106 40.071 40.008 39.981 39.926 39.878 39.821 39.748
41.928 41.903 41.913 41.871 41.856 41.841 41.811 41.776 41.743 41.676 41.653 41.613 41.553 41.513 41.443 41.433 41.393 41.353 41.316 41.263 41.253 41.228 41.178 41.183 41.141 41.108 41.088 41.076 41.063 41.013 41.023 41.003 40.978 40.956 40.953 40.938 40.893 40.886 40.861 40.841 40.853 40.843 40.836 40.796 40.771 40.753 40.748 40.681 40.668 40.628 40.593 40.541 40.526 40.493 40.463 40.428 40.383 40.368 40.351 40.283 40.246 40.221 40.178 40.143 40.091 40.043 39.971 39.958 39.913 39.868 39.773
41.921 41.906 41.876 41.856 41.821 41.831 41.808 41.773 41.721 41.668 41.661 41.576 41.546 41.486 41.438 41.406 41.386 41.343 41.308 41.283 41.246 41.218 41.226 41.166 41.156 41.116 41.083 41.063 41.051 41.026 41.008 40.978 40.968 40.941 40.921 40.916 40.883 40.868 40.846 40.846 40.856 40.841 40.841 40.791 40.778 40.741 40.718 40.691 40.656 40.611 40.571 40.516 40.491 40.448 40.408 40.378 40.366 40.358 40.333 40.283 40.246 40.223 40.158 40.168 40.053 40.053 39.993 39.971 39.911 39.811 39.758
41.873 41.886 41.843 41.826 41.828 41.813 41.763 41.753 41.701 41.641 41.628 41.561 41.511 41.466 41.426 41.406 41.373 41.303 41.286 41.276 41.221 41.181 41.171 41.166 41.146 41.118 41.076 41.053 41.023 41.026 41.023 40.991 40.963 40.948 40.926 40.908 40.901 40.878 40.853 40.861 40.831 40.818 40.786 40.763 40.736 40.711 40.663 40.661 40.646 40.611 40.573 40.533 40.491 40.458 40.418 40.381 40.373 40.363 40.316 40.246 40.193 40.171 40.116 40.073 40.066 39.996 39.966 39.926 39.873 39.828 39.773
41.853 41.858 41.803 41.813 41.793 41.781 41.746 41.741 41.706 41.648 41.581 41.581 41.536 41.461 41.436 41.406 41.368 41.331 41.306 41.246 41.236 41.228 41.181 41.158 41.141 41.141 41.113 41.061 41.053 41.021 41.006 40.981 40.946 40.971 40.916 40.926 40.906 40.911 40.901 40.873 40.873 40.826 40.806 40.776 40.758 40.723 40.711 40.658 40.638 40.611 40.571 40.511 40.476 40.421 40.388 40.358 40.341 40.318 40.278 40.226 40.193 40.168 40.126 40.071 40.041 39.993 39.966 39.923 39.831 39.811 39.756
41.826 41.833 41.801 41.783 41.783 41.753 41.748 41.721 41.688 41.641 41.618 41.573 41.543 41.491 41.446 41.396 41.368 41.341 41.306 41.301 41.251 41.256 41.201 41.173 41.138 41.156 41.133 41.081 41.073 41.028 41.021 40.981 40.951 40.941 40.918 40.913 40.866 40.903 40.891 40.868 40.846 40.818 40.816 40.753 40.753 40.711 40.713 40.681 40.628 40.586 40.541 40.503 40.486 40.443 40.388 40.331 40.311 40.313 40.246 40.203 40.186 40.136 40.123 40.081 40.056 40.001 39.956 39.918 39.833 39.761 39.708
41.836 41.808 41.763 41.741 41.751 41.721 41.741 41.693 41.676 41.653 41.611 41.571 41.548 41.506 41.446 41.408 41.381 41.343 41.331 41.288 41.271 41.248 41.198 41.178 41.161 41.141 41.118 41.083 41.041 41.036 40.988 40.961 40.963 40.961 40.953 40.916 40.893 40.908 40.886 40.863 40.838 40.806 40.781 40.756 40.733 40.711 40.696 40.666 40.628 40.561 40.528 40.503 40.468 40.436 40.403 40.338 40.316 40.318 40.268 40.193 40.181 40.143 40.096 40.048 40.016 40.013 39.951 39.896 39.811 39.741 39.708
41.831 41.806 41.763 41.731 41.718 41.703 41.688 41.686 41.666 41.631 41.606 41.576 41.533 41.488 41.431 41.423 41.368 41.351 41.323 41.293 41.248 41.221 41.213 41.198 41.156 41.143 41.103 41.058 41.036 41.013 40.971 40.998 40.968 40.946 40.911 40.908 40.903 40.886 40.863 40.841 40.841 40.813 40.778 40.758 40.733 40.708 40.678 40.648 40.598 40.553 40.493 40.466 40.428 40.406 40.388 40.353 40.313 40.298 40.281 40.213 40.161 40.138 40.101 40.046 40.003 39.953 39.913 39.873 39.788 39.718 39.633
41.808 41.798 41.758 41.733 41.693 41.678 41.668 41.648 41.613 41.596 41.553 41.521 41.483 41.453 41.428 41.418 41.403 41.346 41.311 41.283 41.221 41.206 41.193 41.163 41.141 41.128 41.118 41.071 41.046 41.048 40.996 40.993 40.951 40.921 40.873 40.858 40.843 40.848 40.828 40.816 40.796 40.783 40.761 40.736 40.703 40.683 40.686 40.656 40.613 40.563 40.523 40.483 40.428 40.408 40.341 40.358 40.306 40.263 40.218 40.183 40.138 40.118 40.048 40.006 39.976 39.913 39.881 39.818 39.758 39.711 39.631
41.803 41.788 41.753 41.728 41.711 41.676 41.663 41.641 41.618 41.586 41.548 41.513 41.476 41.453 41.431 41.393 41.383 41.343 41.318 41.288 41.246 41.226 41.198 41.186 41.148 41.123 41.091 41.043 41.026 40.986 40.978 40.956 40.931 40.878 40.883 40.868 40.843 40.836 40.818 40.778 40.778 40.766 40.728 40.683 40.681 40.671 40.633 40.606 40.576 40.528 40.491 40.468 40.413 40.396 40.316 40.311 40.291 40.266 40.206 40.181 40.143 40.101 40.021 39.986 39.941 39.898 39.858 39.813 39.768 39.711 39.633
41.783 41.761 41.738 41.761 41.738 41.708 41.686 41.681 41.636 41.588 41.551 41.523 41.483 41.453 41.416 41.391 41.363 41.341 41.308 41.278 41.256 41.231 41.228 41.186 41.133 41.116 41.086 41.016 41.006 40.981 40.928 40.921 40.881 40.861 40.861 40.848 40.823 40.803 40.791 40.773 40.736 40.721 40.686 40.693 40.691 40.653 40.596 40.588 40.581 40.503 40.488 40.398 40.366 40.358 40.323 40.283 40.253 40.231 40.193 40.146 40.106 40.078 40.021 39.993 39.933 39.863 39.846 39.791 39.728 39.646 39.581
41.813 41.786 41.786 41.778 41.726 41.701 41.683 41.678 41.651 41.613 41.553 41.536 41.488 41.468 41.448 41.428 41.376 41.333 41.316 41.298 41.271 41.226 41.208 41.171 41.111 41.098 41.063 41.028 40.996 40.961 40.926 40.888 40.868 40.846 40.836 40.818 40.786 40.773 40.738 40.741 40.718 40.691 40.673 40.646 40.618 40.596 40.551 40.536 40.501 40.491 40.418 40.393 40.353 40.343 40.328 40.288 40.241 40.201 40.191 40.116 40.056 40.021 40.003 39.948 39.906 39.846 39.801 39.776 39.726 39.618 39.513
41.841 41.788 41.763 41.746 41.728 41.706 41.693 41.683 41.651 41.621 41.576 41.561 41.533 41.478 41.428 41.426 41.408 41.363 41.291 41.296 41.278 41.223 41.178 41.138 41.111 41.081 41.011 41.003 40.968 40.936 40.891 40.853 40.831 40.843 40.811 40.776 40.746 40.741 40.726 40.673 40.646 40.628 40.593 40.588 40.556 40.551 40.501 40.463 40.411 40.403 40.371 40.333 40.301 40.288 40.278 40.231 40.161 40.108 40.076 40.041 39.996 39.968 39.926 39.843 39.851 39.783 39.743 39.716 39.641 39.533 39.461
41.818 41.796 41.756 41.728 41.706 41.688 41.648 41.668 41.613 41.593 41.566 41.533 41.513 41.473 41.453 41.413 41.391 41.356 41.293 41.276 41.231 41.233 41.156 41.103 41.073 41.053 41.008 40.968 40.906 40.896 40.833 40.793 40.786 40.761 40.746 40.713 40.651 40.648 40.638 40.593 40.586 40.571 40.533 40.513 40.471 40.463 40.446 40.386 40.363 40.328 40.288 40.286 40.273 40.231 40.188 40.151 40.101 40.038 40.013 39.991 39.936 39.878 39.861 39.781 39.746 39.711 39.693 39.648 39.563 39.473 39.393
41.783 41.773 41.736 41.743 41.698 41.673 41.648 41.621 41.603 41.563 41.551 41.506 41.496 41.453 41.413 41.416 41.386 41.326 41.298 41.258 41.201 41.183 41.136 41.081 41.033 41.001 40.958 40.898 40.871 40.843 40.778 40.761 40.748 40.711 40.678 40.638 40.633 40.611 40.571 40.501 40.488 40.486 40.468 40.416 40.421 40.371 40.348 40.318 40.301 40.283 40.241 40.201 40.168 40.143 40.078 40.066 40.013 39.978 39.948 39.913 39.866 39.796 39.788 39.751 39.673 39.661 39.613 39.558 39.481 39.403 39.371
41.778 41.773 41.726 41.723 41.691 41.676 41.658 41.618 41.596 41.538 41.546 41.508 41.483 41.443 41.428 41.366 41.346 41.311 41.283 41.233 41.206 41.143 41.098 41.058 41.008 40.986 40.926 40.873 40.838 40.801 40.753 40.706 40.681 40.646 40.621 40.573 40.581 40.533 40.471 40.438 40.416 40.383 40.366 40.331 40.341 40.283 40.268 40.251 40.223 40.196 40.156 40.101 40.068 40.053 40.006 39.973 39.928 39.891 39.886 39.803 39.771 39.711 39.711 39.663 39.651 39.581 39.563 39.496 39.428 39.361 39.358
