LIDAR/se2686_DTM_2M.asc
ncols 500
nrows 500
xllcorner    426000
yllcorner    486000
cellsize     2
NODATA_value -9999
[rows 192 to 223 of 500, columns 355 to 425 of 500]
42.288 42.218 42.161 42.083 42.076 42.016 41.963 41.893 41.838 41.786 41.706 41.683 41.676 41.668 41.646 41.586 41.581 41.543 41.483 41.441 41.391 41.353 41.313 41.298 41.276 41.248 41.143 40.901 40.871 40.838 40.933 40.996 40.931 40.808 40.811 40.783 40.816 40.796 40.741 40.731 40.728 40.698 40.698 40.638 40.641 40.623 40.603 40.576 40.573 40.526 40.531 40.466 40.486 40.481 40.448 40.418 40.406 40.358 40.326 40.296 40.318 40.288 40.271 40.256 40.241 40.201 40.198 40.206 40.208 40.173 40.091
42.268 42.236 42.141 42.098 42.033 42.011 41.931 41.863 41.821 41.768 41.723 41.691 41.681 41.666 41.621 41.583 41.568 41.516 41.451 41.413 41.356 41.303 41.293 41.266 41.263 41.261 41.093 40.891 40.806 40.803 40.868 40.943 40.926 40.831 40.806 40.778 40.763 40.756 40.698 40.681 40.728 40.731 40.708 40.638 40.588 40.598 40.603 40.561 40.548 40.523 40.518 40.491 40.478 40.488 40.461 40.431 40.381 40.338 40.328 40.286 40.296 40.261 40.263 40.233 40.206 40.196 40.163 40.163 40.151 40.158 40.091
42.241 42.196 42.133 42.073 42.001 41.978 41.958 41.873 41.828 41.788 41.728 41.678 41.661 41.643 41.588 41.576 41.556 41.523 41.443 41.381 41.328 41.286 41.261 41.238 41.276 41.271 41.151 40.916 40.753 40.798 40.823 40.926 40.933 40.823 40.778 40.776 40.748 40.753 40.726 40.688 40.713 40.723 40.671 40.616 40.598 40.563 40.548 40.548 40.543 40.511 40.471 40.461 40.438 40.433 40.426 40.383 40.363 40.356 40.323 40.281 40.288 40.216 40.238 40.238 40.218 40.176 40.163 40.166 40.148 40.146 40.073
42.241 42.181 42.136 42.066 42.041 41.973 41.918 41.876 41.833 41.766 41.718 41.656 41.603 41.583 41.601 41.533 41.548 41.508 41.441 41.398 41.321 41.271 41.243 41.238 41.238 41.253 41.196 40.966 40.728 40.753 40.753 40.876 40.926 40.821 40.731 40.738 40.703 40.746 40.721 40.691 40.686 40.668 40.666 40.598 40.581 40.533 40.548 40.536 40.521 40.496 40.488 40.448 40.391 40.416 40.403 40.358 40.338 40.313 40.283 40.271 40.261 40.231 40.236 40.266 40.271 40.218 40.211 40.171 40.141 40.103 40.051
42.241 42.166 42.111 42.076 42.041 41.966 41.916 41.891 41.848 41.761 41.688 41.661 41.633 41.588 41.563 41.541 41.531 41.526 41.453 41.378 41.308 41.258 41.246 41.223 41.213 41.218 41.171 41.011 40.768 40.718 40.731 40.838 40.851 40.798 40.718 40.711 40.691 40.718 40.681 40.673 40.643 40.611 40.601 40.593 40.578 40.556 40.551 40.526 40.493 40.463 40.458 40.428 40.426 40.401 40.368 40.316 40.296 40.323 40.301 40.276 40.271 40.251 40.236 40.261 40.256 40.201 40.228 40.161 40.101 40.081 40.041
42.258 42.153 42.111 42.083 42.031 41.963 41.908 41.876 41.808 41.713 41.676 41.666 41.628 41.616 41.528 41.511 41.543 41.513 41.433 41.343 41.316 41.281 41.228 41.181 41.176 41.198 41.221 41.111 40.803 40.696 40.713 40.793 40.923 40.813 40.713 40.683 40.676 40.676 40.671 40.681 40.663 40.618 40.573 40.578 40.553 40.528 40.538 40.523 40.486 40.451 40.448 40.423 40.396 40.406 40.336 40.308 40.281 40.296 40.278 40.258 40.256 40.246 40.221 40.273 40.283 40.211 40.211 40.198 40.136 40.071 40.003
42.246 42.173 42.111 42.051 42.041 41.986 41.891 41.866 41.786 41.751 41.696 41.666 41.628 41.596 41.541 41.511 41.513 41.491 41.436 41.333 41.313 41.288 41.246 41.196 41.161 41.178 41.226 41.208 40.858 40.683 40.706 40.781 40.911 40.778 40.701 40.651 40.636 40.638 40.651 40.643 40.588 40.598 40.581 40.586 40.533 40.476 40.491 40.518 40.486 40.416 40.391 40.416 40.406 40.381 40.341 40.333 40.278 40.248 40.241 40.273 40.271 40.246 40.221 40.278 40.283 40.241 40.196 40.191 40.143 40.081 40.003
42.241 42.173 42.118 42.041 41.996 41.971 41.906 41.866 41.838 41.761 41.706 41.653 41.618 41.583 41.551 41.501 41.511 41.473 41.441 41.351 41.296 41.253 41.223 41.176 41.136 41.146 41.278 41.276 40.916 40.641 40.661 40.688 40.791 40.768 40.716 40.638 40.608 40.618 40.646 40.611 40.578 40.566 40.581 40.563 40.523 40.466 40.503 40.491 40.486 40.426 40.401 40.371 40.366 40.368 40.348 40.298 40.266 40.251 40.211 40.266 40.256 40.263 40.223 40.238 40.263 40.296 40.223 40.171 40.106 40.053 40.006
42.241 42.188 42.108 42.058 42.006 41.986 41.911 41.856 41.808 41.741 41.708 41.681 41.611 41.578 41.556 41.508 41.503 41.456 41.458 41.376 41.303 41.241 41.198 41.133 41.143 41.148 41.286 41.263 40.971 40.643 40.621 40.653 40.718 40.766 40.686 40.628 40.616 40.608 40.618 40.581 40.573 40.568 40.548 40.543 40.538 40.478 40.446 40.461 40.441 40.428 40.378 40.366 40.343 40.298 40.291 40.286 40.268 40.253 40.238 40.223 40.231 40.243 40.201 40.201 40.251 40.316 40.201 40.173 40.086 40.048 39.993
42.268 42.193 42.116 42.061 42.011 42.006 41.933 41.841 41.788 41.731 41.693 41.656 41.563 41.516 41.513 41.503 41.488 41.461 41.438 41.371 41.263 41.226 41.208 41.183 41.151 41.108 41.188 41.141 40.918 40.596 40.568 40.611 40.646 40.748 40.668 40.591 40.586 40.596 40.551 40.558 40.566 40.536 40.516 40.508 40.501 40.453 40.418 40.448 40.428 40.406 40.363 40.318 40.333 40.316 40.283 40.276 40.271 40.268 40.228 40.188 40.216 40.236 40.126 40.133 40.141 40.206 40.206 40.171 40.101 40.013 39.986
42.251 42.198 42.126 42.066 42.016 41.996 41.931 41.861 41.783 41.778 41.706 41.636 41.613 41.551 41.533 41.483 41.463 41.446 41.408 41.358 41.273 41.176 41.198 41.156 41.028 40.948 40.978 41.076 40.911 40.668 40.521 40.541 40.598 40.721 40.656 40.618 40.571 40.571 40.566 40.573 40.578 40.561 40.503 40.488 40.486 40.466 40.416 40.406 40.373 40.366 40.351 40.331 40.301 40.293 40.266 40.251 40.256 40.266 40.268 40.221 40.203 40.211 40.113 40.103 40.148 40.186 40.176 40.108 40.086 39.998 39.928
42.228 42.166 42.143 42.063 42.001 41.971 41.918 41.883 41.803 41.776 41.703 41.651 41.583 41.536 41.523 41.473 41.443 41.411 41.373 41.338 41.276 41.186 41.133 41.103 41.061 40.991 40.908 41.086 41.003 40.656 40.506 40.523 40.573 40.721 40.678 40.596 40.581 40.563 40.538 40.546 40.538 40.543 40.508 40.446 40.443 40.418 40.386 40.351 40.331 40.323 40.306 40.301 40.281 40.286 40.211 40.231 40.236 40.243 40.253 40.256 40.218 40.181 40.123 39.966 40.091 40.151 40.118 40.108 40.043 40.006 39.918
42.241 42.163 42.123 42.076 41.978 41.931 41.911 41.863 41.796 41.781 41.688 41.658 41.588 41.546 41.481 41.451 41.443 41.413 41.361 41.346 41.263 41.173 41.101 41.071 41.081 41.013 41.041 41.051 40.983 40.636 40.538 40.521 40.528 40.706 40.698 40.573 40.568 40.528 40.506 40.518 40.508 40.493 40.471 40.428 40.418 40.403 40.431 40.391 40.336 40.323 40.273 40.268 40.281 40.253 40.218 40.221 40.238 40.171 40.183 40.173 40.163 40.103 40.108 40.093 40.138 40.108 40.091 40.073 40.043 39.968 39.891
42.246 42.151 42.113 42.091 42.016 41.958 41.908 41.861 41.801 41.743 41.671 41.676 41.581 41.531 41.503 41.441 41.418 41.403 41.361 41.328 41.263 41.176 41.136 41.061 41.001 40.996 40.991 40.996 40.901 40.641 40.491 40.483 40.496 40.596 40.646 40.548 40.498 40.533 40.506 40.488 40.473 40.463 40.421 40.406 40.408 40.393 40.383 40.346 40.323 40.326 40.281 40.281 40.268 40.218 40.188 40.191 40.181 40.191 40.118 40.111 40.118 40.088 40.101 40.091 40.098 40.093 40.123 40.061 39.991 39.946 39.866
42.246 42.138 42.118 42.051 42.016 41.961 41.926 41.863 41.781 41.703 41.663 41.631 41.596 41.528 41.491 41.461 41.463 41.421 41.378 41.316 41.246 41.191 41.176 41.153 41.041 41.003 40.963 40.881 40.823 40.663 40.483 40.441 40.456 40.506 40.623 40.533 40.481 40.493 40.473 40.453 40.463 40.463 40.383 40.361 40.373 40.368 40.353 40.326 40.311 40.293 40.236 40.243 40.268 40.221 40.201 40.193 40.151 40.168 40.148 40.111 40.111 40.096 40.071 40.071 40.066 40.058 40.048 40.033 40.006 39.951 39.903
42.186 42.161 42.103 42.031 41.971 41.933 41.888 41.816 41.748 41.731 41.686 41.646 41.601 41.546 41.501 41.448 41.388 41.403 41.391 41.348 41.248 41.226 41.178 41.148 41.091 41.043 40.968 40.863 40.763 40.638 40.491 40.418 40.421 40.476 40.601 40.536 40.456 40.433 40.466 40.438 40.433 40.413 40.386 40.343 40.351 40.326 40.353 40.306 40.286 40.266 40.258 40.263 40.228 40.206 40.228 40.166 40.106 40.116 40.081 40.093 40.118 40.083 40.106 40.098 40.061 40.066 40.036 40.001 39.978 39.911 39.896
42.176 42.148 42.078 42.041 41.973 41.911 41.853 41.791 41.746 41.698 41.678 41.621 41.561 41.521 41.481 41.433 41.383 41.376 41.366 41.326 41.298 41.273 41.213 41.173 41.098 41.001 40.946 40.816 40.693 40.636 40.531 40.421 40.416 40.463 40.551 40.551 40.433 40.408 40.423 40.426 40.398 40.368 40.341 40.348 40.331 40.271 40.313 40.296 40.253 40.261 40.251 40.266 40.206 40.208 40.183 40.128 40.106 40.138 40.103 40.111 40.118 40.108 40.071 40.073 40.076 40.031 39.991 39.966 39.961 39.913 39.846
42.178 42.071 42.041 41.998 41.966 41.856 41.803 41.798 41.736 41.691 41.616 41.591 41.571 41.521 41.458 41.458 41.448 41.388 41.388 41.348 41.331 41.286 41.236 41.163 41.118 41.036 40.943 40.768 40.671 40.586 40.503 40.443 40.416 40.426 40.476 40.493 40.433 40.398 40.401 40.371 40.358 40.338 40.311 40.306 40.316 40.321 40.303 40.288 40.251 40.236 40.211 40.218 40.161 40.143 40.128 40.118 40.098 40.093 40.123 40.103 40.118 40.096 40.098 40.126 40.083 40.073 40.016 39.958 39.961 39.913 39.868
42.156 42.083 42.011 41.986 41.948 41.871 41.793 41.763 41.741 41.678 41.673 41.641 41.576 41.553 41.536 41.521 41.456 41.391 41.376 41.338 41.328 41.298 41.266 41.203 41.143 41.071 41.001 40.828 40.668 40.543 40.531 40.473 40.373 40.391 40.448 40.446 40.381 40.368 40.358 40.363 40.366 40.313 40.306 40.291 40.326 40.341 40.306 40.276 40.253 40.221 40.183 40.148 40.136 40.148 40.141 40.126 40.108 40.088 40.131 40.093 40.136 40.126 40.096 40.103 40.118 40.111 40.036 39.996 39.983 39.933 39.901
42.163 42.108 42.053 42.026 41.976 41.908 41.861 41.821 41.783 41.718 41.696 41.648 41.613 41.541 41.526 41.488 41.418 41.361 41.343 41.313 41.298 41.266 41.228 41.206 41.133 41.071 40.976 40.853 40.723 40.556 40.486 40.456 40.378 40.388 40.426 40.448 40.401 40.351 40.343 40.371 40.356 40.346 40.298 40.306 40.298 40.301 40.278 40.253 40.228 40.186 40.151 40.166 40.138 40.116 40.091 40.101 40.121 40.126 40.121 40.076 40.118 40.113 40.123 40.103 40.078 40.063 40.091 40.068 40.013 39.933 39.918
42.228 42.181 42.121 42.048 41.978 41.923 41.843 41.813 41.768 41.706 41.656 41.613 41.578 41.518 41.486 41.436 41.368 41.348 41.323 41.296 41.268 41.246 41.216 41.208 41.168 41.048 40.958 40.843 40.716 40.548 40.443 40.421 40.353 40.353 40.396 40.428 40.383 40.358 40.313 40.318 40.313 40.331 40.318 40.293 40.271 40.273 40.253 40.213 40.191 40.178 40.156 40.151 40.088 40.081 40.118 40.093 40.116 40.098 40.103 40.098 40.116 40.108 40.128 40.113 40.066 40.063 40.083 40.033 39.988 39.933 39.938
42.213 42.153 42.106 42.046 41.976 41.921 41.846 41.826 41.753 41.713 41.663 41.631 41.573 41.533 41.466 41.426 41.353 41.346 41.276 41.263 41.253 41.236 41.248 41.231 41.161 41.051 40.968 40.856 40.766 40.628 40.503 40.443 40.356 40.371 40.421 40.451 40.408 40.336 40.301 40.311 40.303 40.323 40.316 40.291 40.288 40.228 40.201 40.188 40.191 40.186 40.158 40.131 40.096 40.148 40.148 40.146 40.121 40.118 40.136 40.123 40.146 40.121 40.111 40.076 40.021 40.011 40.046 39.996 39.983 39.941 39.913
42.193 42.128 42.096 42.041 41.978 41.906 41.843 41.783 41.741 41.701 41.651 41.571 41.518 41.431 41.411 41.358 41.318 41.301 41.258 41.256 41.246 41.258 41.246 41.218 41.143 41.106 41.003 40.951 40.883 40.736 40.723 40.533 40.388 40.358 40.381 40.491 40.416 40.341 40.316 40.278 40.288 40.291 40.291 40.278 40.271 40.201 40.196 40.191 40.143 40.143 40.168 40.178 40.133 40.183 40.123 40.141 40.188 40.156 40.123 40.116 40.161 40.141 40.126 40.063 40.038 40.036 40.026 40.023 39.961 39.938 39.896
42.178 42.113 42.048 41.986 41.926 41.886 41.818 41.756 41.686 41.646 41.591 41.526 41.476 41.428 41.421 41.368 41.346 41.328 41.328 41.291 41.293 41.258 41.268 41.256 41.216 41.233 41.263 41.308 41.258 41.098 41.048 40.581 40.373 40.318 40.326 40.393 40.358 40.308 40.328 40.318 40.316 40.318 40.258 40.246 40.238 40.206 40.188 40.163 40.138 40.188 40.186 40.173 40.128 40.153 40.173 40.191 40.176 40.173 40.133 40.141 40.136 40.111 40.066 40.083 40.061 40.108 40.071 40.031 39.973 39.953 39.856
42.146 42.108 42.048 41.991 41.921 41.871 41.803 41.766 41.728 41.676 41.598 41.546 41.538 41.516 41.491 41.488 41.493 41.441 41.458 41.408 41.413 41.421 41.336 41.321 41.291 41.283 41.343 41.398 41.368 41.246 41.098 40.598 40.391 40.311 40.301 40.368 40.333 40.318 40.316 40.298 40.293 40.296 40.266 40.226 40.236 40.236 40.201 40.186 40.198 40.171 40.151 40.138 40.188 40.203 40.193 40.218 40.206 40.128 40.121 40.106 40.113 40.063 40.151 40.201 40.171 40.176 40.053 39.993 40.018 39.976 39.901
42.181 42.136 42.073 42.018 41.976 41.936 41.878 41.886 41.883 41.831 41.736 41.681 41.628 41.638 41.628 41.561 41.586 41.563 41.523 41.503 41.466 41.423 41.371 41.308 41.331 41.288 41.241 41.266 41.223 41.326 41.073 40.691 40.403 40.348 40.301 40.376 40.348 40.308 40.323 40.281 40.301 40.263 40.248 40.236 40.278 40.231 40.206 40.213 40.211 40.173 40.173 40.168 40.181 40.196 40.248 40.251 40.201 40.108 40.126 40.108 40.053 40.183 40.288 40.241 40.201 40.098 39.946 39.941 39.978 39.971 39.941
42.278 42.193 42.166 42.163 42.103 42.051 41.968 41.931 41.878 41.801 41.731 41.693 41.633 41.651 41.656 41.553 41.536 41.523 41.443 41.401 41.408 41.366 41.336 41.293 41.246 41.223 41.191 41.183 41.221 41.238 41.031 40.798 40.468 40.333 40.293 40.331 40.413 40.323 40.321 40.276 40.281 40.261 40.251 40.276 40.268 40.241 40.193 40.218 40.226 40.211 40.193 40.186 40.188 40.181 40.216 40.178 40.133 40.138 40.138 40.083 40.143 40.253 40.308 40.228 40.123 39.991 39.901 39.876 39.903 39.933 39.921
42.341 42.278 42.201 42.206 42.111 42.036 42.013 41.883 41.758 41.811 41.773 41.761 41.683 41.638 41.633 41.556 41.496 41.476 41.436 41.381 41.358 41.338 41.321 41.276 41.216 41.168 41.156 41.168 41.161 41.148 41.136 40.883 40.363 40.288 40.226 40.276 40.406 40.326 40.303 40.288 40.291 40.301 40.236 40.248 40.236 40.241 40.261 40.241 40.228 40.226 40.168 40.171 40.151 40.151 40.186 40.213 40.178 40.171 40.106 40.101 40.173 40.276 40.293 40.218 40.118 39.988 39.853 39.831 39.901 39.898 39.883
42.343 42.291 42.241 42.136 42.078 42.051 41.998 41.971 41.863 41.871 41.833 41.796 41.726 41.636 41.581 41.536 41.508 41.501 41.506 41.406 41.346 41.283 41.248 41.101 41.183 41.113 41.076 41.091 41.113 41.153 41.126 41.008 40.401 40.281 40.286 40.333 40.436 40.328 40.276 40.271 40.291 40.303 40.283 40.248 40.248 40.273 40.271 40.243 40.218 40.166 40.121 40.131 40.143 40.166 40.211 40.213 40.208 40.153 40.148 40.228 40.206 40.303 40.296 40.226 40.176 40.086 39.923 39.798 39.843 39.856 39.838
42.341 42.338 42.236 42.151 42.123 42.083 42.033 41.978 41.931 41.858 41.811 41.758 41.678 41.641 41.561 41.501 41.473 41.453 41.486 41.371 41.288 41.246 41.196 41.181 41.148 41.086 41.108 41.123 41.128 41.158 41.138 41.031 40.486 40.331 40.326 40.326 40.368 40.293 40.258 40.241 40.253 40.278 40.333 40.303 40.301 40.273 40.206 40.183 40.173 40.153 40.131 40.096 40.143 40.203 40.188 40.183 40.198 40.163 40.291 40.368 40.258 40.268 40.286 40.161 40.101 40.088 40.021 39.883 39.798 39.808 39.841
42.341 42.313 42.261 42.146 42.066 42.073 42.033 41.938 41.848 41.808 41.723 41.731 41.636 41.601 41.551 41.516 41.438 41.401 41.401 41.318 41.286 41.251 41.216 41.218 41.213 41.196 41.141 41.171 41.188 41.151 41.143 41.098 40.618 40.378 40.296 40.266 40.306 40.288 40.261 40.208 40.273 40.326 40.328 40.273 40.231 40.208 40.166 40.153 40.161 40.173 40.156 40.163 40.226 40.198 40.148 40.151 40.136 40.173 40.288 40.386 40.373 40.298 40.263 40.138 40.063 40.056 39.971 39.851 39.783 39.753 39.743
42.326 42.276 42.178 42.131 42.073 42.026 41.911 41.868 41.851 41.758 41.736 41.736 41.673 41.573 41.541 41.521 41.461 41.386 41.376 41.363 41.331 41.283 41.233 41.208 41.241 41.251 41.151 41.143 41.156 41.078 41.128 41.141 40.683 40.356 40.258 40.246 40.328 40.268 40.248 40.221 40.228 40.283 40.286 40.273 40.233 40.183 40.171 40.181 40.186 40.178 40.193 40.213 40.213 40.161 40.188 40.136 40.143 40.181 40.213 40.358 40.316 40.208 40.151 40.121 40.088 40.028 39.916 39.851 39.781 39.763 39.741
