LIDAR/se2688_DTM_2M.asc
ncols 500
nrows 500
xllcorner    426000
yllcorner    488000
cellsize     2
NODATA_value -9999
[rows 0 to 31 of 500, columns 144 to 215 of 500]
37.29 37.233 37.188 37.16 37.118 37.065 37.035 36.99 36.955 36.917 36.857 36.82 36.792 36.765 36.745 36.772 36.73 36.717 36.737 36.76 36.822 36.81 36.84 36.865 36.835 36.862 36.842 36.772 36.76 36.745 36.74 36.717 36.672 36.665 36.627 36.602 36.637 36.58 36.582 36.615 36.615 36.595 36.605 36.595 36.57 36.575 36.552 36.532 36.49 36.52 36.457 36.455 36.407 36.332 36.252 36.14 35.995 35.83 35.657 35.472 35.242 35.13 34.957 34.772 34.642 34.567 34.547 34.287 33.552 32.995 32.977 33.13
37.33 37.283 37.245 37.175 37.125 37.123 37.095 37.067 37.01 36.977 36.952 36.91 36.852 36.802 36.78 36.797 36.787 36.815 36.815 36.842 36.88 36.88 36.867 36.875 36.905 36.87 36.875 36.842 36.807 36.797 36.777 36.77 36.74 36.72 36.695 36.675 36.68 36.645 36.645 36.64 36.635 36.657 36.652 36.682 36.647 36.64 36.622 36.615 36.572 36.595 36.587 36.5 36.49 36.395 36.335 36.212 36.082 35.925 35.757 35.577 35.357 35.24 35.08 34.905 34.75 34.635 34.595 34.475 34.175 33.537 33.097 33.155
37.363 37.325 37.293 37.22 37.198 37.193 37.175 37.105 37.082 37.035 37.015 36.97 36.922 36.892 36.872 36.862 36.877 36.875 36.875 36.92 36.977 36.98 36.96 36.935 36.952 36.902 36.867 36.862 36.865 36.857 36.835 36.83 36.812 36.745 36.735 36.73 36.71 36.697 36.695 36.7 36.71 36.695 36.7 36.687 36.687 36.7 36.72 36.687 36.642 36.67 36.62 36.555 36.51 36.422 36.36 36.26 36.14 36.007 35.855 35.66 35.5 35.317 35.192 35.012 34.855 34.742 34.665 34.595 34.367 34.05 33.49 33.14
37.395 37.353 37.303 37.24 37.235 37.225 37.157 37.147 37.107 37.102 37.042 36.992 36.967 36.962 36.947 36.947 36.947 36.967 36.987 37.005 37.017 37.037 37.007 36.975 36.965 36.955 36.927 36.912 36.9 36.892 36.857 36.835 36.845 36.817 36.78 36.79 36.735 36.73 36.735 36.772 36.777 36.742 36.777 36.757 36.72 36.727 36.74 36.747 36.72 36.717 36.66 36.605 36.565 36.485 36.37 36.307 36.187 36.045 35.885 35.69 35.542 35.39 35.245 35.095 34.927 34.842 34.757 34.67 34.565 34.297 34.05 33.342
37.425 37.378 37.348 37.315 37.268 37.248 37.21 37.207 37.157 37.127 37.107 37.09 37.057 37.037 37.017 37.015 37.027 37.067 37.067 37.055 37.04 37.082 37.062 37.025 36.977 36.952 36.972 36.957 36.925 36.91 36.892 36.867 36.87 36.825 36.832 36.815 36.792 36.797 36.795 36.81 36.79 36.77 36.775 36.782 36.797 36.8 36.787 36.792 36.765 36.72 36.705 36.67 36.615 36.545 36.415 36.335 36.202 36.045 35.965 35.8 35.612 35.475 35.305 35.19 35.027 34.915 34.817 34.735 34.6 34.507 34.295 33.842
37.448 37.41 37.38 37.328 37.32 37.275 37.247 37.24 37.212 37.185 37.155 37.165 37.115 37.112 37.127 37.132 37.137 37.125 37.112 37.105 37.087 37.085 37.09 37.065 37.037 36.997 37.002 36.997 36.927 36.927 36.945 36.91 36.88 36.875 36.872 36.855 36.845 36.825 36.832 36.837 36.835 36.805 36.807 36.827 36.842 36.84 36.855 36.81 36.782 36.77 36.725 36.667 36.617 36.562 36.465 36.325 36.252 36.145 36.005 35.85 35.717 35.545 35.38 35.23 35.135 34.985 34.877 34.797 34.69 34.672 34.47 34.167
37.495 37.468 37.42 37.345 37.335 37.3 37.262 37.285 37.29 37.252 37.21 37.205 37.212 37.187 37.192 37.207 37.222 37.232 37.155 37.152 37.16 37.127 37.077 37.097 37.075 37.04 37.037 37.015 36.982 36.965 36.977 36.95 36.912 36.922 36.89 36.92 36.895 36.842 36.892 36.862 36.867 36.852 36.862 36.85 36.84 36.855 36.87 36.885 36.807 36.82 36.762 36.707 36.635 36.552 36.485 36.412 36.31 36.125 36.012 35.895 35.76 35.582 35.445 35.305 35.205 35.052 34.94 34.867 34.755 34.725 34.59 34.43
37.513 37.518 37.468 37.39 37.395 37.315 37.295 37.295 37.327 37.31 37.297 37.29 37.285 37.277 37.28 37.252 37.25 37.242 37.197 37.197 37.202 37.15 37.122 37.087 37.12 37.107 37.062 37.04 37.037 37.027 36.997 36.977 36.942 36.945 36.942 36.945 36.925 36.925 36.915 36.905 36.907 36.92 36.905 36.892 36.87 36.847 36.882 36.902 36.867 36.835 36.765 36.725 36.667 36.582 36.525 36.447 36.33 36.19 36.047 35.912 35.78 35.635 35.475 35.335 35.207 35.065 34.967 34.882 34.795 34.722 34.667 34.615
37.558 37.495 37.498 37.468 37.423 37.403 37.385 37.4 37.387 37.377 37.347 37.352 37.357 37.34 37.332 37.337 37.302 37.28 37.222 37.192 37.182 37.142 37.187 37.152 37.115 37.112 37.085 37.06 37.077 37.032 37.035 37.027 36.987 36.997 36.987 36.987 36.97 36.965 36.955 36.947 36.972 36.95 36.935 36.905 36.917 36.91 36.902 36.892 36.862 36.84 36.805 36.72 36.675 36.575 36.52 36.462 36.362 36.237 36.072 35.972 35.81 35.662 35.522 35.385 35.237 35.125 35.002 34.88 34.825 34.75 34.677 34.627
37.59 37.558 37.525 37.5 37.475 37.425 37.465 37.45 37.41 37.435 37.42 37.405 37.425 37.417 37.38 37.375 37.32 37.305 37.272 37.235 37.205 37.202 37.222 37.197 37.14 37.14 37.142 37.11 37.09 37.07 37.055 37.037 37.047 37.015 37.037 37.027 37.022 37.012 36.982 36.992 36.987 36.955 36.945 36.947 36.955 36.912 36.895 36.88 36.857 36.835 36.802 36.792 36.687 36.622 36.555 36.467 36.352 36.212 36.1 35.987 35.847 35.705 35.565 35.432 35.292 35.165 35.017 34.947 34.837 34.75 34.685 34.62
37.6 37.583 37.58 37.54 37.505 37.498 37.515 37.497 37.485 37.47 37.467 37.452 37.477 37.455 37.445 37.392 37.34 37.285 37.27 37.267 37.237 37.232 37.217 37.237 37.212 37.205 37.177 37.145 37.112 37.105 37.082 37.07 37.085 37.062 37.072 37.057 37.03 37.032 37.032 37.012 37.022 36.967 36.932 36.935 36.937 36.912 36.915 36.887 36.845 36.802 36.822 36.757 36.72 36.675 36.555 36.495 36.34 36.242 36.127 36.015 35.85 35.71 35.565 35.452 35.287 35.182 35.042 34.952 34.84 34.73 34.68 34.602
37.658 37.65 37.63 37.608 37.58 37.59 37.567 37.522 37.54 37.53 37.52 37.497 37.507 37.465 37.445 37.41 37.367 37.315 37.272 37.265 37.24 37.247 37.252 37.232 37.237 37.222 37.212 37.152 37.167 37.16 37.11 37.12 37.12 37.107 37.097 37.112 37.087 37.042 37.05 37.037 37.027 36.985 36.992 36.952 36.927 36.915 36.907 36.865 36.822 36.802 36.79 36.78 36.742 36.655 36.552 36.49 36.352 36.267 36.12 35.995 35.832 35.7 35.58 35.44 35.307 35.192 35.057 34.962 34.87 34.78 34.642 34.587
37.698 37.693 37.68 37.67 37.655 37.653 37.62 37.585 37.572 37.605 37.585 37.565 37.515 37.47 37.437 37.437 37.38 37.325 37.317 37.305 37.305 37.3 37.265 37.27 37.277 37.252 37.22 37.19 37.205 37.195 37.175 37.16 37.147 37.16 37.087 37.122 37.117 37.092 37.072 37.067 37.047 37.007 36.977 36.965 36.932 36.917 36.88 36.872 36.837 36.815 36.795 36.76 36.74 36.675 36.54 36.472 36.367 36.272 36.122 36.002 35.862 35.717 35.607 35.467 35.325 35.22 35.107 34.975 34.857 34.77 34.667 34.57
37.788 37.765 37.73 37.713 37.698 37.683 37.665 37.66 37.65 37.63 37.597 37.572 37.525 37.51 37.482 37.42 37.43 37.38 37.355 37.322 37.34 37.365 37.347 37.307 37.31 37.297 37.26 37.242 37.235 37.2 37.2 37.185 37.157 37.17 37.12 37.137 37.12 37.105 37.075 37.062 37.082 37.027 36.992 36.977 36.922 36.892 36.855 36.835 36.827 36.825 36.777 36.735 36.682 36.625 36.547 36.45 36.332 36.235 36.127 35.945 35.857 35.72 35.59 35.45 35.315 35.195 35.065 34.955 34.835 34.745 34.657 34.545
37.855 37.81 37.76 37.79 37.763 37.693 37.725 37.7 37.682 37.635 37.612 37.59 37.54 37.55 37.477 37.455 37.447 37.44 37.42 37.402 37.397 37.39 37.38 37.337 37.322 37.305 37.3 37.317 37.245 37.26 37.245 37.252 37.2 37.197 37.175 37.17 37.155 37.13 37.097 37.097 37.052 37.025 37.03 36.972 36.907 36.885 36.862 36.797 36.807 36.795 36.802 36.752 36.652 36.597 36.512 36.412 36.295 36.205 36.082 35.895 35.837 35.677 35.545 35.405 35.27 35.17 35.047 34.94 34.835 34.695 34.612 34.547
37.898 37.863 37.843 37.835 37.795 37.76 37.775 37.74 37.722 37.705 37.662 37.61 37.582 37.555 37.522 37.505 37.462 37.455 37.447 37.452 37.415 37.41 37.425 37.4 37.357 37.342 37.347 37.345 37.29 37.31 37.285 37.272 37.235 37.207 37.192 37.162 37.157 37.17 37.155 37.112 37.065 37.035 37.002 36.957 36.93 36.912 36.852 36.822 36.807 36.772 36.747 36.695 36.615 36.572 36.497 36.38 36.225 36.162 36.047 35.897 35.772 35.667 35.527 35.39 35.292 35.152 35.042 34.915 34.785 34.692 34.572 34.487
37.913 37.903 37.885 37.84 37.828 37.808 37.81 37.775 37.745 37.707 37.69 37.65 37.62 37.587 37.587 37.547 37.525 37.542 37.525 37.497 37.482 37.47 37.44 37.417 37.402 37.412 37.387 37.385 37.37 37.355 37.312 37.29 37.275 37.225 37.227 37.205 37.172 37.167 37.137 37.142 37.095 37.08 37.012 36.95 36.927 36.902 36.857 36.832 36.79 36.747 36.665 36.62 36.585 36.507 36.457 36.325 36.207 36.12 35.987 35.882 35.757 35.627 35.505 35.37 35.25 35.142 34.987 34.855 34.752 34.655 34.525 34.432
37.925 37.913 37.885 37.883 37.88 37.855 37.8 37.812 37.77 37.752 37.73 37.702 37.662 37.65 37.602 37.6 37.565 37.54 37.565 37.557 37.532 37.502 37.467 37.455 37.435 37.425 37.432 37.407 37.412 37.387 37.345 37.325 37.277 37.242 37.222 37.232 37.205 37.19 37.15 37.145 37.085 37.045 36.997 36.957 36.925 36.88 36.847 36.785 36.717 36.702 36.637 36.592 36.555 36.477 36.37 36.28 36.147 36.04 35.907 35.83 35.715 35.595 35.43 35.307 35.197 35.067 34.967 34.842 34.717 34.592 34.445 34.38
37.965 37.955 37.93 37.923 37.91 37.898 37.855 37.845 37.8 37.792 37.737 37.727 37.675 37.687 37.632 37.627 37.662 37.655 37.615 37.602 37.542 37.525 37.495 37.512 37.47 37.435 37.46 37.43 37.425 37.405 37.36 37.352 37.337 37.312 37.282 37.257 37.227 37.205 37.19 37.165 37.085 37.052 36.995 36.977 36.902 36.867 36.82 36.775 36.697 36.622 36.607 36.542 36.477 36.382 36.302 36.227 36.13 35.995 35.882 35.805 35.685 35.53 35.397 35.26 35.15 35.027 34.915 34.792 34.657 34.56 34.402 34.367
37.995 37.993 37.978 37.968 37.938 37.935 37.87 37.887 37.867 37.8 37.785 37.767 37.707 37.715 37.665 37.687 37.692 37.71 37.68 37.627 37.58 37.565 37.542 37.52 37.512 37.482 37.522 37.49 37.45 37.422 37.37 37.38 37.332 37.335 37.345 37.287 37.247 37.222 37.185 37.155 37.11 37.067 36.99 36.95 36.885 36.82 36.795 36.757 36.66 36.612 36.54 36.482 36.395 36.327 36.215 36.1 36.027 35.955 35.87 35.745 35.62 35.507 35.37 35.205 35.087 34.975 34.847 34.717 34.59 34.487 34.385 34.312
38.025 38.015 38.043 38.013 37.968 37.945 37.915 37.92 37.872 37.835 37.815 37.797 37.765 37.795 37.757 37.722 37.737 37.72 37.702 37.665 37.615 37.625 37.607 37.57 37.54 37.512 37.517 37.507 37.485 37.467 37.457 37.432 37.375 37.385 37.335 37.312 37.305 37.225 37.17 37.125 37.082 37.052 37.012 36.985 36.9 36.827 36.725 36.675 36.607 36.532 36.495 36.382 36.305 36.22 36.15 36.067 35.952 35.86 35.737 35.625 35.517 35.402 35.27 35.17 35.01 34.877 34.757 34.617 34.525 34.462 34.42 34.365
38.095 38.038 38.053 38.035 38.003 37.99 37.965 37.94 37.905 37.86 37.812 37.837 37.82 37.812 37.8 37.812 37.8 37.755 37.737 37.697 37.68 37.677 37.632 37.615 37.61 37.58 37.57 37.565 37.54 37.505 37.487 37.48 37.415 37.405 37.372 37.327 37.297 37.227 37.215 37.105 37.05 37.072 37.01 36.972 36.892 36.805 36.712 36.642 36.585 36.517 36.427 36.342 36.222 36.15 36.082 35.977 35.892 35.782 35.667 35.58 35.445 35.315 35.177 35.022 34.912 34.785 34.695 34.58 34.522 34.48 34.457 34.42
38.15 38.12 38.07 38.088 38.04 38.025 37.992 37.965 37.95 37.872 37.875 37.905 37.917 37.865 37.835 37.87 37.817 37.807 37.797 37.745 37.757 37.725 37.69 37.677 37.665 37.627 37.622 37.587 37.552 37.527 37.507 37.487 37.45 37.432 37.385 37.342 37.292 37.242 37.192 37.13 37.067 37.05 36.942 36.892 36.795 36.79 36.707 36.625 36.53 36.47 36.352 36.29 36.175 36.095 35.997 35.897 35.842 35.722 35.62 35.482 35.365 35.22 35.042 34.952 34.845 34.732 34.642 34.567 34.55 34.502 34.495 34.487
38.19 38.155 38.113 38.063 38.065 38.028 38.017 37.96 37.96 37.94 37.93 37.942 37.932 37.917 37.907 37.887 37.872 37.817 37.825 37.832 37.83 37.77 37.757 37.697 37.707 37.652 37.622 37.58 37.575 37.567 37.537 37.522 37.485 37.435 37.395 37.37 37.297 37.245 37.165 37.13 37.08 37.02 36.957 36.882 36.795 36.752 36.68 36.582 36.5 36.417 36.327 36.22 36.107 36.01 35.93 35.81 35.78 35.627 35.522 35.402 35.237 35.06 34.94 34.86 34.775 34.717 34.64 34.595 34.595 34.592 34.577 34.53
38.195 38.163 38.138 38.068 38.065 38.083 38.052 38.005 37.962 37.995 37.972 37.96 37.98 37.987 37.977 37.935 37.9 37.897 37.882 37.872 37.857 37.83 37.802 37.73 37.732 37.687 37.677 37.647 37.617 37.6 37.58 37.542 37.53 37.46 37.405 37.367 37.312 37.227 37.162 37.137 37.057 37.025 36.93 36.862 36.812 36.7 36.637 36.515 36.427 36.365 36.267 36.157 36.055 35.942 35.865 35.76 35.657 35.505 35.395 35.275 35.097 34.952 34.907 34.902 34.81 34.717 34.625 34.675 34.682 34.635 34.627 34.612
38.228 38.213 38.203 38.135 38.12 38.098 38.082 38.067 38.027 38.035 38.032 38 38.015 38.002 37.995 37.962 37.97 37.94 37.915 37.907 37.885 37.847 37.825 37.795 37.77 37.75 37.732 37.692 37.652 37.642 37.607 37.562 37.535 37.485 37.437 37.36 37.262 37.21 37.155 37.11 37.06 36.97 36.88 36.837 36.765 36.7 36.587 36.49 36.387 36.285 36.192 36.085 35.98 35.885 35.782 35.622 35.505 35.375 35.247 35.125 35.04 34.957 34.947 34.885 34.797 34.73 34.715 34.732 34.725 34.632 34.71 34.717
38.25 38.215 38.213 38.188 38.163 38.123 38.115 38.087 38.082 38.062 38.075 38.067 38.04 38.017 38.002 37.99 38.01 37.962 37.965 37.947 37.907 37.875 37.86 37.842 37.825 37.79 37.752 37.715 37.695 37.647 37.642 37.575 37.52 37.48 37.442 37.372 37.267 37.18 37.132 37.042 37.007 36.912 36.877 36.782 36.72 36.63 36.522 36.422 36.312 36.23 36.135 36.045 35.89 35.807 35.647 35.517 35.392 35.252 35.18 35.107 35.03 34.985 34.912 34.867 34.817 34.79 34.8 34.767 34.742 34.732 34.772 34.635
38.28 38.238 38.243 38.218 38.158 38.125 38.132 38.11 38.12 38.11 38.087 38.09 38.067 38.045 38.042 38.04 38.035 37.99 38.015 37.97 37.947 37.91 37.877 37.867 37.855 37.812 37.77 37.717 37.697 37.682 37.63 37.547 37.52 37.44 37.397 37.347 37.285 37.197 37.112 37.022 36.967 36.875 36.81 36.732 36.64 36.547 36.46 36.39 36.28 36.155 36.07 35.945 35.812 35.65 35.512 35.4 35.272 35.217 35.17 35.1 35.025 34.977 34.97 34.925 34.915 34.902 34.94 34.99 34.897 34.752 34.432 34.187
38.315 38.26 38.263 38.25 38.208 38.175 38.157 38.122 38.125 38.117 38.1 38.095 38.077 38.067 38.07 38.047 38.025 38 37.99 37.995 37.96 37.975 37.912 37.857 37.847 37.822 37.775 37.742 37.707 37.662 37.612 37.582 37.525 37.462 37.357 37.302 37.245 37.167 37.077 36.995 36.922 36.855 36.762 36.702 36.607 36.525 36.407 36.312 36.232 36.09 35.982 35.832 35.685 35.547 35.42 35.335 35.245 35.187 35.157 35.097 35.057 35.035 34.99 34.985 35.007 35.037 35.145 35.002 34.75 34.452 34.007 34.18
38.348 38.283 38.25 38.24 38.2 38.183 38.162 38.177 38.13 38.14 38.142 38.12 38.1 38.082 38.08 38.047 38.04 38.042 38.015 37.99 37.952 37.932 37.952 37.915 37.855 37.84 37.78 37.75 37.707 37.622 37.592 37.55 37.5 37.44 37.37 37.302 37.2 37.112 37.022 36.982 36.862 36.79 36.712 36.635 36.515 36.44 36.33 36.197 36.132 35.967 35.812 35.67 35.55 35.49 35.442 35.34 35.255 35.2 35.2 35.162 35.135 35.09 35.097 35.085 34.805 34.71 34.695 34.332 34.087 33.925 34.187 34.67
38.353 38.32 38.298 38.28 38.215 38.203 38.192 38.187 38.152 38.16 38.132 38.12 38.112 38.11 38.08 38.045 38.032 38.05 38.012 38.007 37.962 37.982 37.947 37.905 37.875 37.827 37.785 37.705 37.677 37.615 37.575 37.512 37.432 37.402 37.342 37.26 37.177 37.097 36.997 36.945 36.835 36.752 36.65 36.56 36.425 36.3 36.185 36.075 35.98 35.835 35.675 35.587 35.555 35.52 35.447 35.36 35.31 35.272 35.24 35.22 35.195 35.242 35.272 35.097 34.51 34.335 34.127 34.1 34.36 34.58 34.815 35.052
38.373 38.348 38.315 38.288 38.248 38.233 38.192 38.18 38.147 38.137 38.132 38.117 38.102 38.082 38.087 38.062 38.047 38.017 38.005 38.012 38.002 37.992 37.945 37.922 37.865 37.83 37.76 37.68 37.65 37.615 37.575 37.475 37.435 37.372 37.307 37.217 37.132 37.03 36.975 36.877 36.792 36.675 36.542 36.452 36.36 36.225 36.115 35.935 35.817 35.717 35.65 35.56 35.547 35.455 35.465 35.42 35.385 35.322 35.317 35.382 35.395 35.38 35.3 34.76 34.242 34.167 34.567 34.895 35.175 35.247 35.392 35.442
