LIDAR/se2785_DTM_2M.asc
ncols 500
nrows 500
xllcorner    427000
yllcorner    485000
cellsize     2
NODATA_value -9999
[rows 192 to 223 of 500, columns 360 to 431 of 500]
30.388 30.358 30.363 30.398 30.39 30.418 30.39 30.38 30.423 30.408 30.393 30.438 30.39 30.365 30.36 30.348 30.275 30.288 30.27 30.23 30.218 30.243 30.228 30.228 30.253 30.253 30.183 30.183 30.178 30.148 30.1 30.085 30.083 30.04 30.07 30.025 30.02 29.983 29.983 29.985 29.983 29.978 29.983 29.985 29.975 29.978 29.968 29.95 29.955 29.948 29.918 29.89 29.93 29.9 29.915 29.953 29.918 29.933 29.963 29.935 29.913 29.908 29.838 29.86 29.92 29.915 29.823 29.78 29.835 29.853 29.845 29.865
30.388 30.363 30.375 30.393 30.4 30.405 30.383 30.365 30.423 30.355 30.4 30.405 30.393 30.345 30.35 30.343 30.28 30.285 30.288 30.248 30.208 30.253 30.263 30.233 30.205 30.178 30.138 30.125 30.13 30.1 30.095 30.103 30.068 30.073 30.023 30.055 29.998 30.03 30.008 29.985 29.998 29.973 29.985 29.973 29.968 29.945 29.92 29.91 29.94 29.963 29.953 29.908 29.925 29.885 29.898 29.918 29.925 29.893 29.89 29.865 29.878 29.845 29.828 29.81 29.85 29.853 29.803 29.72 29.725 29.778 29.815 29.863
30.373 30.345 30.368 30.353 30.398 30.39 30.353 30.39 30.43 30.38 30.398 30.378 30.365 30.33 30.333 30.323 30.3 30.285 30.258 30.23 30.185 30.173 30.215 30.178 30.183 30.165 30.12 30.158 30.148 30.128 30.11 30.083 30.073 30.073 30.025 29.998 30.03 30.035 29.975 29.975 29.975 29.963 29.985 29.96 29.958 29.963 29.93 29.87 29.925 29.94 29.905 29.84 29.828 29.818 29.87 29.878 29.858 29.873 29.838 29.858 29.803 29.838 29.848 29.853 29.798 29.82 29.813 29.738 29.73 29.758 29.773 29.818
30.348 30.333 30.348 30.343 30.37 30.36 30.343 30.393 30.425 30.403 30.368 30.358 30.365 30.343 30.283 30.228 30.273 30.27 30.265 30.208 30.158 30.198 30.193 30.22 30.178 30.178 30.15 30.15 30.153 30.14 30.095 30.068 30.063 30.048 30.035 30 29.953 29.998 29.983 29.93 29.943 29.948 29.955 29.92 29.923 29.898 29.888 29.883 29.883 29.87 29.885 29.845 29.82 29.848 29.845 29.863 29.848 29.835 29.86 29.823 29.813 29.785 29.825 29.84 29.805 29.855 29.83 29.765 29.738 29.758 29.778 29.765
30.33 30.315 30.31 30.325 30.328 30.338 30.368 30.365 30.375 30.37 30.33 30.298 30.315 30.293 30.313 30.258 30.253 30.26 30.288 30.26 30.235 30.228 30.213 30.208 30.16 30.178 30.165 30.158 30.153 30.078 30.07 30.053 30 29.993 29.975 29.973 29.948 29.978 29.96 29.92 29.915 29.923 29.89 29.89 29.88 29.888 29.87 29.863 29.853 29.895 29.838 29.85 29.875 29.89 29.895 29.905 29.873 29.82 29.83 29.81 29.783 29.78 29.793 29.81 29.778 29.81 29.845 29.813 29.77 29.698 29.755 29.718
30.293 30.325 30.373 30.318 30.313 30.315 30.33 30.31 30.33 30.348 30.32 30.318 30.32 30.283 30.288 30.263 30.255 30.288 30.275 30.255 30.228 30.193 30.165 30.185 30.183 30.173 30.125 30.115 30.125 30.075 30.078 30.075 29.97 29.953 29.953 29.948 29.925 29.923 29.963 29.93 29.903 29.938 29.905 29.9 29.88 29.898 29.885 29.89 29.863 29.855 29.825 29.853 29.863 29.873 29.873 29.855 29.853 29.82 29.82 29.813 29.825 29.765 29.768 29.773 29.79 29.798 29.778 29.81 29.675 29.618 29.61 29.628
30.268 30.28 30.305 30.323 30.305 30.318 30.33 30.338 30.358 30.328 30.335 30.335 30.335 30.29 30.283 30.31 30.275 30.275 30.248 30.225 30.223 30.165 30.163 30.185 30.198 30.155 30.125 30.085 30.105 30.063 30.038 30.018 30.015 29.96 29.978 29.99 29.935 29.91 29.925 29.91 29.893 29.933 29.938 29.918 29.878 29.873 29.873 29.875 29.858 29.838 29.848 29.84 29.853 29.86 29.858 29.853 29.823 29.833 29.815 29.795 29.803 29.783 29.795 29.8 29.783 29.748 29.74 29.823 29.713 29.62 29.57 29.533
30.275 30.265 30.29 30.305 30.338 30.298 30.32 30.32 30.33 30.32 30.333 30.3 30.32 30.29 30.268 30.283 30.278 30.263 30.195 30.225 30.205 30.15 30.165 30.16 30.198 30.148 30.118 30.098 30.07 30.045 30.023 29.998 30.005 29.948 29.928 29.93 29.94 29.903 29.943 29.908 29.9 29.925 29.938 29.925 29.873 29.843 29.88 29.848 29.865 29.85 29.823 29.803 29.818 29.848 29.848 29.838 29.86 29.823 29.793 29.813 29.78 29.755 29.748 29.775 29.728 29.708 29.758 29.77 29.658 29.618 29.555 29.49
30.25 30.26 30.268 30.273 30.27 30.293 30.338 30.323 30.318 30.29 30.28 30.255 30.265 30.28 30.253 30.26 30.25 30.283 30.228 30.218 30.203 30.168 30.193 30.198 30.18 30.185 30.128 30.098 30.085 30.038 30.035 30.033 29.985 29.978 29.965 29.94 29.95 29.96 29.95 29.953 29.93 29.915 29.858 29.86 29.873 29.855 29.883 29.865 29.86 29.848 29.81 29.758 29.793 29.805 29.798 29.84 29.858 29.848 29.805 29.813 29.788 29.785 29.8 29.798 29.738 29.703 29.73 29.758 29.69 29.635 29.578 29.51
30.24 30.22 30.265 30.275 30.255 30.24 30.268 30.26 30.248 30.27 30.26 30.28 30.275 30.288 30.303 30.273 30.275 30.273 30.225 30.203 30.228 30.188 30.145 30.163 30.16 30.153 30.105 30.11 30.09 30.07 30.008 30.025 29.983 29.978 29.953 29.96 29.973 29.955 29.94 29.92 29.915 29.913 29.858 29.855 29.845 29.88 29.863 29.808 29.828 29.84 29.833 29.785 29.82 29.833 29.788 29.823 29.853 29.833 29.8 29.79 29.795 29.813 29.773 29.775 29.735 29.68 29.703 29.728 29.755 29.678 29.61 29.5
30.225 30.24 30.25 30.235 30.243 30.248 30.248 30.245 30.245 30.288 30.285 30.283 30.268 30.293 30.293 30.248 30.243 30.245 30.228 30.195 30.203 30.185 30.198 30.195 30.148 30.125 30.08 30.05 30.075 30.033 29.995 30.035 30.038 29.993 29.955 29.948 29.978 29.955 29.945 29.895 29.918 29.9 29.873 29.885 29.855 29.84 29.85 29.828 29.8 29.815 29.843 29.825 29.858 29.853 29.83 29.843 29.853 29.828 29.803 29.808 29.815 29.825 29.8 29.788 29.768 29.695 29.725 29.75 29.71 29.72 29.658 29.523
30.243 30.24 30.223 30.223 30.208 30.18 30.213 30.24 30.265 30.245 30.29 30.27 30.245 30.268 30.275 30.245 30.19 30.22 30.225 30.19 30.198 30.22 30.195 30.133 30.133 30.158 30.113 30.138 30.105 30.078 30.09 30.038 30.035 29.995 29.968 29.955 29.945 29.915 29.905 29.888 29.895 29.89 29.895 29.903 29.865 29.843 29.878 29.828 29.81 29.833 29.845 29.838 29.835 29.853 29.84 29.843 29.825 29.823 29.85 29.805 29.788 29.815 29.76 29.738 29.735 29.75 29.733 29.788 29.748 29.698 29.668 29.548
30.22 30.185 30.203 30.183 30.193 30.195 30.183 30.218 30.243 30.235 30.28 30.283 30.263 30.22 30.25 30.238 30.168 30.178 30.183 30.19 30.193 30.21 30.17 30.138 30.15 30.178 30.163 30.145 30.088 30.103 30.085 30.053 30.028 29.985 29.978 29.915 29.943 29.928 29.93 29.933 29.885 29.863 29.868 29.88 29.84 29.868 29.848 29.8 29.835 29.82 29.818 29.85 29.835 29.818 29.815 29.798 29.768 29.803 29.82 29.823 29.828 29.813 29.778 29.755 29.79 29.76 29.753 29.758 29.73 29.768 29.748 29.655
30.2 30.18 30.185 30.173 30.178 30.2 30.208 30.21 30.248 30.23 30.27 30.245 30.255 30.23 30.238 30.243 30.19 30.18 30.2 30.193 30.178 30.193 30.198 30.135 30.15 30.16 30.155 30.13 30.075 30.07 30.075 30.055 30.033 29.983 29.993 29.993 29.97 29.96 29.94 29.91 29.895 29.895 29.868 29.88 29.818 29.815 29.805 29.833 29.818 29.818 29.82 29.823 29.82 29.785 29.793 29.798 29.79 29.798 29.84 29.833 29.82 29.815 29.83 29.805 29.795 29.763 29.758 29.84 29.79 29.765 29.78 29.72
30.2 30.2 30.18 30.178 30.18 30.198 30.185 30.215 30.225 30.228 30.203 30.218 30.218 30.203 30.235 30.25 30.193 30.203 30.17 30.203 30.193 30.165 30.19 30.148 30.138 30.175 30.16 30.145 30.138 30.085 30.053 30.043 30.045 30.01 29.993 29.958 29.94 29.898 29.888 29.888 29.888 29.82 29.838 29.888 29.838 29.835 29.83 29.86 29.838 29.783 29.773 29.79 29.808 29.8 29.74 29.74 29.793 29.81 29.815 29.813 29.855 29.87 29.87 29.84 29.835 29.815 29.778 29.803 29.833 29.825 29.795 29.703
30.168 30.165 30.17 30.18 30.133 30.173 30.203 30.158 30.143 30.19 30.2 30.208 30.185 30.158 30.185 30.19 30.175 30.175 30.168 30.213 30.213 30.22 30.185 30.2 30.178 30.173 30.163 30.17 30.17 30.153 30.108 30.088 30.038 29.998 29.998 29.97 29.935 29.923 29.903 29.87 29.843 29.878 29.865 29.888 29.868 29.845 29.815 29.818 29.795 29.778 29.803 29.743 29.773 29.773 29.733 29.73 29.785 29.815 29.835 29.815 29.86 29.868 29.845 29.783 29.74 29.78 29.765 29.77 29.8 29.78 29.715 29.635
30.11 30.12 30.153 30.14 30.098 30.125 30.175 30.155 30.13 30.18 30.16 30.15 30.145 30.16 30.168 30.188 30.21 30.218 30.213 30.245 30.25 30.23 30.203 30.2 30.198 30.178 30.16 30.17 30.158 30.158 30.123 30.09 30.02 30 29.985 29.968 29.91 29.898 29.88 29.903 29.895 29.89 29.883 29.893 29.903 29.855 29.813 29.81 29.783 29.815 29.783 29.748 29.765 29.798 29.76 29.768 29.803 29.8 29.83 29.82 29.845 29.818 29.823 29.798 29.793 29.733 29.73 29.783 29.788 29.745 29.698 29.643
30.145 30.113 30.135 30.118 30.138 30.118 30.108 30.113 30.098 30.13 30.135 30.14 30.135 30.173 30.218 30.198 30.22 30.223 30.225 30.223 30.21 30.205 30.193 30.205 30.2 30.168 30.175 30.19 30.138 30.105 30.083 30.04 30.04 29.998 29.983 29.928 29.923 29.875 29.855 29.848 29.893 29.878 29.845 29.883 29.865 29.81 29.813 29.79 29.803 29.793 29.77 29.76 29.795 29.813 29.783 29.775 29.788 29.778 29.785 29.858 29.833 29.805 29.763 29.683 29.68 29.698 29.738 29.753 29.773 29.753 29.69 29.54
30.135 30.105 30.098 30.11 30.113 30.088 30.075 30.108 30.08 30.1 30.093 30.113 30.138 30.175 30.22 30.233 30.21 30.23 30.238 30.225 30.215 30.213 30.208 30.188 30.195 30.153 30.153 30.12 30.1 30.065 30.053 30.065 30.038 29.973 29.953 29.93 29.9 29.895 29.885 29.868 29.895 29.868 29.86 29.88 29.878 29.865 29.825 29.808 29.843 29.853 29.795 29.773 29.798 29.788 29.82 29.78 29.773 29.768 29.79 29.783 29.703 29.713 29.705 29.698 29.723 29.758 29.76 29.7 29.52 29.378 29.05 28.705
30.115 30.088 30.093 30.08 30.073 30.073 30.06 30.088 30.078 30.078 30.08 30.095 30.103 30.143 30.2 30.205 30.218 30.185 30.225 30.233 30.245 30.21 30.183 30.163 30.16 30.14 30.12 30.1 30.085 30.063 30.04 30.028 30.015 29.988 29.983 29.975 29.93 29.923 29.928 29.913 29.893 29.84 29.855 29.865 29.81 29.808 29.805 29.8 29.808 29.863 29.853 29.825 29.825 29.8 29.8 29.738 29.79 29.778 29.723 29.745 29.738 29.73 29.718 29.675 29.62 29.593 29.328 28.938 28.515 28.27 28.063 28.015
30.078 30.068 30.095 30.055 30.045 30.07 30.073 30.02 30.048 30.065 30.065 30.085 30.11 30.108 30.15 30.18 30.205 30.175 30.215 30.213 30.22 30.228 30.183 30.175 30.135 30.108 30.088 30.1 30.093 30.105 30.053 30.058 30.023 29.995 30.003 29.995 29.988 29.95 29.888 29.925 29.9 29.85 29.845 29.875 29.81 29.8 29.788 29.785 29.83 29.86 29.823 29.813 29.803 29.723 29.748 29.75 29.753 29.715 29.693 29.708 29.7 29.52 29.41 29.14 28.785 28.503 28.11 27.8 27.788 27.958 28.278 28.448
30.045 30.03 30.088 30.063 30.01 30.035 30.063 30.028 30.035 30.093 30.093 30.083 30.105 30.138 30.143 30.165 30.218 30.165 30.178 30.208 30.2 30.208 30.168 30.145 30.143 30.118 30.118 30.133 30.08 30.09 30.088 30.083 30.033 30.015 29.968 29.973 29.985 29.943 29.92 29.93 29.918 29.855 29.853 29.843 29.828 29.823 29.86 29.793 29.778 29.833 29.77 29.775 29.785 29.765 29.8 29.755 29.605 29.48 29.348 29.088 29.003 28.615 28.275 28.008 27.988 27.933 27.958 28.048 28.563 28.995 29.208 29.498
30.025 30.008 30.038 30.038 30.03 30.01 30.04 30.018 30.038 30.055 30.088 30.088 30.095 30.118 30.145 30.153 30.2 30.2 30.13 30.173 30.205 30.13 30.15 30.125 30.153 30.113 30.09 30.095 30.08 30.07 30.073 30.055 30.038 30.038 29.993 29.955 30.018 30.005 29.92 29.9 29.915 29.878 29.888 29.828 29.833 29.8 29.828 29.753 29.74 29.77 29.795 29.795 29.815 29.685 29.635 29.353 29.018 28.763 28.648 28.45 28.238 28.003 27.87 28.003 28.368 28.778 29.07 29.268 29.498 29.52 29.553 29.548
30.053 30.003 30.02 30.048 30.09 30.053 30.028 29.998 30.043 30.058 30.08 30.078 30.105 30.12 30.123 30.145 30.163 30.148 30.128 30.153 30.203 30.15 30.133 30.148 30.135 30.098 30.09 30.08 30.065 30.063 30.038 30.045 30.038 30 29.993 30.003 30.005 29.985 29.998 29.935 29.92 29.913 29.813 29.818 29.8 29.758 29.72 29.733 29.755 29.783 29.7 29.658 29.49 29.103 28.775 28.598 28.43 28.28 28.225 28.095 28.208 28.428 28.783 29.08 29.308 29.603 29.605 29.57 29.553 29.54 29.56 29.558
30.048 30.023 30.033 30.025 30.065 30.02 30.018 30.025 30.008 30.043 30.06 30.065 30.078 30.09 30.133 30.113 30.145 30.193 30.188 30.185 30.163 30.185 30.143 30.095 30.085 30.078 30.093 30.098 30.093 30.093 30.065 30.048 30.028 29.993 30.028 30.078 30.06 30.043 29.993 29.92 29.875 29.865 29.798 29.768 29.783 29.785 29.733 29.683 29.675 29.413 29.14 28.858 28.61 28.198 28.093 28.045 28.248 28.4 28.668 28.91 29.3 29.495 29.628 29.62 29.6 29.595 29.568 29.58 29.575 29.603 29.625 29.598
30.02 30.03 30.025 30.02 30.053 30.018 29.978 29.98 29.99 29.995 30.01 30.058 30.083 30.068 30.09 30.125 30.13 30.145 30.145 30.145 30.118 30.145 30.11 30.08 30.088 30.108 30.078 30.065 30.075 30.083 30.053 30.07 30.06 30.035 30.058 30.07 30.04 29.983 29.918 29.895 29.885 29.85 29.843 29.883 29.733 29.64 29.333 29.07 28.68 28.383 28.16 28.065 28 28.073 28.345 28.553 29.125 29.408 29.528 29.698 29.675 29.613 29.61 29.623 29.648 29.59 29.58 29.58 29.575 29.568 29.533 29.513
29.958 29.99 30 30 30.018 30.03 29.96 29.99 30.003 30.023 29.99 30 30.035 30.06 30.09 30.11 30.123 30.098 30.098 30.133 30.11 30.123 30.095 30.068 30.075 30.1 30.068 30.11 30.08 30.1 30.148 30.168 30.105 30.078 30.043 30.028 30.015 29.99 29.93 29.928 29.908 29.858 29.74 29.45 29.06 28.71 28.395 28.253 27.95 27.765 28.018 28.293 28.593 28.973 29.045 29.215 29.625 29.678 29.713 29.688 29.673 29.68 29.645 29.64 29.67 29.595 29.583 29.523 29.518 29.525 29.523 29.498
29.963 29.928 29.93 29.988 29.968 29.983 29.995 29.98 29.983 29.995 30.01 29.988 30.025 30.033 30.063 30.1 30.118 30.13 30.118 30.123 30.133 30.13 30.125 30.11 30.068 30.09 30.083 30.11 30.13 30.168 30.103 30.078 30.085 30.098 30.073 30.045 30.028 29.948 29.753 29.583 29.223 28.88 28.603 28.23 27.958 27.988 27.975 28.195 28.585 28.735 29.238 29.395 29.473 29.605 29.545 29.698 29.71 29.693 29.738 29.705 29.685 29.655 29.673 29.64 29.598 29.58 29.54 29.54 29.54 29.585 29.553 29.495
29.958 29.9 29.9 29.903 29.945 29.938 29.99 30.003 30.013 30.005 30.01 29.988 30.04 30.045 30.098 30.065 30.07 30.073 30.075 30.093 30.103 30.093 30.133 30.158 30.148 30.17 30.143 30.065 30.115 30.083 30.11 30.12 30.095 30.09 30.053 29.753 29.54 29.278 28.78 28.43 28.188 27.96 27.87 28.043 28.265 28.48 29.083 29.37 29.553 29.73 29.685 29.693 29.69 29.683 29.693 29.725 29.72 29.733 29.743 29.688 29.68 29.66 29.645 29.628 29.64 29.6 29.585 29.57 29.513 29.548 29.553 29.48
29.945 29.908 29.923 29.908 29.95 29.968 29.995 29.99 29.998 29.998 29.995 30.025 30.063 30.043 30.098 30.093 30.083 30.075 30.088 30.103 30.128 30.093 30.178 30.143 30.143 30.108 30.133 30.138 30.168 30.113 30.188 30.13 30.065 29.825 29.44 28.913 28.535 28.208 28.035 27.97 28.205 28.605 28.855 29.21 29.54 29.438 29.675 29.748 29.688 29.698 29.715 29.685 29.69 29.668 29.673 29.64 29.688 29.663 29.68 29.693 29.688 29.658 29.65 29.658 29.62 29.578 29.585 29.59 29.518 29.543 29.558 29.518
29.925 29.89 29.903 29.93 29.958 29.953 29.95 29.988 30.035 30.043 30.043 30.063 30.103 30.085 30.113 30.09 30.128 30.09 30.183 30.135 30.143 30.093 30.088 30.095 30.148 30.113 30.14 30.175 30.205 30.113 30.02 29.775 29.34 28.78 28.098 27.875 27.968 28.158 28.505 28.963 29.42 29.663 29.693 29.788 29.775 29.728 29.745 29.74 29.735 29.745 29.705 29.715 29.648 29.635 29.648 29.618 29.658 29.673 29.718 29.755 29.695 29.655 29.675 29.658 29.635 29.63 29.588 29.55 29.508 29.518 29.545 29.533
29.92 29.913 29.885 29.93 29.943 29.948 30.018 30.055 30.078 30.078 30.065 30.058 30.11 30.115 30.14 30.175 30.215 30.165 30.07 30.108 30.07 30.095 30.095 30.133 30.103 30.163 30.173 30.035 29.668 29.1 28.668 28.315 28.02 27.808 28.045 28.455 28.843 29.293 29.653 29.74 29.76 29.775 29.78 29.788 29.778 29.8 29.808 29.743 29.733 29.705 29.61 29.648 29.64 29.65 29.653 29.673 29.68 29.665 29.675 29.723 29.705 29.675 29.665 29.64 29.605 29.598 29.57 29.565 29.553 29.528 29.505 29.488
