LIDAR/se2788_DTM_2M.asc
ncols 500
nrows 500
xllcorner    427000
yllcorner    488000
cellsize     2
NODATA_value -9999
[rows 448 to 479 of 500, columns 360 to 431 of 500]
33.547 33.592 33.562 33.579 33.592 33.582 33.594 33.564 33.572 33.552 33.522 33.514 33.519 33.519 33.522 33.522 33.599 33.589 33.572 33.532 33.557 33.559 33.547 33.529 33.522 33.547 33.542 33.519 33.529 33.537 33.562 33.579 33.587 33.639 33.684 33.712 33.782 33.852 34.129 34.439 34.349 34.099 33.954 34.019 34.044 34.092 34.097 34.052 34.062 34.122 34.174 34.192 34.209 34.224 34.217 34.267 34.309 34.272 34.194 34.134 34.139 34.167 34.204 34.174 34.169 34.167 34.152 34.129 34.079 34.062 34.002 33.857
33.509 33.519 33.519 33.552 33.557 33.504 33.507 33.504 33.517 33.507 33.507 33.472 33.484 33.497 33.489 33.512 33.499 33.539 33.517 33.534 33.529 33.542 33.514 33.499 33.492 33.527 33.524 33.517 33.532 33.532 33.529 33.562 33.564 33.579 33.654 33.684 33.694 33.734 33.832 34.294 34.204 33.999 33.944 33.939 33.972 34.019 34.044 34.042 34.039 34.062 34.109 34.137 34.164 34.159 34.179 34.154 34.187 34.254 34.264 34.179 34.129 34.157 34.199 34.187 34.177 34.144 34.134 34.112 34.102 34.084 34.019 33.967
33.497 33.495 33.485 33.467 33.482 33.477 33.475 33.455 33.457 33.452 33.445 33.432 33.472 33.455 33.445 33.492 33.467 33.477 33.457 33.497 33.49 33.48 33.49 33.465 33.482 33.502 33.48 33.502 33.512 33.49 33.517 33.535 33.53 33.56 33.55 33.615 33.652 33.682 33.71 33.895 34.057 33.979 33.972 33.989 33.949 33.977 33.992 34.059 34.084 34.055 34.079 34.102 34.092 34.122 34.137 34.125 34.114 34.122 34.25 34.244 34.172 34.152 34.154 34.207 34.189 34.177 34.172 34.137 34.104 34.072 34.055 34.005
33.442 33.49 33.445 33.422 33.425 33.437 33.407 33.4 33.437 33.437 33.42 33.407 33.432 33.445 33.4 33.46 33.442 33.45 33.39 33.442 33.422 33.45 33.427 33.422 33.452 33.482 33.467 33.49 33.46 33.485 33.507 33.527 33.495 33.527 33.55 33.58 33.625 33.65 33.695 33.73 33.862 33.902 33.922 34.007 34.077 34.019 33.959 34.022 34.052 34.044 34.029 34.037 34.052 34.077 34.069 34.082 34.117 34.069 34.092 34.184 34.202 34.207 34.165 34.189 34.189 34.18 34.165 34.132 34.074 34.059 34.044 34.017
33.415 33.427 33.372 33.375 33.375 33.357 33.357 33.35 33.392 33.39 33.405 33.397 33.4 33.37 33.395 33.39 33.402 33.43 33.387 33.422 33.38 33.372 33.395 33.41 33.422 33.447 33.457 33.462 33.472 33.462 33.47 33.515 33.512 33.52 33.537 33.542 33.577 33.59 33.637 33.647 33.75 33.774 33.814 33.875 33.962 33.992 34.102 34.012 33.982 34.009 34.014 34.002 33.967 33.987 34.014 34.024 34.042 34.072 34.039 34.04 34.142 34.209 34.204 34.174 34.182 34.182 34.18 34.142 34.129 34.067 34.055 34.032
33.362 33.36 33.307 33.315 33.302 33.307 33.332 33.342 33.342 33.337 33.352 33.385 33.36 33.36 33.367 33.362 33.365 33.385 33.397 33.37 33.33 33.307 33.34 33.39 33.377 33.41 33.467 33.502 33.5 33.487 33.452 33.492 33.477 33.497 33.512 33.525 33.542 33.562 33.62 33.63 33.647 33.672 33.687 33.737 33.777 34.092 34.277 34.11 33.93 33.967 34.007 33.989 33.917 33.907 33.892 33.944 33.997 34.022 34.044 34.017 34.025 34.11 34.142 34.174 34.144 34.152 34.157 34.165 34.112 34.09 34.039 34.029
33.317 33.3 33.292 33.285 33.267 33.277 33.312 33.302 33.305 33.34 33.337 33.352 33.33 33.36 33.35 33.332 33.342 33.332 33.295 33.3 33.282 33.29 33.297 33.315 33.357 33.37 33.377 33.485 33.487 33.49 33.445 33.445 33.48 33.492 33.505 33.51 33.517 33.507 33.565 33.565 33.59 33.597 33.657 33.694 33.697 34.007 34.267 34.279 34.055 33.922 33.919 33.934 33.927 33.917 33.864 33.894 33.919 33.952 33.969 33.97 34.017 33.997 34.099 34.169 34.137 34.137 34.127 34.127 34.097 34.117 34.084 34.042
33.282 33.26 33.265 33.257 33.275 33.24 33.267 33.255 33.262 33.292 33.29 33.325 33.29 33.295 33.28 33.302 33.285 33.295 33.277 33.265 33.282 33.262 33.29 33.32 33.32 33.33 33.345 33.377 33.485 33.48 33.44 33.425 33.472 33.465 33.5 33.5 33.48 33.487 33.507 33.535 33.579 33.579 33.607 33.627 33.647 33.842 34.079 34.212 34.169 34.052 34.055 34.047 33.917 33.904 33.869 33.854 33.862 33.875 33.915 33.949 33.989 33.957 33.989 34.09 34.142 34.172 34.114 34.104 34.099 34.097 34.062 34.059
33.26 33.235 33.252 33.22 33.245 33.23 33.262 33.265 33.247 33.26 33.275 33.3 33.282 33.25 33.227 33.265 33.225 33.235 33.26 33.265 33.27 33.262 33.28 33.26 33.332 33.307 33.307 33.345 33.387 33.427 33.402 33.405 33.427 33.44 33.44 33.472 33.472 33.485 33.472 33.477 33.522 33.562 33.614 33.617 33.637 33.694 33.834 33.897 33.969 34.102 34.212 34.107 33.892 33.867 33.875 33.882 33.852 33.832 33.872 33.902 33.919 33.962 33.962 33.974 34.067 34.157 34.134 34.117 34.095 34.122 34.087 34.04
33.23 33.237 33.23 33.202 33.197 33.212 33.237 33.252 33.247 33.245 33.265 33.237 33.247 33.232 33.217 33.222 33.222 33.195 33.222 33.252 33.217 33.25 33.25 33.24 33.282 33.277 33.28 33.307 33.345 33.345 33.36 33.42 33.402 33.407 33.427 33.45 33.477 33.485 33.472 33.462 33.487 33.532 33.559 33.574 33.582 33.612 33.639 33.65 33.744 33.889 33.982 33.904 33.884 33.847 33.837 33.86 33.842 33.845 33.824 33.875 33.887 33.939 33.937 33.934 33.967 34.052 34.129 34.114 34.09 34.079 34.11 34.069
33.207 33.237 33.187 33.205 33.195 33.182 33.175 33.2 33.227 33.227 33.227 33.202 33.2 33.22 33.24 33.187 33.172 33.207 33.205 33.24 33.257 33.237 33.255 33.247 33.235 33.242 33.245 33.27 33.322 33.345 33.372 33.415 33.4 33.427 33.417 33.427 33.445 33.49 33.472 33.497 33.512 33.525 33.542 33.542 33.577 33.559 33.567 33.597 33.639 33.645 33.727 33.824 33.832 33.875 33.812 33.814 33.824 33.824 33.799 33.812 33.832 33.854 33.887 33.897 33.902 33.894 33.992 34.097 34.119 34.089 34.099 34.095
33.197 33.2 33.197 33.2 33.175 33.177 33.175 33.175 33.197 33.177 33.177 33.17 33.182 33.195 33.192 33.182 33.145 33.172 33.197 33.215 33.197 33.19 33.202 33.21 33.225 33.212 33.205 33.245 33.272 33.32 33.375 33.377 33.387 33.377 33.397 33.44 33.43 33.462 33.472 33.5 33.485 33.517 33.524 33.509 33.534 33.544 33.547 33.567 33.59 33.592 33.614 33.724 33.91 34.017 33.959 33.872 33.814 33.814 33.802 33.79 33.805 33.79 33.832 33.862 33.854 33.842 33.844 33.959 34.049 34.129 34.144 34.092
33.197 33.225 33.227 33.175 33.175 33.217 33.185 33.185 33.162 33.152 33.122 33.14 33.147 33.172 33.145 33.175 33.155 33.16 33.177 33.177 33.165 33.14 33.205 33.217 33.207 33.182 33.197 33.23 33.247 33.282 33.305 33.325 33.347 33.325 33.332 33.4 33.417 33.452 33.46 33.475 33.474 33.465 33.454 33.485 33.487 33.482 33.502 33.512 33.532 33.514 33.514 33.544 33.817 34.052 34.04 34.057 33.944 33.847 33.824 33.785 33.764 33.697 33.752 33.802 33.809 33.807 33.807 33.824 33.904 34.022 34.107 34.097
33.192 33.217 33.227 33.212 33.2 33.192 33.192 33.177 33.192 33.165 33.175 33.16 33.18 33.165 33.172 33.135 33.122 33.125 33.157 33.162 33.162 33.15 33.17 33.177 33.187 33.192 33.222 33.242 33.217 33.25 33.28 33.295 33.33 33.332 33.357 33.372 33.432 33.447 33.445 33.47 33.457 33.432 33.442 33.452 33.437 33.417 33.439 33.444 33.474 33.477 33.482 33.474 33.529 33.75 33.889 34.042 34.104 33.974 33.834 33.782 33.759 33.699 33.694 33.729 33.777 33.779 33.779 33.772 33.767 33.822 33.949 34.012
33.185 33.22 33.18 33.192 33.18 33.2 33.2 33.177 33.16 33.137 33.162 33.177 33.172 33.155 33.09 33.112 33.125 33.135 33.13 33.157 33.15 33.105 33.167 33.192 33.195 33.192 33.22 33.227 33.24 33.247 33.27 33.272 33.292 33.335 33.362 33.37 33.39 33.405 33.415 33.442 33.432 33.402 33.407 33.394 33.384 33.397 33.369 33.419 33.424 33.434 33.43 33.469 33.47 33.529 33.622 33.842 33.992 33.959 33.817 33.727 33.739 33.709 33.729 33.709 33.687 33.742 33.729 33.742 33.754 33.717 33.769 33.882
33.215 33.207 33.2 33.192 33.155 33.167 33.182 33.177 33.165 33.1 33.12 33.152 33.125 33.115 33.12 33.12 33.137 33.117 33.142 33.12 33.135 33.127 33.145 33.182 33.215 33.225 33.205 33.217 33.247 33.232 33.23 33.26 33.28 33.34 33.32 33.347 33.38 33.41 33.42 33.407 33.412 33.392 33.382 33.382 33.369 33.375 33.354 33.369 33.347 33.367 33.369 33.415 33.449 33.464 33.494 33.589 33.722 33.817 33.662 33.677 33.735 33.717 33.702 33.689 33.642 33.672 33.697 33.684 33.665 33.68 33.677 33.717
33.202 33.235 33.207 33.17 33.16 33.155 33.17 33.195 33.195 33.135 33.115 33.112 33.062 33.097 33.11 33.145 33.14 33.135 33.12 33.117 33.117 33.132 33.122 33.157 33.19 33.182 33.2 33.235 33.212 33.24 33.262 33.257 33.32 33.31 33.31 33.337 33.392 33.412 33.392 33.39 33.357 33.379 33.345 33.329 33.319 33.307 33.309 33.287 33.309 33.337 33.354 33.379 33.392 33.437 33.47 33.522 33.582 33.61 33.577 33.647 33.715 33.687 33.727 33.722 33.629 33.627 33.652 33.66 33.649 33.657 33.649 33.632
33.21 33.197 33.19 33.157 33.18 33.165 33.177 33.175 33.19 33.155 33.105 33.097 33.09 33.085 33.09 33.105 33.125 33.097 33.1 33.13 33.132 33.11 33.147 33.145 33.162 33.167 33.207 33.205 33.225 33.245 33.245 33.287 33.27 33.317 33.325 33.342 33.365 33.375 33.352 33.36 33.324 33.314 33.317 33.292 33.264 33.259 33.285 33.254 33.252 33.27 33.305 33.317 33.357 33.387 33.407 33.424 33.485 33.5 33.569 33.674 33.782 33.824 33.792 33.714 33.674 33.627 33.562 33.597 33.614 33.619 33.592 33.584
33.165 33.192 33.217 33.18 33.217 33.202 33.177 33.15 33.16 33.122 33.125 33.142 33.117 33.115 33.107 33.11 33.105 33.11 33.095 33.137 33.142 33.117 33.145 33.175 33.167 33.192 33.197 33.205 33.22 33.242 33.255 33.292 33.28 33.3 33.305 33.31 33.34 33.325 33.307 33.27 33.282 33.287 33.294 33.262 33.219 33.239 33.247 33.219 33.235 33.239 33.264 33.272 33.314 33.342 33.372 33.412 33.422 33.452 33.562 33.709 33.862 33.932 33.957 33.907 33.68 33.617 33.579 33.562 33.569 33.557 33.547 33.537
33.185 33.192 33.195 33.175 33.192 33.195 33.135 33.15 33.122 33.11 33.127 33.132 33.125 33.132 33.132 33.075 33.085 33.107 33.137 33.117 33.122 33.122 33.155 33.177 33.147 33.182 33.21 33.21 33.182 33.222 33.26 33.257 33.265 33.292 33.277 33.297 33.3 33.265 33.275 33.26 33.287 33.272 33.25 33.247 33.207 33.235 33.204 33.204 33.199 33.222 33.232 33.242 33.247 33.257 33.322 33.34 33.349 33.402 33.472 33.5 33.747 33.882 34.079 34.089 33.764 33.684 33.61 33.539 33.494 33.5 33.5 33.497
33.207 33.185 33.207 33.167 33.16 33.17 33.13 33.147 33.142 33.152 33.16 33.132 33.14 33.117 33.132 33.112 33.097 33.117 33.135 33.1 33.147 33.135 33.167 33.147 33.167 33.185 33.202 33.192 33.227 33.247 33.262 33.27 33.265 33.277 33.275 33.287 33.26 33.232 33.247 33.242 33.235 33.229 33.222 33.224 33.212 33.202 33.189 33.209 33.194 33.192 33.209 33.217 33.207 33.244 33.279 33.309 33.312 33.332 33.364 33.392 33.454 33.662 34.044 33.894 33.732 33.629 33.579 33.542 33.477 33.434 33.474 33.454
33.157 33.185 33.175 33.18 33.145 33.165 33.127 33.152 33.155 33.177 33.175 33.135 33.135 33.152 33.157 33.11 33.127 33.117 33.137 33.137 33.137 33.182 33.195 33.197 33.18 33.2 33.19 33.222 33.267 33.277 33.257 33.272 33.27 33.247 33.252 33.232 33.205 33.197 33.222 33.2 33.222 33.222 33.194 33.174 33.197 33.189 33.16 33.154 33.184 33.209 33.187 33.194 33.18 33.199 33.232 33.29 33.252 33.314 33.319 33.342 33.329 33.364 33.469 33.555 33.54 33.559 33.552 33.487 33.494 33.427 33.427 33.409
33.137 33.17 33.16 33.145 33.18 33.147 33.155 33.162 33.16 33.192 33.175 33.135 33.115 33.135 33.157 33.15 33.155 33.142 33.127 33.122 33.142 33.177 33.195 33.182 33.195 33.217 33.24 33.237 33.26 33.252 33.255 33.257 33.26 33.277 33.235 33.207 33.19 33.197 33.197 33.2 33.172 33.139 33.114 33.13 33.134 33.152 33.147 33.137 33.134 33.164 33.157 33.16 33.174 33.197 33.209 33.197 33.222 33.25 33.279 33.297 33.289 33.302 33.337 33.424 33.507 33.579 33.579 33.577 33.459 33.442 33.407 33.329
33.115 33.12 33.13 33.155 33.165 33.147 33.172 33.2 33.19 33.18 33.21 33.185 33.175 33.14 33.16 33.185 33.165 33.157 33.177 33.177 33.15 33.207 33.202 33.175 33.195 33.222 33.23 33.255 33.272 33.285 33.242 33.232 33.257 33.217 33.19 33.18 33.18 33.13 33.14 33.147 33.127 33.119 33.119 33.099 33.125 33.119 33.112 33.142 33.125 33.137 33.129 33.134 33.157 33.174 33.169 33.187 33.174 33.212 33.207 33.237 33.229 33.274 33.297 33.329 33.364 33.467 33.642 33.712 33.567 33.494 33.395 33.312
33.097 33.08 33.097 33.142 33.187 33.177 33.18 33.192 33.195 33.192 33.185 33.195 33.175 33.145 33.165 33.175 33.197 33.165 33.165 33.18 33.162 33.157 33.195 33.182 33.202 33.245 33.242 33.25 33.265 33.245 33.222 33.202 33.192 33.192 33.142 33.147 33.135 33.132 33.12 33.105 33.084 33.095 33.104 33.087 33.102 33.074 33.092 33.117 33.087 33.087 33.125 33.122 33.152 33.112 33.144 33.157 33.144 33.165 33.177 33.169 33.177 33.204 33.204 33.239 33.242 33.349 33.547 33.714 33.759 33.617 33.442 33.322
33.135 33.112 33.077 33.122 33.115 33.192 33.192 33.202 33.212 33.165 33.185 33.172 33.195 33.157 33.132 33.165 33.175 33.195 33.187 33.18 33.187 33.197 33.207 33.22 33.205 33.262 33.242 33.242 33.262 33.232 33.207 33.212 33.175 33.17 33.182 33.147 33.15 33.105 33.077 33.075 33.067 33.082 33.087 33.067 33.047 33.062 33.057 33.072 33.057 33.104 33.087 33.107 33.125 33.117 33.134 33.125 33.127 33.125 33.129 33.152 33.152 33.165 33.165 33.182 33.182 33.214 33.314 33.537 33.717 33.564 33.415 33.345
33.127 33.167 33.112 33.127 33.122 33.14 33.18 33.187 33.185 33.17 33.197 33.205 33.22 33.187 33.18 33.152 33.162 33.172 33.185 33.2 33.222 33.21 33.227 33.215 33.25 33.272 33.26 33.23 33.222 33.192 33.2 33.207 33.195 33.147 33.152 33.155 33.115 33.092 33.067 33.03 33.057 33.047 33.055 33.084 33.049 33.027 33.042 33.047 33.014 33.032 33.052 33.082 33.09 33.095 33.104 33.097 33.095 33.104 33.114 33.087 33.092 33.132 33.147 33.137 33.162 33.152 33.16 33.277 33.485 33.472 33.444 33.459
33.137 33.162 33.155 33.137 33.125 33.125 33.132 33.162 33.152 33.182 33.182 33.177 33.202 33.202 33.165 33.175 33.165 33.167 33.2 33.227 33.22 33.225 33.217 33.217 33.23 33.23 33.235 33.225 33.197 33.215 33.202 33.172 33.152 33.152 33.14 33.125 33.09 33.062 33.06 33.035 33.034 33.012 33.02 32.997 33.039 32.994 33.012 33.04 33.029 33.044 33.032 33.067 33.084 33.072 33.064 33.087 33.062 33.057 33.049 33.067 33.049 33.055 33.095 33.099 33.097 33.099 33.114 33.142 33.212 33.337 33.395 33.452
33.135 33.157 33.142 33.157 33.187 33.185 33.14 33.157 33.16 33.185 33.177 33.17 33.177 33.177 33.162 33.172 33.185 33.177 33.217 33.207 33.235 33.217 33.217 33.245 33.23 33.26 33.227 33.187 33.175 33.172 33.177 33.165 33.115 33.102 33.117 33.102 33.06 33.042 33.042 33.055 33.032 33.004 32.979 32.965 32.992 33.025 33.014 33.019 33.042 33.035 33.029 33.055 33.032 33.042 33.027 33.004 33.025 33.024 33.009 33.032 33.032 33.029 33.052 33.074 33.09 33.084 33.064 33.047 33.074 33.132 33.217 33.34
33.14 33.145 33.145 33.16 33.182 33.142 33.12 33.155 33.132 33.16 33.167 33.145 33.165 33.172 33.19 33.182 33.167 33.202 33.19 33.18 33.22 33.245 33.245 33.232 33.18 33.215 33.185 33.177 33.165 33.167 33.135 33.132 33.115 33.11 33.102 33.082 33.062 33.062 33.06 33.027 33.007 32.974 32.987 32.989 32.972 32.972 33.019 33.007 33.022 33.027 33.027 33.029 33.004 33.034 33.017 33.002 33 33.007 33.012 33.002 32.987 32.972 33.014 33.032 33.049 33.039 33.055 33.007 32.979 33.004 33.055 33.232
33.132 33.187 33.177 33.157 33.167 33.15 33.112 33.145 33.132 33.127 33.132 33.145 33.17 33.185 33.195 33.21 33.19 33.172 33.192 33.195 33.247 33.24 33.242 33.237 33.21 33.167 33.13 33.145 33.165 33.132 33.16 33.135 33.107 33.107 33.095 33.042 33.06 33.06 33.045 33.02 32.985 32.937 32.949 32.974 32.974 32.952 32.972 32.967 32.997 32.989 33.002 33.017 33 33.02 32.997 32.992 33 32.994 32.967 32.992 32.962 32.957 32.985 32.985 32.979 33.009 33.004 32.972 32.962 32.944 32.932 32.969
33.177 33.192 33.197 33.167 33.19 33.155 33.157 33.16 33.125 33.125 33.14 33.175 33.19 33.175 33.17 33.192 33.187 33.172 33.185 33.207 33.252 33.242 33.212 33.207 33.192 33.17 33.152 33.147 33.142 33.142 33.107 33.125 33.09 33.09 33.072 33.087 33.06 33.047 33.01 32.965 32.987 32.964 32.944 32.952 32.962 32.959 32.964 32.947 32.979 32.989 32.979 32.969 32.977 32.982 32.979 33.004 32.974 32.977 32.972 32.977 32.957 32.949 32.979 32.974 32.952 32.967 32.957 32.942 32.914 32.894 32.875 32.862
