LIDAR/se2788_DTM_2M.asc
ncols 500
nrows 500
xllcorner    427000
yllcorner    488000
cellsize     2
NODATA_value -9999
[rows 160 to 191 of 500, columns 216 to 287 of 500]
47.314 47.234 47.177 47.022 46.937 46.849 46.644 46.549 46.442 46.337 46.237 46.162 46.104 46.067 46.039 46.052 46.062 46.072 46.154 46.232 46.219 46.224 46.207 46.089 45.909 45.744 45.692 45.704 45.712 45.704 45.709 45.732 45.702 45.662 45.467 45.107 44.872 44.662 44.394 44.119 44.034 44.129 44.304 44.527 44.707 44.764 44.807 44.732 44.664 44.577 44.502 44.452 44.469 44.449 44.404 44.317 44.259 44.232 44.167 44.092 44.004 43.869 43.737 43.697 43.734 43.764 43.692 43.594 43.504 43.464 43.502 43.574
47.324 47.254 47.122 47.012 46.882 46.792 46.664 46.549 46.447 46.359 46.252 46.127 46.127 46.072 46.009 46.034 46.072 46.122 46.089 46.104 46.112 46.114 46.107 46.047 45.852 45.669 45.637 45.634 45.664 45.654 45.614 45.654 45.642 45.624 45.567 45.379 45.139 44.877 44.617 44.324 44.042 43.962 43.982 44.174 44.424 44.602 44.712 44.717 44.679 44.617 44.529 44.392 44.327 44.309 44.259 44.197 44.119 44.042 43.967 43.899 43.834 43.759 43.682 43.624 43.637 43.677 43.664 43.599 43.514 43.447 43.472 43.519
47.387 47.332 47.147 47.044 46.932 46.764 46.654 46.589 46.494 46.384 46.249 46.142 46.137 46.102 46.029 46.012 46.052 46.169 46.119 45.964 45.902 45.862 45.849 45.809 45.697 45.587 45.574 45.592 45.579 45.584 45.549 45.502 45.544 45.557 45.569 45.607 45.402 45.094 44.792 44.642 44.304 43.954 43.879 43.907 44.099 44.372 44.544 44.642 44.669 44.619 44.559 44.357 44.227 44.154 44.149 44.152 44.082 44.004 43.889 43.834 43.802 43.724 43.727 43.679 43.619 43.612 43.597 43.594 43.582 43.487 43.452 43.489
47.324 47.309 47.214 46.977 46.847 46.734 46.627 46.614 46.539 46.427 46.279 46.129 46.102 46.084 46.027 45.992 46.027 46.214 46.227 45.989 45.889 45.784 45.687 45.602 45.547 45.529 45.514 45.504 45.507 45.494 45.474 45.422 45.422 45.449 45.499 45.509 45.409 45.199 44.939 44.829 44.627 44.267 43.959 43.809 43.874 44.062 44.279 44.477 44.579 44.602 44.532 44.392 44.247 44.104 44.042 44.037 44.002 43.969 43.897 43.832 43.777 43.747 43.767 43.769 43.719 43.632 43.582 43.559 43.569 43.532 43.512 43.507
47.244 47.202 47.152 47.014 46.844 46.734 46.632 46.529 46.532 46.512 46.392 46.147 46.052 46.059 46.052 45.969 45.914 46.057 46.104 45.984 45.874 45.767 45.667 45.557 45.489 45.472 45.452 45.474 45.462 45.427 45.387 45.327 45.339 45.339 45.417 45.402 45.349 45.314 45.062 44.964 44.787 44.567 44.237 43.939 43.777 43.802 43.929 44.174 44.364 44.457 44.457 44.409 44.277 44.144 44.037 43.934 43.952 43.959 43.919 43.877 43.754 43.744 43.749 43.772 43.749 43.687 43.612 43.549 43.569 43.587 43.592 43.589
47.172 47.112 47.057 46.994 46.872 46.692 46.544 46.537 46.699 46.847 46.722 46.294 46.024 46.047 46.012 45.939 45.867 45.859 45.934 45.907 45.804 45.714 45.624 45.539 45.514 45.479 45.467 45.464 45.434 45.412 45.354 45.257 45.244 45.282 45.324 45.312 45.312 45.279 45.197 44.964 44.839 44.714 44.472 44.224 43.917 43.717 43.712 43.824 44.032 44.224 44.397 44.442 44.352 44.232 44.112 43.947 43.892 43.874 43.907 43.909 43.827 43.739 43.702 43.697 43.722 43.712 43.664 43.614 43.584 43.592 43.614 43.607
47.157 47.022 46.947 46.904 46.817 46.642 46.524 46.519 46.717 46.949 46.852 46.487 46.234 46.192 45.992 45.899 45.862 45.842 45.829 45.839 45.772 45.689 45.619 45.559 45.519 45.497 45.487 45.479 45.399 45.364 45.324 45.237 45.229 45.229 45.269 45.249 45.207 45.152 45.184 45.054 44.912 44.814 44.664 44.474 44.182 43.909 43.699 43.647 43.724 43.934 44.172 44.344 44.342 44.294 44.179 44.024 43.899 43.844 43.849 43.884 43.857 43.834 43.757 43.682 43.672 43.669 43.684 43.662 43.647 43.597 43.604 43.587
47.127 46.992 46.859 46.744 46.657 46.589 46.649 46.619 46.709 46.887 46.749 46.687 46.464 46.174 45.954 45.867 45.824 45.807 45.752 45.759 45.759 45.699 45.639 45.579 45.529 45.494 45.492 45.457 45.397 45.357 45.329 45.257 45.137 45.152 45.177 45.144 45.097 45.029 45.069 45.114 45.039 44.922 44.787 44.627 44.439 44.199 43.907 43.649 43.554 43.649 43.854 44.087 44.239 44.302 44.234 44.102 43.934 43.832 43.779 43.859 43.882 43.872 43.809 43.709 43.652 43.657 43.672 43.677 43.714 43.677 43.637 43.567
47.012 46.969 46.809 46.682 46.557 46.494 46.592 46.629 46.762 46.769 46.632 46.592 46.492 46.124 45.939 45.854 45.817 45.807 45.774 45.777 45.734 45.667 45.607 45.559 45.537 45.512 45.452 45.394 45.347 45.332 45.347 45.282 45.109 45.049 45.047 45.057 45.049 45.004 44.982 44.984 45.022 44.997 44.899 44.724 44.607 44.449 44.217 43.884 43.612 43.502 43.532 43.744 44.012 44.177 44.224 44.129 44.019 43.912 43.814 43.792 43.817 43.862 43.852 43.787 43.704 43.634 43.624 43.657 43.682 43.729 43.674 43.577
46.869 46.822 46.694 46.604 46.499 46.464 46.519 46.567 46.687 46.749 46.622 46.557 46.417 46.019 45.869 45.859 45.819 45.782 45.829 45.789 45.692 45.627 45.557 45.499 45.499 45.462 45.404 45.334 45.284 45.257 45.254 45.207 45.077 45.037 44.979 45.009 45.007 44.979 44.929 44.929 44.962 44.939 44.884 44.784 44.647 44.592 44.449 44.197 43.899 43.589 43.429 43.474 43.667 43.922 44.089 44.132 44.084 43.979 43.879 43.834 43.822 43.827 43.864 43.837 43.757 43.647 43.607 43.654 43.659 43.707 43.707 43.607
46.862 46.727 46.627 46.567 46.517 46.462 46.462 46.467 46.627 46.747 46.579 46.374 46.199 45.924 45.787 45.779 45.714 45.727 45.752 45.742 45.629 45.544 45.502 45.489 45.444 45.392 45.342 45.289 45.227 45.212 45.169 45.164 45.097 45.104 45.109 44.982 44.949 44.934 44.864 44.849 44.889 44.937 44.907 44.877 44.744 44.624 44.539 44.389 44.169 43.879 43.552 43.394 43.387 43.564 43.844 44.039 44.087 44.032 43.952 43.904 43.857 43.809 43.809 43.822 43.799 43.742 43.659 43.602 43.612 43.667 43.689 43.659
46.849 46.744 46.567 46.552 46.479 46.419 46.399 46.394 46.394 46.517 46.439 46.292 46.177 45.864 45.772 45.762 45.732 45.702 45.664 45.639 45.579 45.467 45.444 45.467 45.399 45.334 45.279 45.222 45.164 45.164 45.184 45.192 45.129 45.154 45.204 45.127 44.954 44.864 44.852 44.827 44.834 44.884 44.907 44.907 44.817 44.674 44.554 44.462 44.357 44.142 43.822 43.474 43.314 43.302 43.532 43.784 43.982 44.039 44.019 43.969 43.899 43.857 43.772 43.729 43.774 43.719 43.664 43.609 43.552 43.607 43.627 43.624
46.897 46.824 46.712 46.642 46.489 46.432 46.399 46.409 46.382 46.354 46.284 46.119 45.919 45.762 45.727 45.674 45.674 45.629 45.599 45.554 45.512 45.424 45.457 45.434 45.352 45.277 45.224 45.202 45.157 45.107 45.092 45.097 45.069 45.152 45.129 45.059 44.917 44.839 44.812 44.779 44.769 44.769 44.809 44.817 44.782 44.729 44.592 44.449 44.379 44.264 44.077 43.769 43.414 43.234 43.247 43.429 43.702 43.894 43.967 43.974 43.934 43.869 43.782 43.682 43.657 43.657 43.649 43.564 43.517 43.529 43.529 43.547
46.839 46.822 46.797 46.702 46.547 46.487 46.452 46.399 46.392 46.354 46.134 45.582 45.584 45.657 45.689 45.637 45.649 45.574 45.524 45.494 45.449 45.417 45.427 45.422 45.334 45.257 45.162 45.179 45.172 45.109 45.054 45.024 45.049 45.059 45.034 44.972 44.849 44.802 44.797 44.774 44.707 44.637 44.679 44.659 44.659 44.664 44.732 44.514 44.369 44.344 44.212 44.032 43.707 43.392 43.212 43.202 43.367 43.612 43.822 43.899 43.952 43.879 43.829 43.722 43.659 43.602 43.567 43.579 43.569 43.497 43.487 43.427
46.814 46.797 46.757 46.702 46.574 46.507 46.469 46.394 46.392 46.239 45.712 45.424 45.489 45.574 45.584 45.607 45.564 45.512 45.449 45.424 45.417 45.397 45.352 45.377 45.334 45.234 45.177 45.119 45.174 45.154 45.072 45.037 45.057 45.039 44.999 44.952 44.834 44.774 44.762 44.752 44.694 44.597 44.542 44.542 44.577 44.539 44.604 44.532 44.399 44.439 44.349 44.157 43.994 43.704 43.379 43.207 43.207 43.287 43.582 43.757 43.872 43.869 43.799 43.714 43.637 43.559 43.537 43.512 43.492 43.477 43.454 43.417
46.814 46.784 46.757 46.737 46.694 46.637 46.592 46.504 46.384 45.909 45.497 45.514 45.562 45.509 45.504 45.454 45.414 45.387 45.379 45.379 45.389 45.357 45.284 45.267 45.319 45.204 45.164 45.137 45.102 45.162 45.104 45.037 45.024 44.987 44.949 44.929 44.912 44.827 44.747 44.709 44.692 44.629 44.532 44.502 44.499 44.467 44.404 44.394 44.397 44.489 44.427 44.207 44.134 43.964 43.694 43.379 43.172 43.109 43.227 43.502 43.689 43.797 43.779 43.729 43.627 43.564 43.484 43.469 43.479 43.487 43.459 43.429
46.834 46.817 46.847 46.842 46.937 46.924 46.862 46.682 46.309 45.899 45.609 45.584 45.507 45.444 45.419 45.432 45.399 45.377 45.367 45.374 45.387 45.309 45.242 45.177 45.209 45.184 45.124 45.099 45.079 45.069 45.087 45.039 44.977 44.944 44.924 44.904 44.884 44.862 44.762 44.664 44.714 44.629 44.529 44.437 44.442 44.407 44.339 44.317 44.322 44.369 44.374 44.222 44.142 44.052 43.922 43.672 43.347 43.127 43.059 43.214 43.439 43.614 43.699 43.719 43.634 43.557 43.454 43.419 43.414 43.459 43.484 43.477
46.829 46.852 46.972 47.049 47.127 47.149 46.982 46.657 46.292 45.892 45.684 45.569 45.414 45.347 45.402 45.439 45.447 45.377 45.347 45.402 45.374 45.319 45.224 45.139 45.137 45.144 45.114 45.052 45.032 45.059 45.052 45.044 45.002 44.912 44.834 44.814 44.794 44.777 44.749 44.677 44.682 44.629 44.522 44.437 44.362 44.317 44.274 44.244 44.204 44.247 44.292 44.189 44.102 44.042 44.007 43.912 43.649 43.319 43.084 43.047 43.154 43.362 43.547 43.612 43.604 43.547 43.457 43.462 43.422 43.409 43.437 43.442
46.787 46.857 47.019 47.107 46.979 46.764 46.587 46.407 46.117 45.862 45.782 45.594 45.464 45.359 45.439 45.447 45.422 45.324 45.349 45.382 45.329 45.282 45.237 45.099 45.067 45.064 45.069 45.042 45.027 45.059 45.047 45.022 44.999 44.967 44.867 44.744 44.709 44.692 44.679 44.644 44.644 44.609 44.512 44.422 44.372 44.262 44.177 44.164 44.174 44.172 44.172 44.134 44.062 43.984 43.987 43.984 43.884 43.667 43.337 43.064 43.027 43.039 43.239 43.447 43.522 43.492 43.474 43.427 43.399 43.352 43.357 43.359
46.762 46.797 46.879 46.857 46.839 46.557 46.242 46.122 46.047 45.962 45.879 45.767 45.684 45.502 45.352 45.299 45.219 45.237 45.337 45.327 45.242 45.162 45.097 45.072 45.049 45.029 45.012 45.037 45.054 45.057 45.017 44.969 44.964 44.954 44.927 44.834 44.674 44.604 44.597 44.559 44.532 44.504 44.474 44.422 44.357 44.267 44.112 44.117 44.132 44.092 44.059 44.094 44.137 44.122 43.899 43.924 43.939 43.912 43.724 43.334 43.034 42.919 42.954 43.172 43.352 43.422 43.442 43.412 43.392 43.329 43.304 43.252
46.789 46.637 46.604 46.582 46.587 46.449 46.119 45.954 45.907 45.862 45.842 45.817 45.704 45.534 45.347 45.192 45.099 45.127 45.327 45.332 45.224 45.122 44.994 45.037 45.037 45.034 45.032 45.039 45.044 45.024 45.017 44.974 44.874 44.859 44.877 44.877 44.797 44.629 44.569 44.524 44.494 44.464 44.439 44.442 44.372 44.232 44.102 44.072 44.102 44.042 43.997 43.992 43.994 44.084 44.064 43.884 43.849 43.912 43.907 43.722 43.309 43.002 42.889 42.889 43.062 43.277 43.377 43.372 43.342 43.282 43.237 43.192
46.782 46.569 46.392 46.304 46.239 46.209 45.979 45.787 45.709 45.659 45.634 45.689 45.707 45.572 45.422 45.322 45.189 45.242 45.324 45.332 45.244 45.167 45.094 45.077 45.042 44.937 45.067 45.037 45.002 44.974 44.957 44.967 44.934 44.804 44.744 44.759 44.737 44.569 44.537 44.504 44.464 44.429 44.402 44.417 44.337 44.279 44.104 44.047 44.044 44.017 43.989 43.947 43.919 43.922 43.992 43.907 43.804 43.797 43.892 43.887 43.677 43.287 42.984 42.867 42.792 42.922 43.114 43.237 43.287 43.237 43.182 43.117
46.702 46.509 46.337 46.214 46.062 45.962 45.839 45.779 45.697 45.597 45.519 45.534 45.597 45.599 45.507 45.409 45.324 45.319 45.299 45.342 45.337 45.242 45.197 45.112 45.069 44.997 45.037 44.999 44.949 44.917 44.904 44.887 44.904 44.887 44.754 44.644 44.564 44.519 44.487 44.459 44.434 44.397 44.364 44.364 44.297 44.219 44.124 44.059 43.942 43.932 43.924 43.917 43.924 43.887 43.914 43.872 43.849 43.787 43.849 43.882 43.837 43.634 43.292 42.962 42.812 42.794 42.874 42.994 43.104 43.149 43.117 43.089
46.637 46.504 46.354 46.174 46.012 45.869 45.792 45.719 45.692 45.584 45.509 45.449 45.484 45.507 45.439 45.354 45.329 45.344 45.294 45.332 45.342 45.312 45.234 45.149 45.089 45.009 44.984 44.944 44.907 44.867 44.824 44.817 44.814 44.834 44.834 44.689 44.589 44.487 44.437 44.404 44.377 44.354 44.332 44.294 44.232 44.184 44.142 44.039 43.899 43.877 43.857 43.847 43.874 43.867 43.909 43.852 43.797 43.832 43.834 43.754 43.772 43.767 43.637 43.292 42.924 42.767 42.734 42.772 42.894 43.012 43.062 43.049
46.614 46.477 46.304 46.124 45.974 45.854 45.724 45.669 45.652 45.597 45.494 45.404 45.402 45.379 45.384 45.364 45.362 45.332 45.262 45.339 45.347 45.289 45.279 45.217 45.117 44.987 44.942 44.892 44.849 44.817 44.784 44.739 44.717 44.727 44.727 44.624 44.584 44.504 44.417 44.354 44.327 44.297 44.274 44.249 44.174 44.174 44.137 44.052 43.999 43.944 43.849 43.769 43.797 43.854 44.079 43.969 43.812 43.829 43.829 43.712 43.619 43.689 43.702 43.567 43.244 42.897 42.707 42.687 42.709 42.782 42.909 42.994
46.544 46.412 46.247 46.114 45.949 45.857 45.749 45.652 45.619 45.592 45.527 45.434 45.354 45.309 45.312 45.309 45.312 45.307 45.119 45.139 45.209 45.217 45.174 45.019 44.994 44.944 44.917 44.859 44.802 44.754 44.719 44.692 44.654 44.622 44.614 44.584 44.549 44.507 44.402 44.334 44.274 44.247 44.217 44.177 44.162 44.199 44.154 44.107 44.017 43.957 43.872 43.709 43.649 43.702 43.987 44.089 43.892 43.787 43.819 43.772 43.612 43.544 43.609 43.612 43.474 43.172 42.849 42.692 42.642 42.662 42.739 42.827
46.447 46.322 46.177 46.067 45.934 45.879 45.759 45.679 45.584 45.542 45.492 45.467 45.414 45.342 45.247 45.214 45.229 45.214 45.049 44.984 44.987 45.059 45.082 45.004 45.002 44.904 44.889 44.839 44.779 44.719 44.667 44.627 44.599 44.497 44.532 44.524 44.507 44.474 44.417 44.294 44.234 44.199 44.139 44.104 44.154 44.189 44.217 44.204 44.164 43.992 43.839 43.692 43.639 43.604 43.789 43.899 43.887 43.882 43.797 43.767 43.722 43.602 43.482 43.547 43.524 43.372 43.112 42.822 42.657 42.582 42.597 42.717
46.304 46.204 46.137 46.017 45.914 45.847 45.727 45.644 45.582 45.514 45.454 45.434 45.412 45.374 45.247 45.144 45.109 45.044 45.032 44.999 44.949 44.959 45.032 45.044 44.974 44.864 44.857 44.814 44.759 44.699 44.639 44.577 44.492 44.419 44.404 44.432 44.402 44.394 44.394 44.327 44.197 44.157 44.124 44.137 44.142 44.132 44.174 44.209 44.164 43.894 43.759 43.639 43.597 43.617 43.634 43.764 43.829 43.877 43.849 43.729 43.729 43.719 43.572 43.539 43.482 43.432 43.309 43.094 42.794 42.609 42.564 42.607
46.274 46.109 46.024 45.979 45.879 45.802 45.699 45.629 45.579 45.524 45.447 45.389 45.367 45.352 45.284 45.184 45.084 45.004 45.024 44.972 44.989 44.969 44.992 45.039 44.884 44.724 44.817 44.784 44.719 44.649 44.579 44.504 44.419 44.367 44.339 44.324 44.339 44.292 44.247 44.254 44.137 44.069 44.124 44.109 44.087 44.089 44.102 44.142 43.909 43.724 43.679 43.637 43.594 43.622 43.657 43.704 43.694 43.717 43.759 43.699 43.694 43.717 43.697 43.594 43.437 43.389 43.324 43.272 43.009 42.734 42.597 42.544
46.262 46.092 45.949 45.934 45.889 45.787 45.719 45.637 45.549 45.482 45.442 45.387 45.372 45.319 45.284 45.197 45.119 44.967 44.904 44.937 45.009 44.952 44.992 45.019 44.939 44.829 44.802 44.747 44.664 44.592 44.517 44.454 44.399 44.339 44.292 44.264 44.247 44.244 44.194 44.124 44.077 44.057 44.094 44.149 44.127 44.049 44.054 43.994 43.692 43.634 43.587 43.584 43.592 43.557 43.572 43.582 43.552 43.597 43.664 43.709 43.729 43.657 43.642 43.674 43.549 43.372 43.267 43.319 43.232 43.027 42.772 42.617
46.179 46.092 45.972 45.894 45.824 45.787 45.724 45.639 45.582 45.467 45.407 45.402 45.394 45.342 45.282 45.192 45.119 44.979 44.909 44.832 44.869 44.874 44.862 44.919 44.969 44.879 44.759 44.684 44.547 44.504 44.484 44.439 44.379 44.319 44.259 44.217 44.189 44.169 44.139 44.057 44.037 44.082 44.109 44.152 44.192 44.192 44.034 43.719 43.604 43.587 43.569 43.572 43.547 43.564 43.597 43.624 43.612 43.584 43.547 43.647 43.687 43.744 43.704 43.647 43.654 43.589 43.409 43.339 43.257 43.207 43.034 42.839
46.182 46.052 45.984 45.897 45.844 45.807 45.717 45.709 45.644 45.497 45.397 45.334 45.352 45.314 45.267 45.199 45.099 45.039 44.934 44.804 44.742 44.752 44.719 44.799 44.919 44.897 44.757 44.622 44.472 44.432 44.449 44.422 44.359 44.299 44.239 44.182 44.139 44.104 44.052 43.992 44.019 44.072 44.107 44.122 44.159 44.094 43.799 43.632 43.552 43.617 43.604 43.574 43.539 43.552 43.587 43.709 43.762 43.622 43.492 43.432 43.632 43.754 43.719 43.677 43.624 43.639 43.589 43.464 43.292 43.257 43.182 43.049
