LIDAR/se2787_DTM_2M.asc
ncols 500
nrows 500
xllcorner    427000
yllcorner    487000
cellsize     2
NODATA_value -9999
[rows 352 to 383 of 500, columns 288 to 359 of 500]
35.672 35.672 35.667 35.667 35.677 35.64 35.657 35.642 35.592 35.58 35.587 35.545 35.512 35.477 35.45 35.415 35.39 35.387 35.4 35.362 35.362 35.335 35.325 35.287 35.292 35.275 35.272 35.26 35.27 35.267 35.257 35.26 35.302 35.295 35.31 35.307 35.347 35.362 35.317 35.352 35.317 35.287 35.302 35.27 35.237 35.175 35.11 35.007 34.895 34.835 34.77 34.75 34.742 34.755 34.705 34.765 34.845 34.925 34.925 34.947 34.96 34.94 34.975 34.962 34.972 34.922 34.93 34.927 34.932 34.91 34.9 34.92
35.707 35.66 35.692 35.68 35.677 35.667 35.665 35.64 35.607 35.607 35.562 35.54 35.525 35.465 35.44 35.405 35.427 35.43 35.395 35.37 35.337 35.322 35.312 35.287 35.27 35.252 35.292 35.28 35.3 35.277 35.285 35.282 35.305 35.335 35.377 35.377 35.412 35.382 35.337 35.377 35.392 35.35 35.325 35.327 35.302 35.207 35.057 34.987 34.947 34.865 34.85 34.84 34.847 34.882 34.952 34.952 34.992 34.985 35.005 35.032 35.012 35.02 34.992 34.99 34.98 34.967 35.017 34.967 34.98 34.97 34.972 34.975
35.725 35.715 35.687 35.702 35.665 35.675 35.637 35.632 35.632 35.575 35.54 35.557 35.497 35.465 35.427 35.397 35.405 35.392 35.407 35.392 35.347 35.36 35.322 35.307 35.305 35.302 35.3 35.28 35.307 35.32 35.315 35.345 35.37 35.377 35.442 35.432 35.427 35.417 35.44 35.467 35.427 35.407 35.385 35.37 35.285 35.145 35.075 35.007 34.98 34.912 34.952 34.907 34.927 35.07 35.052 35.03 35.05 35.047 35.057 35.072 35.065 35.072 35.032 35.025 35.002 35.007 35.03 35 35.022 35.007 35.005 34.995
35.732 35.702 35.667 35.692 35.66 35.645 35.655 35.642 35.63 35.567 35.552 35.512 35.487 35.46 35.435 35.412 35.387 35.385 35.385 35.365 35.345 35.322 35.317 35.305 35.315 35.34 35.34 35.285 35.297 35.35 35.375 35.422 35.427 35.477 35.467 35.475 35.512 35.52 35.517 35.482 35.435 35.427 35.435 35.307 35.195 35.132 35.115 35.027 34.987 35.007 35.022 35.02 35.087 35.192 35.115 35.055 35.112 35.105 35.107 35.102 35.115 35.077 35.077 35.05 35.047 35.077 35.065 35.05 35.07 35.05 35.07 35.052
35.735 35.732 35.697 35.667 35.647 35.657 35.65 35.612 35.6 35.567 35.562 35.51 35.477 35.442 35.44 35.422 35.422 35.37 35.382 35.347 35.34 35.31 35.332 35.315 35.322 35.345 35.305 35.297 35.335 35.395 35.437 35.462 35.487 35.55 35.53 35.567 35.56 35.552 35.53 35.53 35.525 35.487 35.367 35.257 35.197 35.172 35.132 35.11 35.08 35.11 35.197 35.217 35.182 35.147 35.115 35.14 35.172 35.142 35.145 35.122 35.09 35.115 35.115 35.105 35.12 35.117 35.122 35.115 35.145 35.102 35.107 35.117
35.757 35.725 35.682 35.677 35.647 35.65 35.632 35.627 35.612 35.572 35.535 35.475 35.457 35.445 35.432 35.427 35.4 35.407 35.37 35.352 35.342 35.345 35.347 35.295 35.33 35.32 35.317 35.33 35.367 35.397 35.435 35.475 35.517 35.577 35.58 35.59 35.627 35.572 35.577 35.587 35.54 35.407 35.347 35.3 35.225 35.207 35.155 35.175 35.16 35.167 35.26 35.25 35.187 35.172 35.185 35.167 35.195 35.17 35.152 35.147 35.142 35.137 35.155 35.14 35.165 35.165 35.165 35.192 35.2 35.17 35.175 35.15
35.745 35.687 35.675 35.682 35.66 35.635 35.6 35.59 35.577 35.547 35.507 35.48 35.485 35.467 35.43 35.397 35.407 35.375 35.367 35.355 35.35 35.365 35.327 35.305 35.305 35.31 35.335 35.367 35.402 35.44 35.455 35.497 35.575 35.607 35.627 35.632 35.632 35.602 35.597 35.555 35.405 35.355 35.317 35.277 35.275 35.262 35.28 35.252 35.31 35.355 35.305 35.272 35.27 35.237 35.242 35.262 35.255 35.187 35.165 35.132 35.145 35.175 35.185 35.185 35.2 35.21 35.24 35.23 35.222 35.207 35.2 35.175
35.735 35.707 35.692 35.672 35.63 35.647 35.61 35.592 35.58 35.525 35.52 35.497 35.485 35.455 35.432 35.412 35.377 35.337 35.367 35.392 35.36 35.365 35.34 35.33 35.355 35.34 35.377 35.402 35.437 35.465 35.475 35.552 35.6 35.622 35.667 35.627 35.627 35.635 35.55 35.465 35.402 35.387 35.33 35.302 35.337 35.332 35.352 35.4 35.422 35.395 35.322 35.335 35.332 35.295 35.317 35.297 35.237 35.212 35.205 35.192 35.202 35.205 35.22 35.245 35.242 35.242 35.28 35.262 35.255 35.227 35.242 35.22
35.747 35.707 35.682 35.667 35.662 35.625 35.615 35.607 35.592 35.52 35.545 35.525 35.487 35.47 35.45 35.415 35.375 35.38 35.375 35.385 35.35 35.347 35.335 35.322 35.365 35.347 35.385 35.4 35.43 35.495 35.527 35.595 35.617 35.637 35.67 35.655 35.617 35.575 35.5 35.445 35.41 35.38 35.342 35.387 35.39 35.355 35.55 35.497 35.422 35.39 35.41 35.37 35.347 35.322 35.292 35.27 35.242 35.242 35.247 35.227 35.232 35.255 35.27 35.277 35.27 35.287 35.29 35.297 35.292 35.262 35.252 35.257
35.76 35.705 35.677 35.665 35.67 35.655 35.625 35.6 35.57 35.54 35.527 35.497 35.482 35.452 35.437 35.422 35.405 35.375 35.387 35.382 35.327 35.297 35.325 35.322 35.357 35.36 35.41 35.42 35.457 35.522 35.56 35.587 35.647 35.637 35.69 35.647 35.58 35.532 35.505 35.452 35.407 35.392 35.42 35.407 35.467 35.545 35.545 35.492 35.462 35.457 35.412 35.42 35.375 35.36 35.31 35.295 35.285 35.26 35.252 35.275 35.265 35.307 35.32 35.317 35.312 35.312 35.32 35.307 35.312 35.292 35.272 35.272
35.76 35.69 35.7 35.697 35.67 35.672 35.647 35.625 35.582 35.532 35.552 35.515 35.467 35.465 35.432 35.425 35.405 35.38 35.357 35.35 35.305 35.31 35.325 35.352 35.367 35.387 35.41 35.43 35.485 35.53 35.575 35.615 35.62 35.677 35.652 35.55 35.547 35.525 35.467 35.467 35.472 35.487 35.447 35.405 35.512 35.58 35.512 35.507 35.522 35.487 35.465 35.445 35.402 35.37 35.357 35.357 35.325 35.327 35.332 35.327 35.33 35.355 35.372 35.337 35.31 35.335 35.352 35.357 35.327 35.305 35.315 35.297
35.765 35.73 35.722 35.7 35.675 35.65 35.632 35.647 35.595 35.557 35.547 35.515 35.49 35.462 35.452 35.452 35.407 35.402 35.352 35.325 35.34 35.365 35.342 35.37 35.377 35.405 35.387 35.452 35.487 35.512 35.572 35.622 35.672 35.64 35.59 35.525 35.502 35.485 35.467 35.505 35.562 35.55 35.612 35.557 35.59 35.597 35.58 35.557 35.532 35.525 35.515 35.452 35.422 35.407 35.39 35.4 35.365 35.347 35.395 35.387 35.362 35.37 35.377 35.38 35.377 35.35 35.365 35.345 35.332 35.322 35.332 35.332
35.78 35.757 35.735 35.717 35.705 35.685 35.655 35.625 35.595 35.6 35.59 35.537 35.505 35.49 35.492 35.455 35.435 35.407 35.362 35.345 35.35 35.37 35.337 35.375 35.375 35.377 35.42 35.432 35.5 35.505 35.585 35.635 35.612 35.525 35.545 35.535 35.49 35.497 35.565 35.542 35.535 35.6 35.712 35.657 35.677 35.66 35.625 35.622 35.61 35.58 35.55 35.49 35.467 35.447 35.447 35.447 35.442 35.437 35.417 35.407 35.44 35.43 35.42 35.39 35.372 35.375 35.37 35.347 35.337 35.325 35.347 35.352
35.772 35.775 35.765 35.71 35.707 35.685 35.682 35.65 35.605 35.605 35.57 35.515 35.507 35.502 35.495 35.455 35.422 35.395 35.372 35.377 35.375 35.377 35.37 35.372 35.39 35.395 35.442 35.462 35.485 35.512 35.567 35.535 35.522 35.515 35.507 35.517 35.532 35.552 35.582 35.525 35.64 35.722 35.722 35.717 35.737 35.717 35.685 35.667 35.637 35.597 35.55 35.537 35.517 35.515 35.48 35.467 35.495 35.47 35.447 35.46 35.46 35.44 35.457 35.407 35.397 35.397 35.397 35.362 35.345 35.345 35.362 35.367
35.81 35.757 35.747 35.75 35.705 35.722 35.685 35.677 35.642 35.612 35.575 35.527 35.527 35.512 35.475 35.452 35.422 35.42 35.42 35.415 35.402 35.367 35.38 35.405 35.402 35.41 35.452 35.45 35.477 35.482 35.472 35.485 35.495 35.512 35.517 35.547 35.53 35.58 35.69 35.7 35.747 35.75 35.77 35.747 35.78 35.775 35.732 35.687 35.627 35.605 35.585 35.577 35.55 35.545 35.55 35.535 35.56 35.555 35.517 35.525 35.5 35.46 35.455 35.427 35.41 35.395 35.417 35.37 35.375 35.367 35.39 35.367
35.79 35.767 35.757 35.752 35.74 35.705 35.68 35.662 35.632 35.61 35.612 35.575 35.537 35.517 35.462 35.472 35.442 35.462 35.48 35.425 35.402 35.405 35.422 35.412 35.437 35.437 35.44 35.47 35.47 35.452 35.457 35.48 35.47 35.482 35.535 35.532 35.535 35.715 35.825 35.817 35.817 35.835 35.825 35.805 35.812 35.8 35.75 35.697 35.662 35.65 35.63 35.605 35.602 35.607 35.622 35.607 35.6 35.587 35.557 35.51 35.515 35.507 35.485 35.455 35.445 35.435 35.412 35.392 35.4 35.382 35.382 35.37
35.785 35.79 35.757 35.755 35.747 35.715 35.705 35.687 35.687 35.68 35.622 35.607 35.555 35.472 35.497 35.48 35.452 35.482 35.475 35.462 35.44 35.445 35.442 35.432 35.455 35.467 35.437 35.437 35.405 35.42 35.47 35.457 35.477 35.52 35.572 35.595 35.685 35.847 35.857 35.837 35.877 35.857 35.855 35.815 35.822 35.787 35.752 35.732 35.722 35.725 35.705 35.705 35.692 35.665 35.66 35.64 35.62 35.61 35.617 35.565 35.535 35.555 35.532 35.487 35.467 35.467 35.437 35.432 35.392 35.387 35.385 35.37
35.785 35.78 35.807 35.785 35.755 35.742 35.762 35.757 35.672 35.655 35.62 35.595 35.52 35.522 35.505 35.497 35.497 35.475 35.497 35.47 35.462 35.475 35.475 35.485 35.455 35.45 35.42 35.4 35.417 35.432 35.447 35.475 35.525 35.51 35.672 35.812 35.805 35.81 35.85 35.88 35.88 35.88 35.87 35.835 35.842 35.825 35.785 35.802 35.772 35.775 35.757 35.752 35.737 35.705 35.695 35.712 35.7 35.672 35.64 35.605 35.585 35.552 35.545 35.52 35.515 35.492 35.485 35.46 35.422 35.412 35.412 35.415
35.797 35.8 35.785 35.76 35.755 35.765 35.742 35.76 35.702 35.655 35.612 35.592 35.56 35.547 35.565 35.54 35.512 35.497 35.54 35.522 35.53 35.515 35.507 35.507 35.475 35.432 35.382 35.38 35.427 35.432 35.465 35.51 35.52 35.57 35.78 35.85 35.82 35.912 35.925 35.925 35.937 35.895 35.86 35.837 35.865 35.827 35.842 35.84 35.835 35.822 35.787 35.802 35.785 35.762 35.782 35.745 35.73 35.725 35.695 35.632 35.62 35.612 35.585 35.567 35.525 35.505 35.507 35.477 35.445 35.435 35.417 35.412
35.802 35.787 35.795 35.78 35.775 35.8 35.772 35.745 35.712 35.652 35.622 35.605 35.597 35.56 35.577 35.562 35.552 35.565 35.592 35.567 35.562 35.512 35.517 35.48 35.437 35.397 35.4 35.405 35.442 35.46 35.515 35.572 35.612 35.697 35.842 35.885 35.912 35.955 35.95 35.965 35.942 35.887 35.87 35.887 35.877 35.865 35.885 35.89 35.895 35.86 35.86 35.857 35.837 35.805 35.82 35.8 35.78 35.742 35.72 35.69 35.68 35.655 35.635 35.607 35.555 35.55 35.53 35.507 35.47 35.457 35.435 35.42
35.795 35.812 35.77 35.797 35.785 35.792 35.775 35.725 35.687 35.647 35.637 35.595 35.6 35.602 35.585 35.59 35.612 35.602 35.602 35.577 35.6 35.54 35.515 35.45 35.45 35.412 35.432 35.472 35.505 35.52 35.542 35.732 35.862 35.875 35.892 35.94 35.95 35.967 35.965 35.952 35.895 35.887 35.89 35.897 35.917 35.935 35.92 35.935 35.922 35.92 35.892 35.9 35.905 35.877 35.865 35.852 35.8 35.77 35.75 35.745 35.73 35.692 35.685 35.622 35.592 35.565 35.547 35.517 35.475 35.482 35.475 35.42
35.752 35.782 35.775 35.812 35.812 35.765 35.732 35.71 35.69 35.675 35.632 35.615 35.597 35.57 35.605 35.61 35.6 35.597 35.602 35.635 35.595 35.507 35.465 35.46 35.452 35.432 35.482 35.497 35.49 35.582 35.707 35.892 35.872 35.907 35.952 35.957 35.962 35.957 35.945 35.907 35.887 35.912 35.925 35.935 35.952 35.945 35.98 35.965 35.977 35.975 35.97 35.952 35.947 35.94 35.902 35.895 35.85 35.837 35.82 35.777 35.785 35.742 35.697 35.667 35.642 35.607 35.567 35.55 35.517 35.487 35.467 35.435
35.765 35.78 35.767 35.805 35.745 35.747 35.695 35.727 35.702 35.692 35.66 35.637 35.627 35.6 35.627 35.632 35.632 35.645 35.632 35.63 35.54 35.48 35.477 35.467 35.505 35.492 35.515 35.582 35.635 35.72 35.83 35.86 35.89 35.902 35.942 35.957 35.942 35.91 35.9 35.887 35.937 35.94 35.927 35.955 35.997 35.997 36.007 36.025 36.017 36.037 36.03 36.012 35.985 35.977 35.925 35.892 35.89 35.882 35.852 35.8 35.79 35.755 35.727 35.7 35.685 35.652 35.62 35.572 35.542 35.517 35.487 35.44
35.765 35.767 35.782 35.76 35.722 35.747 35.715 35.695 35.7 35.687 35.672 35.64 35.605 35.605 35.602 35.642 35.63 35.637 35.645 35.572 35.515 35.512 35.502 35.505 35.515 35.505 35.505 35.625 35.822 35.815 35.832 35.872 35.9 35.92 35.95 35.902 35.877 35.887 35.907 35.895 35.937 35.97 35.965 35.995 36.045 36.065 36.065 36.065 36.05 36.055 36.037 36.032 36.027 36.01 35.985 35.955 35.935 35.91 35.885 35.86 35.835 35.802 35.757 35.752 35.69 35.677 35.625 35.572 35.555 35.49 35.477 35.455
35.77 35.76 35.752 35.727 35.71 35.715 35.69 35.717 35.715 35.67 35.65 35.655 35.652 35.662 35.635 35.65 35.662 35.625 35.565 35.527 35.53 35.545 35.545 35.56 35.547 35.485 35.692 35.765 35.822 35.832 35.882 35.88 35.887 35.905 35.925 35.885 35.895 35.9 35.892 35.905 35.95 36.01 36.017 36.042 36.08 36.125 36.112 36.112 36.125 36.1 36.092 36.082 36.06 36.042 36.022 36.022 35.997 35.942 35.915 35.907 35.882 35.827 35.792 35.777 35.725 35.687 35.69 35.6 35.545 35.515 35.497 35.462
35.745 35.757 35.74 35.727 35.752 35.74 35.72 35.745 35.71 35.665 35.692 35.685 35.672 35.69 35.627 35.635 35.625 35.557 35.562 35.555 35.537 35.555 35.55 35.567 35.585 35.625 35.715 35.807 35.825 35.86 35.847 35.887 35.902 35.887 35.857 35.865 35.872 35.912 35.92 35.96 35.992 36.03 36.062 36.092 36.13 36.137 36.157 36.157 36.155 36.172 36.162 36.13 36.125 36.097 36.06 36.04 36.015 35.987 35.947 35.925 35.92 35.865 35.855 35.81 35.77 35.737 35.687 35.612 35.555 35.51 35.497 35.432
35.752 35.695 35.73 35.75 35.725 35.747 35.707 35.685 35.692 35.71 35.69 35.677 35.662 35.645 35.655 35.625 35.555 35.552 35.527 35.525 35.527 35.512 35.54 35.657 35.787 35.802 35.772 35.835 35.855 35.857 35.88 35.9 35.86 35.847 35.855 35.882 35.917 35.932 35.945 36.005 36.025 36.065 36.11 36.122 36.142 36.15 36.192 36.17 36.19 36.175 36.185 36.167 36.162 36.14 36.115 36.117 36.085 36.042 35.997 35.96 35.945 35.907 35.872 35.83 35.782 35.757 35.702 35.677 35.605 35.545 35.51 35.445
35.712 35.702 35.712 35.71 35.737 35.717 35.715 35.692 35.67 35.672 35.677 35.667 35.677 35.675 35.632 35.57 35.562 35.545 35.527 35.54 35.54 35.542 35.595 35.787 35.847 35.825 35.852 35.857 35.887 35.9 35.867 35.857 35.845 35.87 35.902 35.885 35.93 35.967 35.982 36.022 36.072 36.097 36.13 36.157 36.187 36.19 36.215 36.235 36.222 36.217 36.197 36.227 36.21 36.165 36.16 36.12 36.105 36.092 36.037 35.987 35.97 35.92 35.887 35.87 35.815 35.77 35.722 35.667 35.627 35.57 35.545 35.502
35.727 35.735 35.722 35.715 35.717 35.702 35.72 35.715 35.707 35.677 35.667 35.647 35.632 35.587 35.545 35.562 35.547 35.502 35.537 35.567 35.587 35.6 35.825 35.857 35.832 35.862 35.87 35.89 35.907 35.877 35.847 35.862 35.87 35.877 35.925 35.955 35.98 36.025 36.027 36.075 36.132 36.147 36.19 36.197 36.205 36.237 36.24 36.252 36.27 36.242 36.277 36.27 36.247 36.227 36.202 36.175 36.16 36.117 36.09 36.027 35.997 35.94 35.932 35.865 35.832 35.797 35.74 35.675 35.647 35.592 35.55 35.502
35.72 35.705 35.707 35.73 35.712 35.697 35.692 35.702 35.68 35.685 35.65 35.622 35.582 35.577 35.57 35.552 35.532 35.505 35.55 35.557 35.637 35.787 35.86 35.857 35.875 35.892 35.927 35.915 35.877 35.892 35.862 35.885 35.88 35.917 35.932 35.995 36.007 36.025 36.08 36.122 36.157 36.172 36.207 36.215 36.232 36.262 36.277 36.295 36.29 36.277 36.315 36.302 36.3 36.262 36.205 36.21 36.197 36.147 36.092 36.062 36.032 35.975 35.927 35.897 35.857 35.83 35.775 35.685 35.652 35.627 35.597 35.527
35.72 35.712 35.685 35.705 35.677 35.675 35.68 35.687 35.68 35.707 35.642 35.577 35.577 35.547 35.552 35.495 35.525 35.53 35.542 35.675 35.685 35.8 35.86 35.885 35.892 35.92 35.922 35.902 35.862 35.915 35.91 35.92 35.915 35.96 35.972 36.007 36.042 36.06 36.12 36.13 36.162 36.225 36.237 36.245 36.262 36.267 36.287 36.305 36.312 36.355 36.337 36.325 36.325 36.312 36.272 36.235 36.22 36.182 36.125 36.087 36.047 36.012 35.962 35.905 35.88 35.847 35.777 35.747 35.68 35.642 35.587 35.567
35.71 35.692 35.695 35.652 35.657 35.665 35.677 35.672 35.692 35.66 35.575 35.552 35.552 35.537 35.52 35.502 35.56 35.58 35.707 35.767 35.797 35.837 35.865 35.882 35.912 35.925 35.927 35.907 35.892 35.895 35.93 35.955 35.957 36.01 36.012 36.017 36.072 36.12 36.132 36.17 36.192 36.237 36.262 36.28 36.272 36.295 36.327 36.357 36.357 36.377 36.385 36.365 36.372 36.352 36.3 36.282 36.247 36.225 36.167 36.117 36.09 36.017 36.002 35.935 35.892 35.855 35.807 35.787 35.737 35.657 35.622 35.6
