LIDAR/se2788_DTM_2M.asc
ncols 500
nrows 500
xllcorner    427000
yllcorner    488000
cellsize     2
NODATA_value -9999
[rows 448 to 479 of 500, columns 72 to 143 of 500]
30.575 30.668 30.758 30.843 30.983 31.11 31.318 31.528 31.588 31.625 31.638 31.688 31.705 31.768 31.885 32.113 32.225 32.455 32.695 32.923 33.43 34.105 34.638 34.925 35.03 35.07 35.123 35.198 35.037 35.08 35.257 35.36 35.42 35.492 35.585 35.672 35.785 35.93 36.047 36.152 36.237 36.342 36.407 36.467 36.53 36.6 36.712 36.81 36.897 36.942 36.835 36.79 36.857 36.847 36.987 37.167 37.29 37.287 37.267 37.312 37.365 37.28 37.29 37.337 37.367 37.415 37.422 37.482 37.567 37.587 37.622 37.645
30.493 30.62 30.683 30.808 30.915 31.018 31.15 31.35 31.403 31.445 31.51 31.558 31.633 31.633 31.775 31.968 32.073 32.275 32.53 32.728 33.128 33.665 34.235 34.603 34.74 34.843 34.938 35.08 35.065 34.925 34.982 35.207 35.295 35.36 35.477 35.567 35.667 35.835 35.915 36.045 36.14 36.24 36.332 36.392 36.45 36.507 36.562 36.62 36.817 36.93 36.87 36.76 36.82 36.892 36.832 36.937 37.152 37.222 37.242 37.265 37.302 37.272 37.255 37.312 37.357 37.35 37.432 37.497 37.512 37.482 37.555 37.605
30.46 30.58 30.65 30.74 30.81 30.903 30.958 31.04 31.185 31.273 31.378 31.468 31.545 31.588 31.633 31.803 31.955 31.985 32.18 32.5 32.825 33.433 33.988 34.195 34.35 34.593 34.723 34.813 35.023 34.93 34.825 34.975 35.173 35.24 35.36 35.44 35.575 35.683 35.81 35.915 36.03 36.13 36.24 36.345 36.395 36.465 36.5 36.58 36.7 36.868 36.92 36.85 36.798 36.888 36.905 36.82 36.978 37.13 37.223 37.228 37.27 37.28 37.213 37.218 37.268 37.37 37.418 37.395 37.4 37.46 37.473 37.488
30.315 30.528 30.633 30.69 30.76 30.82 30.878 30.893 30.998 31.105 31.245 31.315 31.44 31.478 31.488 31.548 31.745 31.753 31.815 32.093 32.69 33.193 33.638 33.845 34.015 34.255 34.46 34.603 34.783 34.908 34.795 34.85 35.095 35.17 35.278 35.378 35.473 35.57 35.693 35.818 35.92 36.048 36.153 36.228 36.328 36.398 36.435 36.465 36.545 36.718 36.89 36.908 36.843 36.85 36.88 36.81 36.875 37.06 37.205 37.21 37.22 37.218 37.2 37.253 37.328 37.33 37.34 37.335 37.358 37.443 37.47 37.47
30.165 30.403 30.508 30.61 30.715 30.74 30.78 30.783 30.843 30.98 31.088 31.188 31.23 31.22 31.255 31.308 31.425 31.488 31.588 31.88 32.505 33.018 33.298 33.478 33.658 33.91 34.165 34.38 34.525 34.74 34.823 34.823 34.913 35.063 35.193 35.295 35.395 35.51 35.603 35.68 35.8 35.96 36.05 36.133 36.233 36.34 36.375 36.428 36.51 36.608 36.763 36.86 36.863 36.808 36.818 36.83 36.823 36.89 37.09 37.22 37.183 37.145 37.283 37.388 37.36 37.295 37.288 37.34 37.413 37.393 37.445 37.47
29.908 30.163 30.338 30.453 30.573 30.673 30.66 30.655 30.735 30.828 30.925 30.978 31.045 30.963 30.978 31.048 31.128 31.2 31.355 31.603 32.085 32.68 32.968 33.105 33.29 33.588 33.845 34.135 34.335 34.515 34.745 34.803 34.813 34.943 35.115 35.205 35.315 35.413 35.5 35.598 35.718 35.85 35.953 36.068 36.16 36.285 36.343 36.408 36.465 36.57 36.685 36.795 36.885 36.865 36.81 36.835 36.828 36.838 37.025 37.233 37.228 37.163 37.285 37.295 37.25 37.243 37.273 37.275 37.325 37.375 37.413 37.46
29.723 29.855 29.993 30.195 30.31 30.503 30.555 30.523 30.583 30.64 30.72 30.75 30.74 30.77 30.753 30.77 30.89 30.943 31.085 31.34 31.83 32.293 32.523 32.723 32.91 33.208 33.518 33.835 34.158 34.363 34.578 34.71 34.758 34.795 34.978 35.118 35.195 35.318 35.43 35.523 35.623 35.725 35.858 35.993 36.07 36.175 36.283 36.368 36.435 36.508 36.593 36.693 36.86 36.94 36.875 36.823 36.823 36.873 36.99 37.125 37.18 37.18 37.305 37.245 37.245 37.233 37.265 37.27 37.315 37.4 37.413 37.43
29.658 29.68 29.755 29.835 29.933 30.2 30.32 30.253 30.328 30.403 30.538 30.525 30.605 30.57 30.568 30.6 30.613 30.633 30.863 31.195 31.593 31.975 32.153 32.348 32.568 32.85 33.225 33.55 33.898 34.17 34.393 34.59 34.723 34.745 34.805 35.025 35.133 35.228 35.348 35.455 35.533 35.613 35.79 35.918 36.033 36.123 36.188 36.308 36.403 36.453 36.528 36.613 36.713 36.885 36.93 36.823 36.8 36.825 36.895 37.02 37.113 37.178 37.285 37.273 37.255 37.278 37.263 37.258 37.275 37.31 37.365 37.428
29.92 29.705 29.635 29.583 29.665 29.853 30.013 30.04 30.138 30.335 30.468 30.423 30.39 30.405 30.39 30.46 30.423 30.448 30.683 31.06 31.43 31.63 31.813 32.023 32.268 32.553 32.863 33.255 33.603 33.963 34.23 34.418 34.623 34.733 34.763 34.873 35.038 35.155 35.245 35.365 35.458 35.565 35.695 35.823 35.94 36.033 36.133 36.265 36.355 36.415 36.475 36.535 36.595 36.775 36.9 36.903 36.843 36.825 36.853 36.938 37.063 37.183 37.245 37.25 37.268 37.225 37.245 37.253 37.268 37.288 37.373 37.423
30.305 30.018 29.835 29.655 29.528 29.595 29.728 29.845 29.955 30.243 30.53 30.51 30.438 30.368 30.31 30.38 30.35 30.303 30.565 30.91 31.255 31.488 31.633 31.743 31.988 32.288 32.59 32.918 33.33 33.69 34 34.25 34.42 34.67 34.765 34.795 34.963 35.113 35.183 35.3 35.403 35.533 35.643 35.76 35.87 35.97 36.1 36.19 36.285 36.385 36.443 36.483 36.555 36.643 36.825 36.948 36.88 36.873 36.86 36.895 37.02 37.205 37.245 37.235 37.238 37.278 37.273 37.255 37.288 37.315 37.395 37.368
30.538 30.41 30.338 30.118 29.795 29.535 29.53 29.61 29.763 30.135 30.6 30.62 30.6 30.475 30.35 30.313 30.285 30.27 30.45 30.765 31.09 31.33 31.46 31.585 31.74 31.975 32.315 32.648 32.998 33.413 33.795 34.068 34.295 34.528 34.76 34.783 34.845 35.025 35.12 35.26 35.37 35.513 35.595 35.708 35.808 35.923 36.003 36.11 36.233 36.32 36.39 36.443 36.503 36.59 36.715 36.89 36.99 36.91 36.883 36.895 36.898 37.065 37.233 37.248 37.258 37.21 37.228 37.24 37.268 37.303 37.333 37.348
30.6 30.565 30.523 30.483 30.303 29.998 29.69 29.45 29.48 29.865 30.413 30.59 30.673 30.575 30.44 30.338 30.27 30.24 30.308 30.605 30.873 31.05 31.203 31.353 31.598 31.745 32.033 32.383 32.713 33.153 33.528 33.87 34.168 34.405 34.673 34.815 34.795 34.883 35.093 35.228 35.348 35.455 35.545 35.638 35.733 35.805 35.925 36.078 36.16 36.25 36.353 36.45 36.52 36.568 36.675 36.795 36.925 36.99 36.925 36.878 36.883 36.938 37.095 37.28 37.253 37.213 37.18 37.228 37.253 37.313 37.315 37.33
30.688 30.638 30.603 30.578 30.465 30.375 30.145 29.743 29.463 29.685 30.105 30.265 30.425 30.51 30.443 30.395 30.263 30.168 30.258 30.548 30.783 30.93 31.02 31.175 31.428 31.563 31.803 32.145 32.55 32.853 33.275 33.64 33.965 34.243 34.51 34.748 34.85 34.853 34.97 35.203 35.288 35.388 35.485 35.6 35.713 35.793 35.888 36.023 36.138 36.243 36.323 36.425 36.485 36.54 36.66 36.738 36.828 36.983 36.953 36.9 36.863 36.91 37.015 37.238 37.3 37.238 37.18 37.24 37.298 37.265 37.293 37.325
30.708 30.665 30.658 30.61 30.563 30.44 30.333 30.15 29.813 29.588 29.668 29.763 30.01 30.205 30.315 30.348 30.24 30.113 30.253 30.488 30.72 30.843 30.915 31.003 31.243 31.398 31.598 31.918 32.305 32.61 32.98 33.415 33.795 34.123 34.375 34.603 34.81 34.873 34.918 35.108 35.258 35.35 35.453 35.565 35.665 35.743 35.858 35.965 36.073 36.228 36.3 36.393 36.495 36.528 36.608 36.695 36.778 36.92 36.978 36.96 36.888 36.92 36.993 37.103 37.263 37.24 37.22 37.213 37.215 37.235 37.265 37.3
30.765 30.69 30.66 30.615 30.575 30.533 30.46 30.368 30.188 29.81 29.57 29.55 29.633 29.91 30.195 30.208 30.098 30.063 30.14 30.405 30.65 30.773 30.883 30.91 31.085 31.26 31.45 31.693 32.075 32.425 32.76 33.21 33.63 33.96 34.258 34.508 34.74 34.9 34.92 35.018 35.21 35.318 35.405 35.515 35.63 35.713 35.81 35.945 36.058 36.173 36.273 36.373 36.46 36.505 36.598 36.65 36.738 36.78 36.938 37.01 36.97 36.9 36.96 37.033 37.233 37.25 37.245 37.195 37.198 37.253 37.235 37.225
30.83 30.745 30.685 30.635 30.615 30.59 30.57 30.508 30.42 30.233 29.948 29.65 29.538 29.565 29.848 29.91 29.94 30 30.175 30.388 30.623 30.783 30.845 30.858 30.97 31.103 31.31 31.528 31.828 32.195 32.618 32.96 33.38 33.8 34.148 34.398 34.62 34.845 34.935 34.943 35.075 35.275 35.37 35.465 35.575 35.68 35.793 35.915 36.055 36.135 36.248 36.333 36.38 36.47 36.568 36.6 36.673 36.74 36.813 37.008 37.055 36.973 36.963 37.073 37.198 37.228 37.255 37.245 37.195 37.205 37.225 37.233
30.843 30.743 30.655 30.638 30.633 30.605 30.568 30.523 30.473 30.375 30.18 29.923 29.673 29.515 29.458 29.593 29.74 29.945 30.215 30.388 30.52 30.713 30.765 30.808 30.78 30.943 31.148 31.335 31.643 31.978 32.415 32.808 33.188 33.643 33.983 34.26 34.515 34.745 34.903 34.958 34.985 35.18 35.355 35.453 35.523 35.648 35.75 35.893 35.993 36.083 36.185 36.258 36.35 36.43 36.49 36.578 36.63 36.665 36.74 36.883 37.035 37.013 37.033 37.12 37.143 37.215 37.253 37.318 37.248 37.22 37.25 37.22
30.685 30.625 30.558 30.57 30.56 30.55 30.533 30.49 30.458 30.395 30.323 30.19 30.008 29.583 29.33 29.42 29.633 29.83 30.03 30.235 30.433 30.588 30.678 30.768 30.8 30.943 31.02 31.23 31.493 31.798 32.188 32.638 33.035 33.405 33.803 34.133 34.425 34.643 34.833 34.998 35.013 35.055 35.293 35.455 35.513 35.643 35.753 35.855 35.98 36.073 36.14 36.223 36.303 36.373 36.465 36.545 36.558 36.61 36.713 36.813 36.96 37.028 37.085 37.138 37.118 37.163 37.268 37.36 37.318 37.253 37.218 37.245
30.533 30.458 30.418 30.398 30.39 30.393 30.41 30.428 30.403 30.378 30.295 30.275 30.178 29.923 29.555 29.43 29.448 29.595 29.803 29.935 30.198 30.465 30.618 30.75 30.745 30.87 30.93 31.09 31.388 31.685 32.023 32.443 32.9 33.21 33.64 33.968 34.298 34.53 34.765 34.96 35.015 35.075 35.155 35.41 35.508 35.633 35.748 35.858 35.95 36.013 36.08 36.183 36.295 36.353 36.45 36.52 36.555 36.585 36.67 36.78 36.903 37.045 37.085 37.118 37.045 37 37.115 37.21 37.263 37.26 37.233 37.21
30.295 30.285 30.29 30.255 30.268 30.258 30.245 30.248 30.233 30.235 30.195 30.245 30.213 30.143 29.94 29.543 29.375 29.315 29.5 29.665 30.005 30.29 30.475 30.608 30.65 30.725 30.82 30.99 31.26 31.57 31.883 32.233 32.655 33.055 33.408 33.82 34.173 34.428 34.69 34.908 35.058 35.113 35.14 35.3 35.538 35.61 35.71 35.828 35.915 35.975 36.048 36.125 36.245 36.328 36.39 36.463 36.525 36.575 36.638 36.778 36.925 36.958 37.065 37.083 37.038 36.935 36.933 37.073 37.31 37.295 37.213 37.188
30.24 30.238 30.208 30.21 30.173 30.15 30.153 30.14 30.123 30.093 30.118 30.155 30.148 30.15 30.055 29.543 29.38 29.365 29.428 29.48 29.735 30.07 30.295 30.43 30.565 30.69 30.783 30.895 31.12 31.44 31.715 32.065 32.453 32.865 33.24 33.563 33.978 34.31 34.603 34.85 35.018 35.123 35.16 35.235 35.42 35.595 35.675 35.763 35.86 35.925 35.98 36.063 36.193 36.295 36.345 36.42 36.48 36.558 36.663 36.76 36.845 36.848 36.963 37.035 37.068 36.963 36.933 36.988 37.155 37.238 37.205 37.165
30.2 30.225 30.203 30.2 30.18 30.183 30.165 30.155 30.143 30.108 30.103 30.105 30.095 30.108 29.955 29.598 29.383 29.35 29.375 29.408 29.493 29.623 29.975 30.248 30.423 30.608 30.708 30.828 30.98 31.26 31.573 31.905 32.253 32.71 33.113 33.418 33.795 34.153 34.495 34.753 34.963 35.163 35.23 35.225 35.338 35.59 35.68 35.735 35.825 35.908 35.945 36.015 36.14 36.263 36.31 36.388 36.463 36.535 36.64 36.718 36.77 36.88 36.97 37.003 37.055 37.02 36.953 36.963 37.015 37.135 37.208 37.208
30.253 30.258 30.285 30.293 30.313 30.283 30.293 30.29 30.25 30.228 30.238 30.195 30.185 30.16 30.07 29.83 29.538 29.433 29.37 29.41 29.38 29.393 29.598 29.903 30.278 30.435 30.575 30.743 30.873 31.095 31.393 31.733 32.053 32.41 32.82 33.253 33.635 34.025 34.4 34.688 34.928 35.105 35.225 35.263 35.318 35.478 35.65 35.708 35.76 35.885 35.97 36.028 36.118 36.238 36.3 36.36 36.44 36.5 36.555 36.668 36.76 36.823 36.88 36.928 37.02 37.035 36.935 36.923 36.918 36.975 37.103 37.213
30.405 30.443 30.443 30.463 30.448 30.463 30.463 30.445 30.435 30.395 30.413 30.42 30.398 30.32 30.29 30.22 30.023 29.735 29.688 29.86 29.773 29.453 29.33 29.625 30.043 30.363 30.533 30.655 30.798 30.97 31.213 31.535 31.813 32.063 32.563 33.033 33.465 33.848 34.225 34.565 34.82 35.038 35.21 35.283 35.353 35.39 35.53 35.695 35.79 35.88 35.963 36.065 36.11 36.21 36.28 36.36 36.453 36.488 36.51 36.615 36.678 36.74 36.813 36.875 36.91 37 36.985 36.93 36.885 36.885 37.015 37.153
30.603 30.613 30.643 30.62 30.645 30.605 30.633 30.61 30.595 30.555 30.563 30.575 30.575 30.565 30.503 30.433 30.345 30.228 30.21 30.263 30.2 29.885 29.453 29.355 29.658 30.08 30.435 30.54 30.675 30.86 31.073 31.385 31.67 31.93 32.36 32.858 33.305 33.7 34.075 34.425 34.723 34.948 35.178 35.33 35.46 35.398 35.44 35.683 35.823 35.87 35.963 36.08 36.158 36.213 36.268 36.345 36.398 36.468 36.49 36.545 36.65 36.683 36.715 36.825 36.868 36.933 36.988 36.955 36.868 36.858 36.913 36.99
30.67 30.72 30.755 30.768 30.77 30.758 30.768 30.755 30.755 30.733 30.703 30.733 30.75 30.713 30.698 30.578 30.503 30.405 30.323 30.268 30.25 30.185 29.84 29.463 29.415 29.775 30.175 30.48 30.59 30.748 30.96 31.188 31.55 31.833 32.265 32.643 33.103 33.558 33.91 34.243 34.615 34.895 35.078 35.255 35.418 35.505 35.47 35.643 35.813 35.913 35.993 36.048 36.118 36.215 36.265 36.33 36.358 36.433 36.488 36.538 36.628 36.655 36.668 36.708 36.818 36.858 36.92 36.938 36.923 36.875 36.858 36.863
30.803 30.835 30.855 30.863 30.875 30.873 30.88 30.865 30.853 30.843 30.83 30.833 30.835 30.823 30.783 30.708 30.588 30.475 30.375 30.305 30.225 30.215 30.07 29.71 29.38 29.525 29.883 30.26 30.53 30.688 30.86 31.063 31.355 31.67 32.04 32.43 32.878 33.368 33.788 34.12 34.455 34.763 35.015 35.235 35.433 35.595 35.543 35.56 35.743 35.878 35.945 35.995 36.138 36.233 36.298 36.31 36.36 36.405 36.43 36.488 36.53 36.595 36.63 36.638 36.733 36.795 36.835 36.87 36.935 36.87 36.81 36.823
30.9 30.925 30.948 30.943 30.918 30.913 30.915 30.913 30.888 30.86 30.86 30.878 30.858 30.825 30.77 30.753 30.648 30.523 30.458 30.373 30.243 30.155 30.13 29.913 29.473 29.41 29.685 30.088 30.438 30.605 30.765 30.988 31.175 31.458 31.82 32.245 32.653 33.128 33.535 33.988 34.353 34.673 34.98 35.213 35.4 35.555 35.678 35.588 35.643 35.823 35.98 36.008 36.153 36.243 36.245 36.288 36.313 36.34 36.383 36.465 36.503 36.548 36.598 36.663 36.633 36.725 36.775 36.82 36.883 36.86 36.823 36.728
30.935 30.943 30.94 30.96 30.923 30.94 30.905 30.915 30.875 30.873 30.885 30.865 30.868 30.848 30.8 30.748 30.69 30.58 30.518 30.403 30.285 30.153 30.083 29.93 29.643 29.438 29.593 29.963 30.368 30.523 30.653 30.855 31.035 31.318 31.665 32.075 32.42 32.883 33.34 33.82 34.248 34.57 34.913 35.215 35.348 35.553 35.723 35.695 35.623 35.79 35.975 36.025 36.103 36.123 36.18 36.23 36.255 36.298 36.355 36.415 36.465 36.518 36.548 36.61 36.613 36.628 36.683 36.713 36.793 36.843 36.845 36.733
30.988 30.978 30.95 30.963 30.93 30.923 30.903 30.91 30.875 30.865 30.853 30.868 30.873 30.848 30.8 30.748 30.7 30.663 30.59 30.473 30.36 30.193 30.083 29.975 29.79 29.44 29.503 29.86 30.333 30.533 30.658 30.748 30.923 31.22 31.503 31.788 32.18 32.73 33.158 33.663 34.148 34.52 34.908 35.203 35.393 35.57 35.695 35.673 35.655 35.68 35.845 36.005 36.06 36.03 36.148 36.183 36.233 36.275 36.348 36.408 36.44 36.473 36.483 36.54 36.59 36.583 36.648 36.718 36.735 36.785 36.79 36.725
30.988 30.988 30.943 30.95 30.923 30.933 30.91 30.888 30.903 30.898 30.863 30.86 30.87 30.843 30.795 30.77 30.74 30.705 30.643 30.583 30.448 30.288 30.123 30.038 29.833 29.515 29.373 29.585 29.878 30.355 30.673 30.693 30.858 31.193 31.483 31.693 31.98 32.595 33.035 33.503 34.013 34.505 34.913 35.22 35.415 35.603 35.715 35.785 35.825 35.715 35.693 35.948 36.02 36.03 36.09 36.155 36.193 36.275 36.305 36.345 36.413 36.475 36.48 36.508 36.553 36.563 36.543 36.655 36.683 36.718 36.695 36.703
30.988 30.968 30.953 30.923 30.92 30.913 30.92 30.91 30.913 30.89 30.883 30.86 30.87 30.838 30.825 30.8 30.77 30.74 30.7 30.665 30.573 30.408 30.208 30.07 29.965 29.72 29.443 29.44 29.483 29.973 30.575 30.705 30.773 31.075 31.323 31.55 31.775 32.325 32.893 33.325 33.85 34.425 34.905 35.245 35.453 35.638 35.763 35.825 35.945 35.79 35.688 35.808 35.96 36.013 36.048 36.12 36.19 36.288 36.3 36.3 36.38 36.41 36.458 36.48 36.513 36.51 36.518 36.495 36.57 36.635 36.663 36.635
