LIDAR/se2789_DTM_2M.asc
ncols 500
nrows 500
xllcorner    427000
yllcorner    489000
cellsize     2
NODATA_value -9999
[rows 448 to 479 of 500, columns 426 to 496 of 500]
42.982 42.807 42.639 42.534 42.454 42.352 42.279 42.162 42.077 41.984 41.894 41.829 41.722 41.717 41.632 41.482 41.337 41.292 41.259 41.194 41.132 41.084 41.079 41.032 40.869 40.787 40.772 40.817 40.814 40.762 40.722 40.574 40.372 40.189 40.024 40.019 40.534 41.072 41.314 41.267 41.344 41.177 40.584 39.964 39.672 39.432 39.289 39.317 39.262 39.307 39.399 39.422 39.489 39.489 39.469 39.452 39.434 39.414 39.394 39.374 39.359 39.359 39.352 39.299 39.234 39.164 39.099 39.009 38.987 39.007 39.007
42.849 42.712 42.609 42.532 42.447 42.337 42.242 42.154 42.054 41.954 41.874 41.784 41.694 41.684 41.627 41.482 41.337 41.239 41.194 41.162 41.074 41.059 41.054 41.139 41.042 40.862 40.787 40.792 40.847 40.847 40.812 40.777 40.712 40.414 40.012 40.299 41.072 41.297 41.307 41.312 41.319 41.039 40.337 39.854 39.609 39.447 39.327 39.284 39.284 39.257 39.402 39.472 39.544 39.549 39.529 39.509 39.489 39.469 39.449 39.429 39.409 39.389 39.374 39.367 39.332 39.264 39.199 39.034 39.024 39.024 39.024
42.772 42.702 42.622 42.537 42.457 42.329 42.232 42.122 42.029 41.924 41.814 41.709 41.639 41.592 41.557 41.467 41.364 41.257 41.214 41.169 41.027 40.969 41.042 41.094 41.117 40.994 40.824 40.779 40.809 40.852 40.884 40.919 40.959 40.794 40.504 40.644 41.194 41.279 41.284 41.289 41.207 40.757 40.059 39.709 39.497 39.427 39.312 39.279 39.312 39.347 39.454 39.524 39.597 39.599 39.579 39.559 39.539 39.522 39.504 39.484 39.464 39.444 39.424 39.404 39.387 39.359 39.217 39.052 39.037 39.042 39.044
42.744 42.684 42.632 42.522 42.417 42.327 42.214 42.109 42.007 41.892 41.804 41.714 41.624 41.539 41.497 41.449 41.362 41.274 41.202 41.117 41.009 40.934 40.984 41.037 41.117 41.034 40.882 40.842 40.874 40.924 40.959 40.962 41.014 40.994 41.182 41.282 41.294 41.274 41.289 41.319 41.097 40.337 39.854 39.679 39.479 39.382 39.297 39.252 39.299 39.414 39.589 39.574 39.647 39.659 39.639 39.619 39.599 39.579 39.559 39.539 39.519 39.499 39.479 39.454 39.414 39.374 39.279 39.102 39.089 39.049 39.049
42.732 42.654 42.587 42.502 42.362 42.284 42.189 42.084 41.984 41.897 41.809 41.712 41.627 41.527 41.459 41.412 41.349 41.262 41.204 41.109 40.979 40.974 40.972 41.017 41.062 40.974 40.879 40.517 40.789 40.912 40.969 40.984 40.987 41.209 41.359 41.314 41.307 41.214 41.262 41.214 40.707 40.059 39.682 39.582 39.432 39.362 39.322 39.334 39.312 39.487 39.687 39.654 39.697 39.709 39.689 39.669 39.649 39.629 39.609 39.592 39.567 39.527 39.469 39.409 39.354 39.352 39.319 39.152 39.164 39.124 39.064
42.707 42.632 42.524 42.459 42.359 42.267 42.177 42.079 41.982 41.889 41.787 41.712 41.637 41.552 41.462 41.404 41.312 41.254 41.197 41.049 40.972 41.017 41.049 40.969 40.962 40.922 40.694 39.927 40.089 40.629 40.837 40.989 41.094 41.229 41.314 41.327 41.267 41.239 41.254 40.952 40.349 39.944 39.712 39.499 39.364 39.362 39.342 39.412 39.519 39.619 39.774 39.769 39.752 39.767 39.749 39.729 39.709 39.674 39.632 39.579 39.519 39.459 39.399 39.344 39.317 39.344 39.327 39.197 39.194 39.224 39.159
42.692 42.579 42.502 42.399 42.317 42.262 42.152 42.059 41.972 41.884 41.777 41.707 41.632 41.562 41.487 41.467 41.297 41.212 41.124 41.024 40.979 40.984 40.987 40.964 40.867 40.532 40.129 39.997 39.919 39.994 40.477 40.889 41.317 41.307 41.412 41.409 41.284 41.264 41.237 40.737 40.152 39.957 39.757 39.439 39.272 39.342 39.349 39.239 39.374 39.479 39.739 39.862 39.832 39.819 39.784 39.742 39.684 39.629 39.569 39.509 39.449 39.392 39.334 39.297 39.307 39.339 39.309 39.257 39.214 39.279 39.264
42.669 42.584 42.484 42.387 42.294 42.232 42.154 42.039 41.957 41.887 41.829 41.724 41.639 41.589 41.507 41.387 41.282 41.147 41.119 41.017 40.947 40.962 40.884 40.719 40.559 40.134 40.062 40.032 39.984 39.874 40.132 40.782 41.484 41.469 41.369 41.379 41.352 41.254 41.199 40.872 40.309 40.299 40.029 39.549 39.252 39.299 39.332 39.362 39.399 39.437 39.619 39.824 39.812 39.819 39.747 39.679 39.619 39.559 39.499 39.442 39.384 39.324 39.279 39.267 39.312 39.332 39.292 39.274 39.239 39.299 39.349
42.627 42.559 42.457 42.377 42.272 42.229 42.134 42.039 41.939 41.882 41.792 41.747 41.697 41.597 41.484 41.314 41.209 41.154 41.082 40.997 40.909 40.869 40.769 40.412 40.154 40.054 40.069 40.074 40.052 40.022 40.204 40.662 41.259 41.414 41.379 41.409 41.432 41.352 41.244 41.024 40.539 40.289 39.922 39.442 39.312 39.322 39.309 39.432 39.479 39.514 39.619 39.699 39.707 39.777 39.779 39.677 39.584 39.504 39.437 39.374 39.319 39.262 39.247 39.247 39.297 39.307 39.282 39.267 39.259 39.319 39.384
42.637 42.524 42.454 42.377 42.294 42.219 42.112 42.037 41.972 41.897 41.787 41.762 41.712 41.599 41.394 41.269 41.209 41.167 41.082 40.992 40.912 40.869 40.827 40.442 39.979 39.974 40.012 40.039 40.064 40.252 40.502 40.872 41.109 41.282 41.362 41.429 41.369 41.307 41.187 40.984 40.614 40.192 39.707 39.449 39.367 39.357 39.437 39.494 39.537 39.584 39.629 39.634 39.637 39.697 39.757 39.747 39.624 39.522 39.434 39.344 39.267 39.267 39.349 39.284 39.329 39.327 39.312 39.304 39.297 39.342 39.367
42.629 42.509 42.444 42.367 42.309 42.189 42.114 42.029 41.982 41.892 41.834 41.762 41.672 41.492 41.347 41.277 41.212 41.142 41.057 40.974 40.889 40.914 40.864 40.812 40.289 39.894 39.939 39.904 40.162 40.527 40.897 41.207 41.204 41.214 41.249 41.334 41.279 41.169 41.072 40.982 40.769 40.239 39.692 39.472 39.407 39.409 39.507 39.552 39.582 39.594 39.629 39.639 39.639 39.642 39.684 39.729 39.709 39.579 39.464 39.364 39.307 39.282 39.344 39.369 39.394 39.349 39.342 39.334 39.317 39.259 39.234
42.669 42.544 42.424 42.364 42.269 42.189 42.132 42.024 41.974 41.919 41.857 41.762 41.599 41.464 41.344 41.287 41.192 41.102 41.009 40.932 40.877 40.897 40.897 40.852 40.769 40.482 40.117 40.029 40.409 40.554 40.949 41.177 41.249 41.219 41.292 41.239 41.219 41.069 40.974 40.849 40.754 40.292 39.789 39.554 39.437 39.434 39.402 39.487 39.537 39.559 39.624 39.649 39.644 39.642 39.639 39.667 39.699 39.637 39.439 39.277 39.227 39.282 39.307 39.444 39.442 39.379 39.367 39.349 39.327 39.257 39.179
42.672 42.554 42.422 42.367 42.262 42.184 42.109 42.062 41.992 41.917 41.857 41.692 41.509 41.434 41.369 41.267 41.194 41.064 41.009 40.944 40.919 40.904 40.814 40.774 40.782 40.722 40.679 40.547 40.514 40.614 41.017 41.259 41.282 41.249 41.352 41.172 41.089 41.034 40.924 40.692 40.602 40.307 39.927 39.619 39.487 39.447 39.382 39.422 39.457 39.517 39.622 39.654 39.649 39.647 39.637 39.579 39.464 39.342 39.259 39.224 39.187 39.174 39.222 39.307 39.332 39.387 39.387 39.377 39.334 39.259 39.184
42.667 42.572 42.467 42.402 42.274 42.187 42.117 42.072 42.019 41.957 41.822 41.612 41.494 41.427 41.342 41.242 41.149 41.064 40.989 40.937 40.909 40.884 40.799 40.747 40.727 40.694 40.709 40.537 40.534 40.784 41.192 41.342 41.292 41.317 41.219 41.007 40.834 40.867 40.844 40.672 40.417 40.234 39.962 39.734 39.537 39.464 39.399 39.389 39.402 39.434 39.462 39.537 39.639 39.617 39.537 39.487 39.347 39.212 39.169 39.262 39.212 39.157 39.159 39.229 39.234 39.284 39.337 39.384 39.339 39.264 39.184
42.714 42.594 42.482 42.384 42.279 42.199 42.139 42.054 41.994 41.924 41.729 41.564 41.492 41.442 41.329 41.229 41.122 41.044 40.954 40.924 40.869 40.892 40.787 40.727 40.684 40.659 40.599 40.439 40.567 41.004 41.327 41.284 41.322 41.314 41.154 40.804 40.422 40.492 40.749 40.599 40.367 40.162 39.942 39.782 39.619 39.477 39.374 39.317 39.319 39.317 39.354 39.399 39.452 39.487 39.444 39.409 39.249 39.157 39.134 39.197 39.184 39.167 39.179 39.212 39.187 39.229 39.244 39.319 39.317 39.309 39.227
42.714 42.607 42.472 42.334 42.262 42.177 42.134 42.064 41.987 41.842 41.667 41.572 41.519 41.429 41.294 41.182 41.122 41.037 40.929 40.892 40.909 40.857 40.804 40.707 40.627 40.587 40.509 40.517 40.844 41.229 41.324 41.264 41.337 41.294 40.959 40.574 40.132 40.042 40.247 40.427 40.432 40.242 39.949 39.767 39.647 39.489 39.352 39.302 39.282 39.247 39.257 39.264 39.307 39.352 39.342 39.364 39.314 39.237 39.197 39.179 39.174 39.192 39.237 39.227 39.207 39.197 39.242 39.214 39.217 39.237 39.184
42.719 42.579 42.462 42.327 42.242 42.187 42.147 42.042 41.947 41.729 41.629 41.584 41.499 41.379 41.282 41.199 41.122 40.982 40.907 40.869 40.894 40.837 40.764 40.679 40.597 40.547 40.537 40.692 41.129 41.347 41.277 41.314 41.347 41.182 40.712 40.394 40.002 39.722 39.587 39.819 40.067 40.072 39.954 39.739 39.567 39.427 39.312 39.264 39.217 39.204 39.229 39.247 39.259 39.257 39.229 39.269 39.254 39.202 39.182 39.174 39.164 39.192 39.229 39.204 39.214 39.204 39.199 39.169 39.157 39.169 39.182
42.719 42.554 42.437 42.342 42.264 42.204 42.139 42.002 41.849 41.679 41.637 41.587 41.454 41.309 41.239 41.164 41.092 40.959 40.867 40.842 40.849 40.822 40.707 40.649 40.589 40.562 40.644 40.874 41.242 41.327 41.292 41.344 41.357 40.967 40.469 40.139 39.834 39.634 39.534 39.502 39.594 39.684 39.669 39.557 39.479 39.379 39.264 39.229 39.194 39.194 39.192 39.184 39.177 39.184 39.207 39.179 39.202 39.189 39.177 39.192 39.189 39.192 39.187 39.197 39.212 39.207 39.189 39.204 39.164 39.169 39.219
42.649 42.537 42.394 42.327 42.249 42.177 42.097 41.949 41.777 41.717 41.612 41.512 41.389 41.272 41.217 41.127 41.037 40.929 40.864 40.859 40.797 40.759 40.674 40.674 40.589 40.574 40.764 41.017 41.297 41.287 41.287 41.357 41.204 40.729 40.192 39.867 39.702 39.569 39.509 39.477 39.539 39.582 39.477 39.384 39.362 39.319 39.282 39.227 39.229 39.192 39.144 39.129 39.169 39.139 39.122 39.184 39.162 39.197 39.179 39.219 39.227 39.189 39.169 39.197 39.197 39.219 39.229 39.227 39.214 39.219 39.257
42.624 42.489 42.399 42.324 42.267 42.177 42.029 41.827 41.747 41.709 41.609 41.464 41.339 41.247 41.167 41.084 40.989 40.904 40.877 40.874 40.829 40.709 40.644 40.622 40.552 40.544 40.859 41.227 41.327 41.294 41.314 41.372 40.992 40.392 39.982 39.702 39.609 39.549 39.509 39.482 39.464 39.459 39.384 39.312 39.317 39.324 39.312 39.259 39.254 39.167 39.087 39.082 39.127 39.117 39.122 39.137 39.157 39.159 39.174 39.209 39.234 39.187 39.179 39.204 39.189 39.204 39.204 39.202 39.212 39.219 39.299
42.592 42.474 42.432 42.324 42.242 42.142 41.947 41.832 41.744 41.669 41.572 41.449 41.349 41.227 41.132 41.014 40.947 40.919 40.867 40.867 40.827 40.692 40.629 40.602 40.569 40.657 41.027 41.324 41.334 41.319 41.357 41.197 40.652 40.079 39.704 39.584 39.652 39.609 39.519 39.479 39.454 39.359 39.304 39.314 39.294 39.349 39.384 39.312 39.279 39.199 39.137 39.102 39.067 39.074 39.089 39.082 39.122 39.152 39.164 39.172 39.187 39.194 39.167 39.194 39.172 39.227 39.209 39.202 39.202 39.264 39.362
42.577 42.512 42.459 42.344 42.249 42.059 41.922 41.852 41.757 41.639 41.562 41.427 41.332 41.237 41.127 41.017 40.932 40.919 40.912 40.854 40.767 40.699 40.639 40.599 40.612 40.802 41.154 41.284 41.312 41.387 41.344 40.859 40.242 39.854 39.594 39.579 39.627 39.569 39.522 39.452 39.412 39.322 39.332 39.337 39.309 39.292 39.269 39.297 39.269 39.212 39.187 39.167 39.109 39.082 39.082 39.064 39.072 39.099 39.127 39.124 39.154 39.144 39.167 39.152 39.169 39.179 39.212 39.192 39.204 39.322 39.449
42.612 42.549 42.444 42.322 42.152 41.982 41.897 41.812 41.729 41.627 41.544 41.394 41.307 41.227 41.114 41.017 40.927 40.937 40.919 40.854 40.777 40.712 40.617 40.644 40.692 40.974 41.259 41.289 41.382 41.407 41.109 40.572 40.027 39.724 39.594 39.567 39.537 39.494 39.484 39.442 39.344 39.307 39.322 39.262 39.197 39.114 39.149 39.104 39.177 39.202 39.202 39.137 39.122 39.117 39.124 39.074 39.049 39.044 39.077 39.082 39.089 39.087 39.089 39.127 39.142 39.104 39.174 39.212 39.227 39.334 39.512
42.659 42.529 42.414 42.272 42.037 41.932 41.887 41.784 41.719 41.619 41.549 41.464 41.329 41.202 41.102 40.989 40.932 40.914 40.864 40.819 40.772 40.714 40.612 40.634 40.864 41.099 41.264 41.299 41.357 41.324 40.807 40.217 39.859 39.579 39.589 39.594 39.494 39.432 39.462 39.392 39.364 39.299 39.224 39.169 39.152 39.099 39.064 39.007 39.009 39.079 39.139 39.162 39.119 39.207 39.177 39.127 39.077 39.039 39.009 39.029 39.037 39.049 39.062 39.082 39.122 39.099 39.169 39.249 39.274 39.322 39.447
42.662 42.519 42.397 42.192 42.019 41.917 41.844 41.759 41.707 41.657 41.599 41.492 41.312 41.184 41.067 40.994 40.977 40.882 40.854 40.812 40.732 40.699 40.614 40.667 41.062 41.229 41.284 41.372 41.362 41.104 40.554 40.014 39.727 39.604 39.589 39.559 39.499 39.489 39.434 39.409 39.372 39.224 39.174 39.194 39.142 39.079 39.087 38.989 38.909 38.924 38.989 39.049 39.089 39.192 39.174 39.142 39.114 39.087 39.022 39.022 39.019 39.029 39.052 39.097 39.144 39.149 39.237 39.257 39.327 39.404 39.414
42.682 42.564 42.432 42.257 42.074 41.947 41.852 41.762 41.672 41.614 41.589 41.502 41.274 41.169 41.049 40.992 40.962 40.869 40.874 40.807 40.742 40.732 40.679 40.832 41.209 41.279 41.347 41.392 41.317 40.794 40.234 39.862 39.687 39.632 39.572 39.529 39.517 39.484 39.382 39.327 39.329 39.267 39.154 39.179 39.152 39.102 39.082 38.989 38.887 38.879 38.897 38.922 38.967 39.029 39.069 39.127 39.107 39.099 39.102 39.067 39.057 39.072 39.072 39.132 39.157 39.149 39.229 39.237 39.312 39.389 39.374
42.694 42.549 42.409 42.284 42.054 41.962 41.889 41.752 41.669 41.607 41.547 41.452 41.244 41.144 41.017 40.982 40.944 40.862 40.844 40.764 40.722 40.672 40.732 41.069 41.292 41.317 41.387 41.359 41.124 40.514 40.009 39.794 39.679 39.597 39.549 39.539 39.464 39.392 39.337 39.309 39.269 39.224 39.197 39.152 39.114 39.099 39.049 38.929 38.887 38.864 38.872 38.867 38.887 38.907 38.942 39.054 39.092 39.114 39.114 39.144 39.097 39.074 39.087 39.164 39.184 39.152 39.209 39.269 39.377 39.384 39.339
42.682 42.524 42.374 42.267 42.114 41.927 41.882 41.734 41.664 41.582 41.537 41.364 41.194 41.112 41.029 40.969 40.902 40.817 40.787 40.707 40.564 40.479 40.839 41.267 41.322 41.332 41.404 41.352 40.867 40.194 39.839 39.749 39.649 39.587 39.614 39.534 39.417 39.349 39.307 39.294 39.232 39.164 39.174 39.122 39.044 39.074 38.994 38.947 38.874 38.879 38.882 38.844 38.809 38.842 38.864 38.902 38.997 39.104 39.137 39.162 39.209 39.149 39.144 39.124 39.167 39.169 39.252 39.282 39.319 39.267 39.279
42.657 42.499 42.409 42.357 42.269 42.034 41.879 41.789 41.672 41.582 41.462 41.322 41.224 41.142 41.052 40.959 40.917 40.859 40.792 40.687 40.524 40.512 41.079 41.312 41.294 41.364 41.422 41.209 40.504 39.979 39.752 39.682 39.634 39.687 39.594 39.469 39.404 39.339 39.287 39.239 39.194 39.127 39.127 39.074 38.982 38.989 38.937 38.899 38.849 38.829 38.879 38.844 38.827 38.832 38.824 38.834 38.877 38.939 39.019 39.079 39.152 39.222 39.259 39.189 39.249 39.277 39.304 39.302 39.237 39.229 39.279
42.557 42.479 42.414 42.407 42.317 42.152 41.957 41.809 41.677 41.612 41.437 41.319 41.234 41.209 41.097 41.022 40.932 40.827 40.767 40.632 40.419 40.879 41.269 41.279 41.337 41.404 41.334 40.822 40.164 39.872 39.717 39.662 39.719 39.659 39.514 39.454 39.409 39.349 39.279 39.247 39.214 39.152 39.082 39.042 38.984 38.912 38.849 38.867 38.839 38.767 38.819 38.809 38.809 38.794 38.829 38.797 38.812 38.829 38.884 38.964 39.039 39.139 39.212 39.207 39.259 39.322 39.312 39.249 39.159 39.207 39.227
42.577 42.484 42.447 42.377 42.269 42.179 42.052 41.879 41.699 41.509 41.382 41.317 41.267 41.234 41.137 41.004 40.937 40.809 40.812 40.702 40.574 41.199 41.294 41.282 41.367 41.409 41.077 40.499 39.977 39.807 39.704 39.669 39.699 39.547 39.512 39.447 39.374 39.332 39.274 39.257 39.227 39.159 39.054 39.017 38.992 38.912 38.837 38.854 38.827 38.762 38.744 38.772 38.804 38.779 38.797 38.777 38.814 38.772 38.772 38.827 38.899 38.984 39.052 39.104 39.177 39.209 39.209 39.167 39.102 39.167 39.227
42.584 42.484 42.359 42.242 42.259 42.242 42.079 41.964 41.819 41.602 41.417 41.337 41.314 41.227 41.119 41.004 40.904 40.827 40.829 40.667 40.889 41.302 41.284 41.324 41.397 41.252 40.754 40.194 39.929 39.749 39.702 39.684 39.627 39.544 39.492 39.407 39.377 39.329 39.262 39.244 39.192 39.124 39.007 38.969 38.937 38.919 38.857 38.852 38.812 38.792 38.747 38.727 38.749 38.754 38.787 38.744 38.787 38.767 38.767 38.809 38.829 38.849 38.914 39.004 39.094 39.169 39.154 39.107 39.109 39.167 39.232
