LIDAR/se2789_DTM_2M.asc
ncols 500
nrows 500
xllcorner    427000
yllcorner    489000
cellsize     2
NODATA_value -9999
[rows 256 to 287 of 500, columns 355 to 425 of 500]
51.109 51.252 51.372 51.489 51.657 51.727 51.847 51.964 52.017 52.089 52.132 52.169 52.172 52.197 52.254 52.252 52.257 52.267 52.224 52.179 52.124 52.059 51.992 51.932 51.862 51.822 51.777 51.747 51.717 51.692 51.652 51.579 51.544 51.497 51.497 51.454 51.444 51.414 51.404 51.404 51.342 51.317 51.294 51.214 51.162 51.067 51.014 50.917 50.862 50.764 50.662 50.529 50.424 50.299 50.182 50.034 49.862 49.732 49.599 49.437 49.277 49.124 49.004 48.869 48.729 48.637 48.529 48.429 48.344 48.294 48.219
51.127 51.247 51.397 51.527 51.659 51.747 51.822 51.897 52.007 52.072 52.094 52.164 52.182 52.212 52.267 52.249 52.217 52.187 52.174 52.107 52.077 52.027 51.954 51.887 51.834 51.767 51.749 51.704 51.674 51.647 51.592 51.549 51.509 51.482 51.429 51.414 51.392 51.379 51.397 51.384 51.367 51.274 51.252 51.189 51.112 51.047 50.942 50.847 50.777 50.654 50.569 50.469 50.349 50.199 50.102 49.962 49.792 49.657 49.489 49.342 49.174 49.027 48.949 48.802 48.669 48.567 48.477 48.414 48.277 48.197 48.124
51.152 51.284 51.379 51.522 51.652 51.724 51.844 51.907 51.962 52.007 52.082 52.132 52.169 52.182 52.192 52.222 52.159 52.124 52.102 52.072 52.009 51.962 51.879 51.799 51.797 51.744 51.699 51.677 51.644 51.582 51.529 51.474 51.457 51.427 51.412 51.394 51.379 51.349 51.367 51.357 51.309 51.254 51.192 51.132 51.084 51.014 50.882 50.784 50.699 50.584 50.502 50.409 50.282 50.157 50.059 49.884 49.712 49.547 49.412 49.264 49.094 48.969 48.842 48.717 48.614 48.504 48.397 48.339 48.252 48.144 48.079
51.164 51.299 51.387 51.532 51.644 51.762 51.842 51.912 51.942 52.002 52.059 52.082 52.094 52.097 52.102 52.132 52.117 52.069 52.009 52.029 51.977 51.899 51.822 51.749 51.754 51.712 51.689 51.619 51.574 51.524 51.499 51.449 51.429 51.377 51.357 51.364 51.364 51.332 51.304 51.292 51.267 51.224 51.164 51.092 51.009 50.937 50.829 50.727 50.674 50.572 50.457 50.307 50.202 50.072 49.959 49.824 49.662 49.527 49.334 49.204 49.067 48.934 48.784 48.664 48.582 48.469 48.382 48.292 48.237 48.147 48.077
51.159 51.287 51.397 51.489 51.627 51.727 51.837 51.902 51.899 52.009 52.024 52.052 52.064 52.052 52.034 52.062 52.052 52.054 51.969 51.952 51.912 51.872 51.849 51.754 51.702 51.654 51.634 51.577 51.514 51.514 51.444 51.397 51.389 51.342 51.307 51.304 51.337 51.322 51.274 51.249 51.222 51.157 51.119 51.042 50.944 50.854 50.792 50.687 50.642 50.504 50.404 50.287 50.172 50.017 49.857 49.709 49.574 49.437 49.282 49.162 48.997 48.847 48.727 48.607 48.489 48.412 48.307 48.247 48.169 48.097 48.037
51.107 51.247 51.369 51.482 51.599 51.717 51.799 51.927 51.904 51.947 52.022 52.012 52.044 52.012 52.012 51.989 51.959 51.934 51.924 51.884 51.837 51.807 51.769 51.729 51.689 51.607 51.577 51.529 51.477 51.467 51.427 51.342 51.312 51.317 51.312 51.294 51.297 51.269 51.224 51.199 51.194 51.122 51.047 50.967 50.897 50.809 50.737 50.654 50.554 50.457 50.322 50.227 50.069 49.924 49.792 49.652 49.477 49.339 49.204 49.074 48.967 48.794 48.709 48.559 48.452 48.357 48.292 48.197 48.124 48.022 47.964
51.124 51.264 51.374 51.434 51.577 51.667 51.724 51.797 51.927 51.947 51.949 51.992 52.012 51.984 51.967 51.939 51.924 51.867 51.834 51.807 51.752 51.772 51.707 51.684 51.649 51.582 51.529 51.509 51.464 51.399 51.344 51.307 51.279 51.252 51.267 51.264 51.229 51.239 51.174 51.134 51.087 51.067 50.997 50.909 50.844 50.749 50.657 50.599 50.489 50.372 50.252 50.124 50.029 49.852 49.729 49.589 49.439 49.274 49.169 49.027 48.897 48.749 48.627 48.517 48.412 48.324 48.244 48.182 48.099 48.007 47.934
51.137 51.224 51.352 51.444 51.529 51.594 51.682 51.789 51.839 51.887 51.862 51.912 51.937 51.937 51.922 51.872 51.837 51.819 51.762 51.752 51.714 51.692 51.657 51.622 51.589 51.562 51.517 51.454 51.452 51.384 51.282 51.257 51.264 51.234 51.249 51.214 51.179 51.157 51.122 51.102 51.029 50.992 50.914 50.847 50.769 50.684 50.614 50.509 50.419 50.312 50.187 50.064 49.939 49.799 49.672 49.532 49.374 49.187 49.064 48.947 48.837 48.689 48.562 48.427 48.384 48.274 48.192 48.114 48.064 48.022 47.932
51.142 51.224 51.297 51.459 51.542 51.597 51.664 51.732 51.754 51.792 51.832 51.857 51.847 51.877 51.817 51.802 51.769 51.747 51.737 51.689 51.672 51.614 51.572 51.537 51.522 51.482 51.447 51.427 51.362 51.334 51.302 51.292 51.237 51.214 51.204 51.159 51.149 51.142 51.057 51.012 50.952 50.927 50.849 50.787 50.674 50.609 50.552 50.457 50.322 50.242 50.127 50.002 49.869 49.739 49.612 49.442 49.277 49.164 49.037 48.922 48.774 48.637 48.524 48.399 48.324 48.234 48.169 48.102 48.037 47.942 47.897
51.134 51.242 51.289 51.424 51.552 51.589 51.659 51.679 51.702 51.719 51.749 51.794 51.819 51.799 51.754 51.767 51.744 51.697 51.664 51.619 51.589 51.574 51.544 51.524 51.457 51.439 51.407 51.362 51.337 51.287 51.264 51.252 51.214 51.162 51.184 51.142 51.114 51.094 51.054 50.972 50.939 50.884 50.787 50.714 50.609 50.532 50.472 50.382 50.269 50.182 50.022 49.927 49.782 49.664 49.524 49.412 49.244 49.129 48.982 48.859 48.714 48.599 48.479 48.377 48.299 48.214 48.147 48.082 48.024 47.949 47.869
51.159 51.247 51.344 51.414 51.512 51.562 51.612 51.619 51.682 51.694 51.669 51.684 51.694 51.684 51.662 51.697 51.687 51.632 51.607 51.569 51.569 51.522 51.504 51.474 51.427 51.404 51.384 51.317 51.289 51.244 51.234 51.242 51.202 51.154 51.134 51.132 51.107 51.052 51.027 50.934 50.897 50.804 50.734 50.644 50.567 50.479 50.374 50.249 50.182 50.079 49.944 49.839 49.692 49.557 49.449 49.352 49.194 49.024 48.934 48.804 48.664 48.572 48.462 48.339 48.274 48.144 48.122 48.024 47.967 47.894 47.817
51.174 51.254 51.317 51.384 51.494 51.574 51.589 51.602 51.637 51.647 51.672 51.657 51.659 51.672 51.662 51.644 51.649 51.592 51.579 51.544 51.527 51.492 51.449 51.434 51.399 51.369 51.357 51.317 51.237 51.182 51.174 51.177 51.187 51.159 51.104 51.079 51.064 51.007 50.967 50.899 50.839 50.727 50.644 50.574 50.479 50.374 50.294 50.184 50.072 49.969 49.849 49.752 49.597 49.502 49.349 49.224 49.144 49.022 48.897 48.739 48.652 48.547 48.422 48.324 48.242 48.174 48.102 48.007 47.907 47.884 47.804
51.159 51.264 51.299 51.387 51.479 51.509 51.564 51.552 51.602 51.574 51.604 51.599 51.582 51.614 51.604 51.594 51.554 51.494 51.492 51.497 51.442 51.442 51.414 51.382 51.394 51.339 51.324 51.269 51.227 51.169 51.124 51.102 51.119 51.137 51.097 51.032 51.007 50.967 50.907 50.837 50.742 50.664 50.562 50.504 50.402 50.289 50.197 50.127 50.014 49.892 49.742 49.644 49.522 49.427 49.309 49.154 49.064 48.929 48.827 48.674 48.589 48.509 48.387 48.287 48.212 48.147 48.089 47.987 47.887 47.807 47.742
51.142 51.239 51.344 51.392 51.454 51.479 51.524 51.522 51.569 51.569 51.542 51.582 51.529 51.519 51.534 51.507 51.477 51.457 51.414 51.409 51.392 51.424 51.374 51.339 51.369 51.339 51.267 51.219 51.177 51.169 51.117 51.109 51.067 51.052 51.049 51.027 50.974 50.897 50.854 50.789 50.709 50.597 50.507 50.454 50.337 50.242 50.139 50.032 49.892 49.802 49.687 49.577 49.452 49.314 49.217 49.102 48.979 48.852 48.729 48.624 48.522 48.437 48.342 48.264 48.207 48.129 48.029 47.957 47.884 47.779 47.697
51.132 51.232 51.352 51.414 51.422 51.459 51.487 51.529 51.534 51.542 51.517 51.509 51.517 51.472 51.464 51.454 51.399 51.417 51.394 51.382 51.344 51.357 51.344 51.302 51.334 51.282 51.237 51.197 51.154 51.099 51.099 51.082 51.029 51.014 50.962 50.937 50.932 50.854 50.784 50.719 50.632 50.524 50.447 50.359 50.269 50.142 50.044 49.934 49.822 49.704 49.619 49.509 49.384 49.277 49.127 48.987 48.877 48.777 48.702 48.594 48.489 48.389 48.312 48.242 48.159 48.062 48.012 47.929 47.844 47.739 47.657
51.152 51.222 51.277 51.339 51.389 51.442 51.439 51.467 51.472 51.497 51.502 51.482 51.452 51.437 51.447 51.402 51.354 51.334 51.319 51.302 51.314 51.309 51.279 51.259 51.249 51.252 51.204 51.154 51.129 51.092 51.067 51.067 51.024 50.987 50.959 50.892 50.859 50.799 50.732 50.674 50.572 50.464 50.372 50.262 50.182 50.072 49.967 49.867 49.757 49.639 49.537 49.419 49.307 49.194 49.084 48.932 48.834 48.724 48.627 48.549 48.457 48.367 48.254 48.177 48.127 48.062 47.984 47.869 47.822 47.722 47.627
51.137 51.202 51.264 51.269 51.359 51.417 51.397 51.424 51.439 51.439 51.432 51.449 51.412 51.404 51.394 51.344 51.312 51.302 51.294 51.272 51.264 51.264 51.284 51.254 51.222 51.169 51.152 51.132 51.114 51.064 51.019 51.029 51.029 50.947 50.934 50.869 50.807 50.737 50.657 50.589 50.494 50.392 50.332 50.212 50.102 49.987 49.909 49.812 49.697 49.574 49.469 49.349 49.257 49.162 49.019 48.909 48.799 48.662 48.574 48.464 48.387 48.317 48.197 48.134 48.062 47.992 47.927 47.819 47.762 47.657 47.574
51.092 51.167 51.227 51.289 51.324 51.382 51.382 51.374 51.384 51.407 51.384 51.384 51.384 51.364 51.324 51.299 51.267 51.262 51.277 51.262 51.254 51.237 51.229 51.214 51.187 51.142 51.107 51.062 51.047 51.039 51.012 51.019 50.999 50.969 50.892 50.859 50.797 50.742 50.629 50.494 50.414 50.309 50.239 50.142 50.059 49.944 49.844 49.744 49.624 49.502 49.387 49.289 49.179 49.072 48.927 48.837 48.732 48.617 48.529 48.439 48.352 48.249 48.154 48.094 48.022 47.942 47.829 47.767 47.714 47.624 47.504
51.097 51.132 51.187 51.244 51.267 51.302 51.324 51.324 51.337 51.347 51.339 51.354 51.322 51.292 51.269 51.247 51.244 51.212 51.224 51.214 51.227 51.232 51.199 51.159 51.124 51.117 51.067 51.024 50.997 50.997 51.002 50.997 50.939 50.934 50.857 50.814 50.752 50.674 50.592 50.452 50.377 50.264 50.162 50.047 49.949 49.849 49.744 49.662 49.574 49.454 49.327 49.232 49.132 49.007 48.892 48.789 48.709 48.587 48.507 48.417 48.337 48.234 48.157 48.069 47.977 47.889 47.787 47.707 47.607 47.537 47.432
51.094 51.137 51.174 51.184 51.219 51.254 51.274 51.309 51.292 51.262 51.272 51.279 51.277 51.277 51.232 51.212 51.204 51.184 51.179 51.169 51.182 51.204 51.154 51.107 51.089 51.059 51.024 50.997 50.952 50.949 50.964 50.949 50.929 50.892 50.847 50.749 50.672 50.599 50.547 50.432 50.317 50.229 50.142 50.027 49.902 49.794 49.679 49.594 49.497 49.412 49.297 49.144 49.072 48.972 48.847 48.739 48.647 48.557 48.482 48.367 48.287 48.192 48.122 48.017 47.904 47.819 47.732 47.647 47.547 47.429 47.324
51.079 51.117 51.164 51.164 51.177 51.192 51.209 51.237 51.244 51.224 51.217 51.194 51.207 51.209 51.177 51.149 51.169 51.142 51.112 51.112 51.129 51.127 51.119 51.089 51.064 51.047 51.012 50.979 50.952 50.929 50.949 50.914 50.874 50.824 50.807 50.732 50.647 50.569 50.482 50.387 50.309 50.189 50.109 49.982 49.872 49.749 49.614 49.529 49.442 49.332 49.227 49.109 48.994 48.927 48.789 48.744 48.639 48.534 48.449 48.347 48.259 48.157 48.092 47.992 47.889 47.779 47.672 47.564 47.467 47.369 47.259
51.072 51.097 51.144 51.154 51.137 51.152 51.174 51.172 51.184 51.192 51.169 51.142 51.152 51.109 51.104 51.049 51.044 51.094 51.097 51.094 51.094 51.092 51.079 51.077 51.054 50.977 50.959 50.987 50.974 50.917 50.927 50.897 50.854 50.789 50.732 50.664 50.609 50.522 50.422 50.344 50.242 50.117 50.042 49.942 49.812 49.709 49.602 49.482 49.402 49.302 49.192 49.097 49.002 48.872 48.747 48.652 48.589 48.479 48.394 48.314 48.202 48.104 48.047 47.954 47.864 47.734 47.627 47.479 47.382 47.267 47.142
51.044 51.054 51.132 51.147 51.099 51.139 51.147 51.127 51.122 51.119 51.109 51.064 51.072 51.049 51.034 51.007 51.002 51.034 51.047 51.082 51.077 51.067 51.044 51.044 51.032 50.964 50.967 50.957 50.952 50.912 50.889 50.867 50.832 50.779 50.732 50.644 50.564 50.474 50.399 50.274 50.184 50.052 49.984 49.882 49.762 49.674 49.579 49.429 49.342 49.252 49.139 49.037 48.947 48.814 48.617 48.517 48.549 48.442 48.367 48.287 48.177 48.097 47.977 47.897 47.784 47.707 47.579 47.444 47.312 47.214 47.084
51.052 51.044 51.087 51.104 51.087 51.122 51.122 51.097 51.062 51.049 51.054 51.037 50.987 50.992 50.977 50.984 50.994 50.977 50.994 50.999 51.009 51.019 51.027 51.007 50.987 50.967 50.944 50.934 50.929 50.907 50.879 50.857 50.799 50.754 50.682 50.597 50.507 50.429 50.317 50.224 50.104 50.014 49.924 49.822 49.682 49.597 49.512 49.394 49.279 49.194 49.099 48.994 48.922 48.779 48.654 48.477 48.459 48.394 48.299 48.222 48.122 48.067 47.989 47.864 47.747 47.637 47.534 47.417 47.262 47.132 47.054
51.017 51.032 51.059 51.089 51.084 51.059 51.074 51.039 51.049 51.017 51.004 50.944 50.892 50.899 50.909 50.927 50.927 50.929 50.932 50.919 50.952 50.944 50.962 50.964 50.932 50.967 50.937 50.924 50.932 50.919 50.897 50.844 50.789 50.709 50.662 50.537 50.479 50.397 50.299 50.177 50.059 49.949 49.857 49.749 49.627 49.542 49.444 49.319 49.252 49.154 49.044 48.964 48.899 48.764 48.662 48.544 48.414 48.322 48.272 48.222 48.124 48.032 47.964 47.869 47.739 47.622 47.474 47.364 47.209 47.062 46.962
50.992 51.002 51.014 51.029 51.049 51.039 51.032 51.024 50.987 50.997 50.959 50.912 50.872 50.859 50.852 50.884 50.882 50.884 50.897 50.879 50.897 50.887 50.874 50.919 50.904 50.929 50.917 50.897 50.892 50.892 50.869 50.829 50.764 50.679 50.612 50.584 50.489 50.369 50.237 50.132 50.019 49.912 49.804 49.712 49.612 49.489 49.412 49.274 49.192 49.069 48.987 48.929 48.834 48.712 48.609 48.514 48.404 48.322 48.249 48.192 48.127 48.022 47.929 47.834 47.714 47.599 47.429 47.334 47.212 47.024 46.897
51.004 50.979 50.974 50.989 50.984 51.002 51.002 50.979 50.952 50.937 50.892 50.867 50.837 50.817 50.772 50.802 50.817 50.819 50.824 50.837 50.839 50.852 50.862 50.867 50.879 50.879 50.899 50.917 50.904 50.852 50.829 50.827 50.757 50.689 50.627 50.567 50.442 50.354 50.207 50.099 49.959 49.857 49.769 49.664 49.554 49.427 49.354 49.247 49.149 49.042 48.969 48.864 48.747 48.677 48.592 48.517 48.392 48.347 48.257 48.159 48.047 48.009 47.897 47.787 47.634 47.507 47.392 47.289 47.132 46.972 46.824
50.974 50.947 50.962 50.957 50.947 50.957 50.959 50.924 50.904 50.862 50.814 50.812 50.792 50.804 50.729 50.754 50.747 50.757 50.732 50.769 50.767 50.802 50.794 50.827 50.839 50.852 50.869 50.887 50.829 50.832 50.819 50.779 50.729 50.672 50.599 50.514 50.392 50.292 50.182 50.094 49.922 49.807 49.689 49.587 49.492 49.374 49.272 49.182 49.074 49.007 48.927 48.849 48.714 48.644 48.542 48.489 48.399 48.329 48.244 48.142 48.042 47.947 47.847 47.732 47.594 47.454 47.332 47.207 47.064 46.924 46.777
50.982 50.962 50.984 50.957 50.932 50.927 50.897 50.864 50.847 50.799 50.757 50.752 50.754 50.729 50.709 50.722 50.714 50.714 50.729 50.727 50.727 50.722 50.739 50.769 50.772 50.767 50.829 50.854 50.839 50.779 50.782 50.722 50.697 50.612 50.534 50.427 50.342 50.242 50.139 50.032 49.879 49.769 49.634 49.504 49.432 49.327 49.217 49.134 49.044 48.949 48.839 48.769 48.707 48.594 48.514 48.439 48.372 48.304 48.194 48.129 48.014 47.904 47.799 47.657 47.552 47.437 47.332 47.147 47.024 46.859 46.724
50.997 50.959 50.929 50.934 50.924 50.914 50.872 50.822 50.779 50.772 50.734 50.719 50.709 50.714 50.689 50.687 50.659 50.672 50.702 50.699 50.689 50.692 50.697 50.712 50.734 50.744 50.784 50.794 50.764 50.782 50.722 50.689 50.644 50.592 50.479 50.387 50.304 50.144 50.087 49.974 49.789 49.724 49.614 49.494 49.412 49.297 49.174 49.114 48.982 48.872 48.782 48.707 48.622 48.552 48.489 48.414 48.314 48.259 48.167 48.094 47.992 47.907 47.762 47.649 47.542 47.419 47.277 47.107 46.989 46.807 46.679
50.974 50.957 50.914 50.907 50.899 50.872 50.822 50.809 50.757 50.719 50.702 50.649 50.654 50.637 50.649 50.657 50.659 50.664 50.667 50.659 50.637 50.652 50.662 50.687 50.682 50.684 50.697 50.739 50.714 50.714 50.674 50.622 50.552 50.487 50.397 50.339 50.239 50.104 49.987 49.877 49.747 49.689 49.579 49.482 49.339 49.269 49.162 49.054 48.937 48.832 48.747 48.664 48.574 48.507 48.429 48.377 48.302 48.212 48.119 48.049 47.964 47.862 47.712 47.619 47.492 47.409 47.237 47.082 46.944 46.804 46.614
50.962 50.984 50.944 50.927 50.914 50.844 50.817 50.767 50.742 50.682 50.634 50.624 50.589 50.597 50.602 50.609 50.609 50.614 50.629 50.614 50.594 50.599 50.604 50.617 50.654 50.677 50.677 50.672 50.652 50.657 50.602 50.569 50.512 50.424 50.314 50.254 50.167 50.037 49.924 49.819 49.717 49.622 49.544 49.437 49.309 49.224 49.129 49.037 48.944 48.804 48.697 48.627 48.567 48.472 48.399 48.307 48.247 48.154 48.077 48.002 47.919 47.804 47.672 47.582 47.464 47.362 47.179 47.044 46.894 46.774 46.612
