LIDAR/se2787_DTM_2M.asc
ncols 500
nrows 500
xllcorner    427000
yllcorner    487000
cellsize     2
NODATA_value -9999
[rows 32 to 63 of 500, columns 360 to 431 of 500]
32.377 32.367 32.36 32.33 32.34 32.31 32.327 32.32 32.32 32.292 32.285 32.34 32.367 32.33 32.36 32.387 32.35 32.352 32.315 32.32 32.285 32.275 32.217 32.195 32.172 32.157 32.175 32.147 32.125 32.115 32.127 32.135 32.13 32.127 32.057 32.042 32.01 31.977 31.927 31.915 31.867 31.877 31.882 31.832 31.84 31.832 31.842 31.84 31.81 31.79 31.772 31.762 31.735 31.717 31.7 31.702 31.665 31.622 31.595 31.56 31.532 31.517 31.482 31.455 31.457 31.445 31.407 31.372 31.365 31.355 31.34 31.307
32.34 32.305 32.295 32.267 32.275 32.305 32.275 32.25 32.277 32.245 32.262 32.307 32.3 32.325 32.325 32.32 32.307 32.287 32.282 32.262 32.232 32.21 32.175 32.167 32.17 32.157 32.137 32.122 32.14 32.13 32.082 32.09 32.077 32.022 32.057 31.985 31.965 31.912 31.892 31.83 31.847 31.832 31.83 31.797 31.815 31.83 31.8 31.817 31.795 31.775 31.775 31.74 31.717 31.687 31.665 31.685 31.627 31.56 31.575 31.56 31.515 31.482 31.437 31.45 31.417 31.402 31.385 31.337 31.335 31.335 31.317 31.3
32.275 32.257 32.245 32.237 32.232 32.23 32.235 32.222 32.23 32.245 32.232 32.26 32.232 32.3 32.272 32.265 32.265 32.267 32.212 32.205 32.22 32.177 32.162 32.16 32.16 32.132 32.13 32.087 32.087 32.1 32.075 32.067 32.027 32.002 32.005 31.965 31.92 31.907 31.855 31.807 31.81 31.827 31.79 31.79 31.787 31.775 31.777 31.795 31.792 31.74 31.76 31.712 31.67 31.657 31.64 31.61 31.592 31.557 31.537 31.54 31.505 31.467 31.427 31.43 31.42 31.382 31.342 31.347 31.325 31.312 31.292 31.272
32.227 32.227 32.19 32.177 32.18 32.182 32.195 32.222 32.212 32.2 32.217 32.202 32.202 32.227 32.235 32.24 32.247 32.232 32.195 32.192 32.167 32.147 32.147 32.142 32.127 32.13 32.127 32.087 32.075 32.09 32.025 32.01 32.002 31.937 31.95 31.907 31.91 31.83 31.817 31.787 31.772 31.762 31.78 31.762 31.79 31.792 31.787 31.772 31.74 31.735 31.715 31.657 31.662 31.637 31.625 31.56 31.537 31.527 31.5 31.487 31.452 31.427 31.415 31.42 31.385 31.362 31.337 31.31 31.31 31.275 31.23 31.26
32.18 32.185 32.175 32.137 32.157 32.122 32.175 32.167 32.147 32.162 32.19 32.19 32.192 32.207 32.215 32.185 32.167 32.2 32.162 32.142 32.142 32.11 32.11 32.112 32.097 32.09 32.072 32.092 32.045 32.027 32.027 31.995 31.967 31.942 31.895 31.867 31.837 31.795 31.79 31.777 31.757 31.76 31.752 31.755 31.752 31.762 31.772 31.75 31.702 31.71 31.682 31.65 31.622 31.622 31.582 31.552 31.517 31.51 31.465 31.465 31.427 31.412 31.372 31.365 31.355 31.34 31.302 31.305 31.285 31.27 31.227 31.275
32.11 32.117 32.132 32.122 32.112 32.1 32.12 32.11 32.132 32.142 32.155 32.14 32.157 32.142 32.145 32.132 32.115 32.117 32.125 32.092 32.09 32.082 32.092 32.077 32.08 32.075 32.072 32.057 32.027 32 32.01 31.947 31.937 31.89 31.842 31.827 31.832 31.785 31.767 31.785 31.79 31.772 31.745 31.735 31.747 31.727 31.697 31.705 31.675 31.65 31.63 31.62 31.587 31.577 31.555 31.512 31.51 31.5 31.47 31.437 31.4 31.382 31.35 31.345 31.322 31.332 31.31 31.292 31.292 31.29 31.285 31.262
32.085 32.07 32.062 32.085 32.085 32.11 32.07 32.092 32.11 32.125 32.135 32.125 32.085 32.105 32.085 32.077 32.06 32.077 32.065 32.065 32.06 32.067 32.082 32.067 32.077 32.06 32.065 32.057 32.035 31.982 31.94 31.927 31.892 31.85 31.812 31.822 31.795 31.78 31.762 31.737 31.735 31.752 31.732 31.727 31.7 31.7 31.677 31.685 31.635 31.595 31.602 31.595 31.527 31.525 31.515 31.49 31.472 31.467 31.442 31.42 31.347 31.34 31.317 31.31 31.322 31.302 31.312 31.29 31.277 31.247 31.247 31.232
32.062 32.055 32.032 32.047 32.065 32.057 32.057 32.08 32.09 32.085 32.092 32.072 32.052 32.052 32.062 32.057 32.035 32.05 32.05 32.03 32.045 32.045 32.055 32.077 32.075 32.072 32.072 32.027 32.002 31.94 31.93 31.84 31.835 31.82 31.817 31.817 31.782 31.775 31.772 31.73 31.735 31.727 31.697 31.707 31.717 31.662 31.657 31.632 31.602 31.585 31.552 31.565 31.512 31.492 31.49 31.462 31.437 31.425 31.402 31.367 31.325 31.295 31.315 31.287 31.262 31.29 31.297 31.28 31.262 31.257 31.237 31.227
32.037 32.035 32.02 32.03 32.015 32.052 32.067 32.072 32.062 32.07 32.07 32.052 32.045 32.027 32.017 31.99 31.977 32.02 32.03 32.022 32.037 32.027 32.025 32.065 32.062 32.047 32.05 31.997 31.975 31.925 31.88 31.825 31.79 31.785 31.782 31.775 31.755 31.735 31.715 31.715 31.72 31.685 31.687 31.675 31.687 31.627 31.6 31.585 31.555 31.545 31.53 31.527 31.5 31.487 31.505 31.447 31.4 31.387 31.377 31.36 31.312 31.3 31.275 31.27 31.257 31.277 31.267 31.262 31.217 31.235 31.227 31.23
32.005 32.02 32.007 31.987 31.99 32.015 32.01 32.032 32.045 32.025 32.015 31.98 32.002 31.98 31.965 31.952 31.96 31.972 31.977 32.002 32.01 32.017 32.02 32.027 32.037 32.005 32.017 31.962 31.962 31.902 31.855 31.81 31.802 31.802 31.745 31.712 31.74 31.745 31.707 31.7 31.69 31.692 31.642 31.627 31.645 31.617 31.575 31.557 31.502 31.497 31.477 31.472 31.46 31.462 31.455 31.41 31.377 31.347 31.347 31.292 31.29 31.285 31.277 31.245 31.247 31.26 31.255 31.22 31.237 31.25 31.225 31.212
31.982 32.01 31.987 31.972 31.99 31.99 31.96 31.987 31.99 31.997 31.987 31.962 31.96 31.96 31.945 31.935 31.935 31.952 31.955 31.97 31.967 31.987 32.01 31.995 31.98 31.975 31.995 31.95 31.912 31.867 31.827 31.807 31.772 31.765 31.75 31.717 31.73 31.702 31.71 31.685 31.647 31.647 31.592 31.577 31.602 31.552 31.545 31.507 31.475 31.495 31.45 31.462 31.467 31.425 31.405 31.375 31.357 31.327 31.305 31.26 31.24 31.23 31.247 31.257 31.267 31.23 31.232 31.237 31.217 31.237 31.232 31.192
31.942 31.947 31.962 31.92 31.95 31.955 31.942 31.932 31.947 31.947 31.925 31.917 31.91 31.92 31.935 31.912 31.952 31.957 31.937 31.97 31.972 31.992 31.995 31.967 31.935 31.947 31.945 31.89 31.87 31.852 31.79 31.785 31.762 31.735 31.73 31.725 31.712 31.682 31.662 31.672 31.642 31.63 31.58 31.565 31.552 31.515 31.5 31.495 31.452 31.442 31.432 31.427 31.415 31.39 31.35 31.352 31.337 31.302 31.277 31.255 31.227 31.207 31.235 31.225 31.227 31.22 31.24 31.215 31.215 31.197 31.237 31.222
31.952 31.95 32 31.957 31.915 31.927 31.942 31.955 31.947 31.93 31.9 31.872 31.875 31.917 31.917 31.912 31.92 31.907 31.915 31.947 31.977 31.98 31.98 31.96 31.945 31.875 31.905 31.852 31.855 31.797 31.772 31.762 31.722 31.697 31.69 31.677 31.68 31.657 31.677 31.642 31.65 31.612 31.58 31.535 31.5 31.462 31.472 31.46 31.427 31.405 31.385 31.372 31.382 31.335 31.34 31.32 31.307 31.275 31.25 31.212 31.21 31.22 31.202 31.22 31.235 31.22 31.22 31.222 31.18 31.205 31.22 31.217
31.967 31.97 31.947 31.952 31.912 31.87 31.932 31.892 31.882 31.885 31.877 31.852 31.837 31.88 31.865 31.855 31.87 31.862 31.89 31.907 31.947 31.957 31.952 31.952 31.91 31.845 31.822 31.79 31.8 31.785 31.762 31.76 31.732 31.695 31.705 31.687 31.662 31.647 31.655 31.622 31.58 31.565 31.532 31.51 31.492 31.462 31.462 31.435 31.41 31.387 31.34 31.332 31.347 31.325 31.32 31.312 31.295 31.267 31.227 31.22 31.227 31.23 31.225 31.205 31.207 31.212 31.212 31.185 31.167 31.18 31.202 31.167
31.96 31.91 31.915 31.89 31.89 31.867 31.857 31.852 31.862 31.84 31.825 31.84 31.837 31.84 31.832 31.84 31.84 31.865 31.895 31.912 31.915 31.905 31.892 31.86 31.835 31.825 31.79 31.785 31.782 31.752 31.717 31.702 31.707 31.695 31.695 31.66 31.67 31.635 31.61 31.575 31.525 31.522 31.522 31.467 31.45 31.445 31.432 31.395 31.367 31.332 31.335 31.322 31.33 31.295 31.292 31.247 31.25 31.212 31.23 31.205 31.182 31.192 31.2 31.21 31.172 31.2 31.172 31.165 31.137 31.17 31.135 31.112
31.892 31.897 31.865 31.885 31.9 31.87 31.862 31.847 31.825 31.845 31.83 31.797 31.805 31.802 31.822 31.832 31.842 31.84 31.87 31.875 31.875 31.855 31.802 31.845 31.82 31.782 31.77 31.737 31.722 31.717 31.68 31.687 31.65 31.66 31.627 31.625 31.6 31.595 31.55 31.542 31.522 31.495 31.472 31.442 31.422 31.385 31.387 31.362 31.342 31.312 31.325 31.295 31.29 31.235 31.242 31.23 31.212 31.207 31.21 31.215 31.195 31.182 31.202 31.187 31.167 31.167 31.162 31.152 31.18 31.14 31.125 31.117
31.885 31.89 31.872 31.867 31.867 31.86 31.835 31.815 31.787 31.79 31.782 31.777 31.762 31.785 31.792 31.815 31.832 31.817 31.86 31.87 31.82 31.832 31.797 31.78 31.752 31.74 31.747 31.695 31.71 31.7 31.672 31.66 31.64 31.632 31.63 31.602 31.582 31.527 31.527 31.505 31.495 31.48 31.432 31.407 31.417 31.37 31.367 31.317 31.315 31.305 31.275 31.257 31.28 31.245 31.232 31.212 31.212 31.202 31.192 31.2 31.197 31.187 31.177 31.19 31.172 31.172 31.172 31.152 31.135 31.117 31.117 31.082
31.89 31.867 31.852 31.812 31.792 31.807 31.795 31.775 31.752 31.727 31.767 31.78 31.772 31.767 31.76 31.802 31.805 31.827 31.827 31.8 31.815 31.805 31.78 31.722 31.71 31.685 31.687 31.64 31.635 31.652 31.687 31.647 31.617 31.632 31.592 31.567 31.527 31.542 31.51 31.48 31.467 31.457 31.43 31.39 31.38 31.387 31.362 31.362 31.32 31.302 31.247 31.23 31.247 31.225 31.207 31.225 31.207 31.212 31.172 31.18 31.192 31.205 31.187 31.202 31.21 31.202 31.172 31.15 31.14 31.095 31.075 31.017
31.857 31.835 31.81 31.805 31.77 31.767 31.775 31.727 31.762 31.712 31.712 31.757 31.727 31.742 31.762 31.752 31.795 31.795 31.79 31.755 31.755 31.725 31.72 31.692 31.667 31.647 31.625 31.627 31.635 31.635 31.652 31.632 31.6 31.585 31.562 31.517 31.51 31.525 31.482 31.462 31.427 31.417 31.402 31.37 31.347 31.367 31.335 31.337 31.32 31.267 31.257 31.255 31.252 31.235 31.207 31.185 31.192 31.195 31.195 31.18 31.202 31.207 31.195 31.18 31.215 31.192 31.195 31.14 31.087 31.065 31.03 30.97
31.83 31.78 31.785 31.772 31.74 31.76 31.742 31.72 31.73 31.742 31.74 31.735 31.74 31.722 31.762 31.752 31.775 31.752 31.742 31.71 31.677 31.672 31.67 31.642 31.64 31.597 31.597 31.595 31.635 31.62 31.582 31.567 31.562 31.515 31.492 31.505 31.48 31.492 31.457 31.427 31.397 31.367 31.375 31.372 31.347 31.337 31.302 31.297 31.282 31.277 31.232 31.217 31.22 31.197 31.192 31.19 31.155 31.18 31.187 31.182 31.187 31.185 31.162 31.202 31.18 31.145 31.125 31.09 31.032 30.982 30.945 30.89
31.775 31.762 31.742 31.755 31.715 31.74 31.722 31.727 31.737 31.722 31.705 31.732 31.717 31.73 31.732 31.727 31.727 31.722 31.685 31.69 31.645 31.635 31.592 31.585 31.565 31.575 31.582 31.58 31.562 31.56 31.515 31.527 31.52 31.492 31.452 31.47 31.445 31.432 31.39 31.36 31.375 31.39 31.352 31.327 31.327 31.332 31.292 31.295 31.287 31.237 31.215 31.21 31.197 31.21 31.225 31.207 31.19 31.185 31.182 31.175 31.19 31.137 31.122 31.135 31.105 31.095 31.075 31.022 30.985 30.93 30.9 30.81
31.767 31.735 31.74 31.735 31.702 31.692 31.69 31.707 31.705 31.702 31.715 31.722 31.707 31.69 31.712 31.712 31.7 31.632 31.66 31.612 31.585 31.597 31.59 31.547 31.522 31.537 31.535 31.515 31.515 31.497 31.497 31.467 31.46 31.445 31.45 31.43 31.405 31.352 31.352 31.34 31.35 31.34 31.317 31.315 31.297 31.322 31.267 31.225 31.22 31.222 31.212 31.207 31.227 31.19 31.22 31.212 31.195 31.197 31.172 31.16 31.162 31.145 31.13 31.12 31.092 31.057 31.022 30.977 30.94 30.877 30.802 30.732
31.74 31.732 31.697 31.692 31.727 31.712 31.702 31.705 31.697 31.675 31.682 31.67 31.7 31.705 31.692 31.652 31.622 31.607 31.59 31.562 31.585 31.557 31.537 31.53 31.512 31.54 31.49 31.485 31.492 31.467 31.457 31.45 31.422 31.407 31.38 31.365 31.35 31.32 31.305 31.302 31.325 31.315 31.312 31.297 31.297 31.272 31.245 31.23 31.197 31.187 31.192 31.205 31.215 31.215 31.202 31.185 31.192 31.19 31.17 31.16 31.13 31.14 31.107 31.065 31.02 31.002 30.957 30.915 30.855 30.8 30.73 30.68
31.68 31.67 31.682 31.655 31.672 31.687 31.697 31.687 31.675 31.675 31.677 31.687 31.66 31.65 31.625 31.595 31.595 31.58 31.555 31.502 31.507 31.502 31.522 31.485 31.505 31.485 31.447 31.437 31.455 31.41 31.395 31.397 31.375 31.35 31.332 31.327 31.312 31.3 31.3 31.277 31.285 31.272 31.267 31.265 31.252 31.212 31.23 31.232 31.21 31.212 31.192 31.217 31.227 31.222 31.207 31.202 31.175 31.165 31.17 31.147 31.097 31.055 31.042 31.002 30.98 30.935 30.887 30.82 30.76 30.687 30.637 30.575
31.665 31.642 31.62 31.645 31.67 31.65 31.672 31.677 31.67 31.635 31.64 31.672 31.62 31.622 31.61 31.56 31.537 31.525 31.505 31.497 31.48 31.467 31.472 31.475 31.44 31.445 31.412 31.392 31.385 31.397 31.365 31.345 31.297 31.295 31.25 31.287 31.287 31.272 31.282 31.255 31.23 31.22 31.21 31.197 31.197 31.195 31.207 31.195 31.165 31.197 31.17 31.207 31.215 31.22 31.2 31.2 31.175 31.15 31.117 31.115 31.047 31.035 30.975 30.915 30.895 30.86 30.762 30.717 30.65 30.587 30.55 30.482
31.635 31.655 31.62 31.597 31.617 31.622 31.65 31.677 31.627 31.642 31.642 31.587 31.585 31.565 31.542 31.54 31.51 31.465 31.462 31.467 31.465 31.432 31.407 31.395 31.407 31.412 31.39 31.37 31.36 31.33 31.31 31.292 31.28 31.23 31.237 31.252 31.227 31.257 31.255 31.215 31.182 31.17 31.17 31.165 31.16 31.172 31.157 31.135 31.165 31.18 31.167 31.172 31.185 31.192 31.16 31.182 31.135 31.095 31.07 31.04 30.98 30.96 30.917 30.827 30.8 30.78 30.665 30.59 30.562 30.497 30.432 30.375
31.625 31.612 31.625 31.607 31.592 31.592 31.63 31.62 31.617 31.615 31.59 31.51 31.51 31.51 31.46 31.48 31.455 31.445 31.417 31.422 31.415 31.4 31.375 31.382 31.362 31.342 31.33 31.325 31.307 31.28 31.242 31.235 31.22 31.232 31.18 31.192 31.167 31.185 31.197 31.185 31.172 31.162 31.182 31.137 31.135 31.122 31.115 31.107 31.13 31.152 31.145 31.165 31.152 31.142 31.12 31.097 31.08 31.025 30.985 30.937 30.895 30.887 30.815 30.785 30.73 30.635 30.595 30.522 30.422 30.392 30.327 30.277
31.58 31.575 31.572 31.595 31.592 31.6 31.612 31.59 31.637 31.595 31.567 31.54 31.462 31.47 31.46 31.452 31.407 31.422 31.41 31.4 31.377 31.387 31.352 31.342 31.342 31.31 31.29 31.267 31.272 31.235 31.222 31.185 31.185 31.185 31.187 31.142 31.145 31.122 31.135 31.147 31.155 31.155 31.127 31.1 31.087 31.085 31.075 31.087 31.105 31.127 31.127 31.11 31.14 31.1 31.062 31.04 31.002 30.967 30.93 30.877 30.8 30.8 30.745 30.685 30.602 30.562 30.48 30.4 30.317 30.277 30.22 30.182
31.555 31.55 31.567 31.607 31.62 31.632 31.62 31.595 31.575 31.597 31.52 31.472 31.437 31.425 31.44 31.415 31.407 31.405 31.382 31.34 31.35 31.32 31.347 31.307 31.27 31.262 31.267 31.242 31.225 31.182 31.2 31.15 31.17 31.13 31.12 31.122 31.12 31.127 31.117 31.1 31.105 31.08 31.06 31.055 31.03 31.03 31.042 31.087 31.095 31.077 31.065 31.092 31.052 31.052 31.012 30.977 30.92 30.892 30.845 30.81 30.71 30.672 30.625 30.54 30.482 30.46 30.38 30.297 30.232 30.2 30.165 30.102
31.51 31.52 31.56 31.612 31.6 31.625 31.595 31.577 31.542 31.5 31.482 31.462 31.457 31.412 31.397 31.352 31.34 31.325 31.307 31.3 31.297 31.285 31.312 31.262 31.267 31.217 31.195 31.18 31.175 31.147 31.12 31.112 31.11 31.075 31.08 31.065 31.075 31.085 31.092 31.035 31.042 31.01 31.015 31.022 31.007 31.007 31.022 31.042 31.062 31.025 31.085 31.065 31.012 30.972 30.957 30.872 30.835 30.78 30.742 30.72 30.655 30.577 30.547 30.492 30.427 30.375 30.302 30.23 30.187 30.15 30.105 30.037
31.495 31.517 31.535 31.565 31.552 31.56 31.567 31.53 31.505 31.482 31.452 31.415 31.42 31.392 31.35 31.33 31.34 31.325 31.29 31.26 31.29 31.247 31.255 31.207 31.21 31.157 31.117 31.125 31.132 31.12 31.09 31.067 31.06 31.055 31.055 31.027 31.042 31.042 31.025 31.012 30.997 30.977 30.965 30.975 30.987 30.992 30.98 30.975 31.005 30.99 31.017 30.98 30.955 30.897 30.835 30.817 30.74 30.687 30.655 30.602 30.567 30.537 30.48 30.417 30.337 30.297 30.25 30.19 30.152 30.067 30.035 29.995
31.447 31.467 31.5 31.53 31.51 31.52 31.475 31.485 31.455 31.445 31.422 31.41 31.37 31.36 31.355 31.317 31.302 31.317 31.29 31.252 31.242 31.225 31.2 31.17 31.155 31.152 31.112 31.102 31.1 31.08 31.07 31.035 31.007 31.007 31.012 31.002 30.987 30.977 30.975 30.977 30.967 30.94 30.925 30.892 30.927 30.945 30.952 30.922 30.935 30.945 30.925 30.885 30.857 30.805 30.75 30.717 30.68 30.605 30.575 30.515 30.487 30.43 30.4 30.295 30.252 30.225 30.187 30.115 30.122 30.045 29.982 29.917
