LIDAR/se2786_DTM_2M.asc
ncols 500
nrows 500
xllcorner    427000
yllcorner    486000
cellsize     2
NODATA_value -9999
[rows 448 to 479 of 500, columns 146 to 218 of 500]
32.203 31.943 31.96 31.943 31.893 31.835 31.765 31.8 31.768 31.745 31.715 31.653 31.625 31.61 31.533 31.475 31.42 31.37 31.383 31.353 31.375 31.368 31.32 31.36 31.363 31.318 31.348 31.37 31.398 31.44 31.433 31.48 31.488 31.493 31.553 31.588 31.56 31.553 31.513 31.495 31.483 31.433 31.375 31.353 31.318 31.235 31.138 31.085 31.038 30.953 30.903 30.855 30.835 30.838 30.88 30.913 30.968 31.06 31.113 31.23 31.35 31.478 31.508 31.568 31.673 31.768 31.823 31.858 31.87 31.895 31.895 31.858 31.778
32.183 32.07 31.928 31.89 31.848 31.848 31.775 31.768 31.708 31.72 31.708 31.65 31.603 31.568 31.513 31.468 31.395 31.388 31.408 31.35 31.365 31.373 31.345 31.348 31.37 31.333 31.403 31.418 31.443 31.443 31.468 31.513 31.523 31.508 31.533 31.588 31.56 31.5 31.505 31.468 31.408 31.373 31.32 31.29 31.24 31.168 31.098 31.04 30.995 30.888 30.868 30.85 30.838 30.863 30.913 30.968 31.043 31.085 31.18 31.315 31.43 31.495 31.575 31.67 31.783 31.81 31.86 31.923 31.903 31.913 31.893 31.84 31.78
32.035 32.123 31.913 31.843 31.855 31.828 31.793 31.678 31.675 31.67 31.658 31.61 31.573 31.563 31.5 31.44 31.4 31.375 31.353 31.348 31.38 31.375 31.38 31.385 31.335 31.33 31.4 31.403 31.443 31.45 31.475 31.52 31.513 31.528 31.563 31.58 31.565 31.508 31.478 31.433 31.358 31.32 31.283 31.228 31.188 31.085 31.038 30.98 30.94 30.89 30.88 30.835 30.848 30.875 30.925 30.988 31.068 31.158 31.25 31.375 31.463 31.585 31.67 31.75 31.8 31.88 31.918 31.945 31.925 31.89 31.865 31.795 31.788
32.008 32.023 32.008 31.803 31.835 31.793 31.81 31.708 31.665 31.668 31.598 31.588 31.533 31.528 31.468 31.425 31.378 31.32 31.345 31.325 31.35 31.348 31.383 31.388 31.335 31.393 31.413 31.435 31.478 31.473 31.523 31.515 31.528 31.538 31.585 31.565 31.55 31.49 31.448 31.37 31.295 31.248 31.22 31.163 31.108 31.03 30.995 30.938 30.918 30.893 30.855 30.835 30.845 30.883 30.963 31.035 31.098 31.18 31.333 31.45 31.553 31.648 31.728 31.783 31.853 31.9 31.955 31.958 31.943 31.873 31.848 31.813 31.715
32.053 31.91 31.968 31.838 31.743 31.763 31.75 31.68 31.638 31.643 31.6 31.533 31.535 31.488 31.42 31.428 31.405 31.36 31.35 31.32 31.318 31.335 31.403 31.39 31.373 31.435 31.46 31.448 31.48 31.488 31.543 31.548 31.538 31.575 31.57 31.543 31.485 31.46 31.393 31.298 31.235 31.178 31.118 31.098 31.03 30.985 30.933 30.94 30.88 30.848 30.83 30.82 30.875 30.93 31.003 31.095 31.165 31.26 31.415 31.533 31.638 31.7 31.78 31.798 31.88 31.928 31.978 31.955 31.955 31.873 31.808 31.768 31.7
32.073 31.93 31.833 31.913 31.758 31.693 31.705 31.683 31.645 31.593 31.578 31.548 31.535 31.48 31.473 31.465 31.418 31.373 31.39 31.335 31.333 31.398 31.433 31.42 31.333 31.41 31.468 31.495 31.51 31.528 31.573 31.553 31.55 31.56 31.543 31.52 31.47 31.393 31.343 31.273 31.203 31.143 31.085 31.04 30.983 30.925 30.915 30.88 30.893 30.853 30.86 30.893 30.915 30.975 30.993 31.133 31.25 31.348 31.49 31.58 31.64 31.755 31.813 31.835 31.903 31.968 32.003 31.96 31.938 31.868 31.775 31.7 31.62
32.115 31.988 31.808 31.818 31.825 31.698 31.673 31.675 31.658 31.608 31.565 31.53 31.53 31.485 31.473 31.438 31.418 31.365 31.353 31.353 31.36 31.385 31.42 31.415 31.383 31.413 31.485 31.54 31.538 31.575 31.608 31.588 31.543 31.52 31.49 31.463 31.403 31.345 31.28 31.213 31.15 31.103 31.058 30.99 30.933 30.898 30.873 30.86 30.875 30.84 30.835 30.893 30.933 30.963 31.058 31.188 31.283 31.395 31.513 31.608 31.68 31.773 31.828 31.88 31.94 31.993 31.985 31.96 31.9 31.835 31.72 31.645 31.585
32.1 32.095 31.955 31.77 31.75 31.71 31.623 31.648 31.623 31.62 31.593 31.548 31.528 31.498 31.498 31.48 31.433 31.393 31.42 31.37 31.375 31.403 31.438 31.385 31.415 31.45 31.515 31.543 31.578 31.583 31.595 31.583 31.53 31.533 31.48 31.448 31.378 31.3 31.228 31.173 31.123 31.055 31.005 30.953 30.88 30.845 30.823 30.865 30.855 30.863 30.865 30.93 30.968 31.033 31.11 31.213 31.305 31.428 31.55 31.66 31.728 31.808 31.855 31.91 31.92 31.955 31.968 31.913 31.873 31.823 31.703 31.61 31.52
32.015 32.095 31.993 31.818 31.698 31.758 31.635 31.62 31.643 31.613 31.593 31.545 31.535 31.54 31.525 31.483 31.44 31.408 31.42 31.398 31.39 31.415 31.42 31.405 31.485 31.51 31.515 31.563 31.593 31.583 31.598 31.58 31.538 31.533 31.46 31.4 31.358 31.283 31.165 31.133 31.063 31.015 30.97 30.893 30.855 30.833 30.835 30.868 30.843 30.853 30.86 30.918 30.978 31.033 31.178 31.268 31.34 31.45 31.565 31.673 31.763 31.81 31.84 31.9 31.923 31.945 31.963 31.89 31.825 31.748 31.65 31.57 31.483
31.915 32.048 32.043 31.953 31.695 31.768 31.688 31.555 31.618 31.625 31.62 31.563 31.593 31.573 31.53 31.508 31.478 31.425 31.408 31.42 31.428 31.448 31.453 31.465 31.5 31.513 31.56 31.575 31.593 31.595 31.608 31.56 31.538 31.503 31.448 31.368 31.29 31.223 31.125 31.065 31 30.975 30.898 30.868 30.818 30.785 30.798 30.838 30.835 30.828 30.885 30.94 31.02 31.098 31.198 31.268 31.403 31.49 31.59 31.698 31.79 31.83 31.87 31.895 31.928 31.935 31.903 31.868 31.813 31.713 31.598 31.548 31.433
31.95 31.983 32.04 31.99 31.8 31.703 31.838 31.648 31.615 31.638 31.658 31.595 31.595 31.603 31.578 31.57 31.533 31.5 31.468 31.45 31.463 31.46 31.478 31.495 31.548 31.553 31.598 31.608 31.653 31.638 31.615 31.548 31.525 31.493 31.405 31.338 31.223 31.113 31.103 31.05 30.98 30.933 30.865 30.848 30.825 30.805 30.825 30.848 30.838 30.833 30.89 30.935 31.06 31.183 31.265 31.325 31.408 31.53 31.628 31.75 31.81 31.843 31.878 31.913 31.933 31.918 31.888 31.86 31.758 31.678 31.6 31.473 31.388
31.935 31.925 32.033 32.018 31.978 31.763 31.84 31.74 31.61 31.645 31.69 31.68 31.635 31.638 31.628 31.605 31.568 31.565 31.523 31.525 31.545 31.515 31.498 31.51 31.575 31.598 31.638 31.62 31.65 31.645 31.605 31.578 31.528 31.45 31.37 31.298 31.195 31.123 31.085 31.008 30.953 30.9 30.875 30.823 30.825 30.773 30.785 30.853 30.85 30.873 30.915 31 31.103 31.23 31.32 31.373 31.445 31.585 31.693 31.783 31.838 31.858 31.893 31.905 31.915 31.9 31.875 31.798 31.718 31.638 31.52 31.403 31.343
31.95 31.893 31.918 32.023 32.008 31.885 31.8 31.86 31.658 31.625 31.668 31.705 31.653 31.67 31.678 31.625 31.57 31.6 31.605 31.62 31.605 31.568 31.553 31.59 31.61 31.628 31.655 31.678 31.69 31.658 31.618 31.553 31.538 31.41 31.343 31.25 31.165 31.09 31.05 30.99 30.928 30.883 30.803 30.808 30.81 30.835 30.85 30.87 30.895 30.938 30.965 31.078 31.173 31.265 31.32 31.445 31.533 31.623 31.725 31.805 31.855 31.845 31.885 31.903 31.885 31.868 31.855 31.77 31.67 31.563 31.468 31.375 31.295
31.908 31.93 31.87 31.963 32.04 32.038 31.85 31.863 31.823 31.668 31.69 31.718 31.735 31.705 31.69 31.645 31.643 31.668 31.668 31.665 31.643 31.618 31.583 31.653 31.683 31.688 31.68 31.7 31.68 31.645 31.605 31.575 31.505 31.39 31.3 31.25 31.138 31.073 31.013 30.948 30.87 30.848 30.808 30.793 30.793 30.853 30.863 30.883 30.9 30.963 31.023 31.115 31.21 31.308 31.383 31.498 31.59 31.688 31.753 31.825 31.865 31.873 31.89 31.888 31.848 31.858 31.803 31.748 31.638 31.513 31.425 31.373 31.29
31.86 31.86 31.868 31.913 32.035 32.028 31.943 31.823 31.845 31.758 31.705 31.765 31.798 31.778 31.743 31.695 31.71 31.74 31.755 31.73 31.708 31.67 31.715 31.753 31.745 31.763 31.718 31.683 31.67 31.665 31.62 31.57 31.49 31.388 31.293 31.2 31.095 31.04 30.975 30.928 30.865 30.805 30.818 30.828 30.845 30.818 30.868 30.915 30.958 31.02 31.08 31.175 31.313 31.388 31.465 31.588 31.67 31.743 31.8 31.843 31.85 31.875 31.9 31.89 31.835 31.823 31.73 31.685 31.588 31.48 31.4 31.338 31.253
31.823 31.813 31.818 31.895 31.963 32.055 32.01 31.918 31.86 31.823 31.753 31.81 31.86 31.863 31.838 31.783 31.773 31.793 31.8 31.805 31.755 31.725 31.778 31.78 31.773 31.795 31.76 31.73 31.675 31.653 31.58 31.543 31.465 31.39 31.275 31.173 31.048 31.005 30.963 30.903 30.845 30.778 30.793 30.813 30.818 30.855 30.928 30.94 30.993 31.068 31.15 31.225 31.358 31.45 31.528 31.638 31.715 31.788 31.823 31.86 31.863 31.888 31.88 31.865 31.835 31.79 31.71 31.613 31.505 31.438 31.373 31.283 31.205
31.828 31.8 31.795 31.94 31.92 32.01 32.03 31.988 31.93 31.953 31.868 31.88 31.938 31.93 31.863 31.89 31.885 31.868 31.858 31.858 31.838 31.795 31.863 31.835 31.798 31.783 31.783 31.783 31.69 31.63 31.578 31.535 31.43 31.353 31.235 31.128 31.018 30.975 30.965 30.885 30.858 30.813 30.81 30.828 30.865 30.89 30.923 30.943 31.048 31.115 31.238 31.323 31.458 31.528 31.605 31.69 31.743 31.79 31.838 31.888 31.875 31.915 31.9 31.845 31.788 31.76 31.665 31.553 31.503 31.428 31.343 31.238 31.173
31.815 31.813 31.815 31.86 31.893 31.978 32.07 32.048 32 32.04 31.995 31.95 32.025 31.983 31.945 31.978 31.948 31.933 31.96 31.948 31.9 31.9 31.89 31.885 31.835 31.785 31.79 31.758 31.703 31.58 31.543 31.485 31.383 31.32 31.205 31.105 31.013 30.97 30.928 30.893 30.878 30.86 30.858 30.838 30.86 30.918 30.96 31.018 31.103 31.165 31.268 31.358 31.498 31.568 31.7 31.763 31.755 31.835 31.9 31.888 31.903 31.895 31.845 31.83 31.793 31.713 31.635 31.54 31.455 31.388 31.288 31.23 31.148
31.813 31.838 31.81 31.825 31.905 31.99 32.068 32.09 32.1 32.083 32.078 31.995 32.033 32.085 32.053 32.015 32.005 31.995 31.99 31.968 31.9 31.883 31.875 31.888 31.843 31.798 31.798 31.765 31.7 31.585 31.523 31.443 31.345 31.263 31.188 31.068 31.003 30.968 30.918 30.898 30.878 30.86 30.885 30.85 30.908 30.97 31.025 31.085 31.13 31.225 31.313 31.423 31.535 31.608 31.738 31.77 31.84 31.908 31.943 31.9 31.915 31.893 31.87 31.818 31.778 31.66 31.575 31.495 31.438 31.3 31.268 31.193 31.155
31.843 31.835 31.855 31.858 31.878 31.963 32.008 32.08 32.145 32.218 32.183 32.045 32.08 32.13 32.135 32.063 32.035 32.05 32.028 32.025 31.93 31.903 31.87 31.848 31.828 31.745 31.755 31.715 31.623 31.538 31.46 31.388 31.308 31.243 31.163 31.058 30.993 30.965 30.935 30.935 30.91 30.895 30.9 30.92 30.943 30.985 31.06 31.105 31.183 31.318 31.345 31.495 31.605 31.67 31.78 31.823 31.898 31.915 31.928 31.958 31.95 31.895 31.855 31.823 31.758 31.653 31.563 31.48 31.388 31.29 31.203 31.193 31.14
31.868 31.875 31.883 31.865 31.928 32 32.068 32.128 32.165 32.265 32.308 32.175 32.145 32.145 32.153 32.098 32.053 32.045 32.015 32.003 31.88 31.9 31.878 31.825 31.783 31.738 31.71 31.663 31.565 31.475 31.408 31.34 31.275 31.183 31.105 31.055 30.995 30.988 30.95 30.935 30.92 30.915 30.92 30.965 30.933 31 31.065 31.138 31.215 31.315 31.415 31.545 31.635 31.71 31.785 31.855 31.94 31.97 31.993 31.96 31.948 31.918 31.9 31.853 31.748 31.675 31.583 31.48 31.403 31.283 31.205 31.21 31.16
31.863 31.905 31.935 31.955 31.98 32.078 32.188 32.225 32.248 32.308 32.44 32.34 32.193 32.13 32.078 32.06 32.043 32.003 32.005 31.978 31.92 31.908 31.858 31.808 31.74 31.708 31.66 31.628 31.523 31.415 31.358 31.3 31.213 31.11 31.035 30.985 30.96 30.98 30.928 30.948 30.915 30.91 30.925 30.948 30.975 31.015 31.063 31.143 31.25 31.333 31.438 31.55 31.673 31.74 31.81 31.875 31.948 31.99 31.995 31.978 31.943 31.918 31.898 31.835 31.765 31.66 31.585 31.483 31.413 31.305 31.24 31.213 31.193
31.898 31.963 31.995 32.035 32.063 32.118 32.203 32.35 32.375 32.395 32.45 32.438 32.198 32.16 32.14 32.113 32.045 32.008 32.015 31.965 31.94 31.895 31.838 31.78 31.695 31.66 31.618 31.553 31.445 31.383 31.283 31.213 31.118 31.03 31.013 30.968 30.99 30.97 30.918 30.928 30.915 30.905 30.915 30.953 30.998 31.003 31.073 31.175 31.26 31.368 31.468 31.595 31.705 31.778 31.83 31.878 31.945 31.988 32.005 32.003 31.953 31.933 31.92 31.833 31.753 31.63 31.573 31.48 31.39 31.27 31.235 31.215 31.175
31.95 31.995 32.053 32.1 32.123 32.145 32.23 32.42 32.485 32.455 32.435 32.445 32.278 32.205 32.19 32.165 32.068 32.038 31.963 31.915 31.885 31.855 31.825 31.728 31.663 31.628 31.53 31.455 31.383 31.333 31.203 31.145 31.095 31.015 31.005 30.955 30.97 30.933 30.9 30.908 30.895 30.92 30.98 30.963 31.003 31.045 31.108 31.198 31.283 31.4 31.51 31.62 31.703 31.758 31.87 31.923 31.963 31.995 32.028 32.015 31.973 31.95 31.925 31.86 31.755 31.663 31.568 31.478 31.42 31.313 31.268 31.22 31.195
32 32.075 32.13 32.208 32.238 32.238 32.25 32.483 32.685 32.548 32.45 32.405 32.293 32.168 32.14 32.165 32.098 32.015 31.943 31.86 31.858 31.818 31.773 31.7 31.603 31.54 31.473 31.403 31.298 31.24 31.185 31.09 31.058 30.998 30.993 30.94 30.935 30.935 30.928 30.913 30.895 30.928 30.918 30.943 31.005 31.053 31.123 31.173 31.298 31.39 31.495 31.605 31.67 31.755 31.85 31.935 32.008 32.02 32 31.995 31.983 31.995 31.95 31.855 31.763 31.658 31.575 31.493 31.385 31.308 31.24 31.233 31.203
32.068 32.125 32.175 32.21 32.285 32.335 32.32 32.43 32.66 32.655 32.488 32.343 32.3 32.173 32.113 32.105 32.08 32.02 31.905 31.81 31.81 31.78 31.7 31.64 31.553 31.483 31.425 31.318 31.233 31.188 31.14 31.085 31.048 31.003 30.963 30.928 30.908 30.935 30.915 30.928 30.935 30.893 30.943 30.973 31.01 31.055 31.138 31.175 31.29 31.365 31.468 31.55 31.678 31.768 31.843 31.91 31.975 31.995 31.985 31.968 31.98 31.988 31.908 31.868 31.765 31.643 31.59 31.5 31.35 31.3 31.27 31.265 31.238
32.125 32.143 32.21 32.275 32.348 32.405 32.398 32.383 32.523 32.643 32.533 32.3 32.265 32.193 32.06 32.068 32.043 31.965 31.833 31.785 31.773 31.75 31.65 31.595 31.52 31.443 31.36 31.233 31.183 31.135 31.11 31.063 31.04 30.988 30.943 30.935 30.908 30.915 30.913 30.913 30.915 30.895 30.91 31 31.018 31.035 31.128 31.195 31.283 31.388 31.453 31.548 31.67 31.75 31.848 31.893 31.968 31.998 32.018 32.01 32.038 32.028 31.943 31.885 31.818 31.71 31.615 31.535 31.425 31.378 31.333 31.308 31.3
32.165 32.218 32.295 32.36 32.395 32.438 32.45 32.42 32.488 32.643 32.503 32.31 32.168 32.143 32.078 31.993 31.973 31.968 31.828 31.765 31.725 31.67 31.63 31.558 31.455 31.353 31.288 31.178 31.105 31.075 31.053 31.028 30.968 30.94 30.923 30.928 30.905 30.9 30.928 30.93 30.905 30.9 30.935 31.008 31.028 31.093 31.143 31.248 31.335 31.403 31.523 31.588 31.713 31.798 31.85 31.928 32.02 32.078 32.058 32.078 32.093 32.073 32.018 31.938 31.853 31.775 31.673 31.605 31.505 31.425 31.373 31.355 31.34
32.175 32.268 32.318 32.385 32.438 32.505 32.478 32.46 32.453 32.45 32.425 32.335 32.145 32.083 32.08 31.963 31.928 31.903 31.798 31.735 31.685 31.623 31.555 31.485 31.39 31.295 31.208 31.13 31.058 31.02 31.013 30.99 30.948 30.983 30.958 30.933 30.94 30.965 30.978 30.96 30.975 30.97 31.01 31.045 31.055 31.128 31.225 31.308 31.395 31.5 31.595 31.688 31.768 31.868 31.955 32.008 32.035 32.07 32.09 32.143 32.145 32.07 32.035 31.96 31.88 31.763 31.675 31.603 31.515 31.448 31.395 31.34 31.33
32.245 32.323 32.395 32.45 32.48 32.505 32.495 32.475 32.465 32.393 32.4 32.383 32.148 32.033 32.013 31.978 31.875 31.84 31.755 31.71 31.638 31.57 31.483 31.418 31.355 31.298 31.165 31.108 31.1 31.035 31.048 31.035 30.988 30.985 30.985 30.978 30.988 31.013 31.028 31.06 31.04 31.038 31.065 31.113 31.153 31.205 31.33 31.38 31.498 31.59 31.68 31.785 31.815 31.893 31.983 32.035 32.078 32.078 32.103 32.113 32.108 32.058 31.995 31.955 31.88 31.773 31.68 31.6 31.498 31.44 31.413 31.365 31.328
32.31 32.383 32.423 32.52 32.523 32.505 32.533 32.468 32.445 32.348 32.34 32.328 32.213 32.068 31.963 31.913 31.8 31.763 31.743 31.683 31.618 31.52 31.488 31.4 31.355 31.3 31.245 31.173 31.1 31.04 31.023 31.035 31.025 31.023 31.008 31.03 31.043 31.055 31.06 31.07 31.058 31.085 31.11 31.14 31.21 31.27 31.335 31.44 31.473 31.565 31.685 31.76 31.858 31.91 31.968 32.018 32.053 32.065 32.063 32.07 32.078 32.058 32.01 31.958 31.855 31.783 31.688 31.645 31.543 31.465 31.43 31.385 31.365
32.363 32.425 32.495 32.548 32.54 32.513 32.503 32.478 32.41 32.318 32.265 32.215 32.18 32.068 31.9 31.863 31.815 31.685 31.695 31.648 31.563 31.525 31.428 31.33 31.283 31.225 31.23 31.145 31.083 31.09 31.035 31.033 31.02 31.005 31.033 31.063 31.083 31.083 31.065 31.095 31.115 31.123 31.158 31.173 31.245 31.318 31.383 31.433 31.498 31.563 31.68 31.758 31.863 31.913 32.013 32.038 32.055 32.1 32.09 32.08 32.09 32.073 31.99 31.92 31.825 31.758 31.678 31.613 31.525 31.475 31.425 31.4 31.398
