LIDAR/se2787_DTM_2M.asc
ncols 500
nrows 500
xllcorner    427000
yllcorner    487000
cellsize     2
NODATA_value -9999
[rows 96 to 127 of 500, columns 0 to 71 of 500]
37.398 37.625 37.8 37.885 37.903 37.875 37.825 37.75 37.73 37.678 37.708 37.745 37.79 37.735 37.543 37.418 37.375 37.303 37.198 37.068 36.918 36.77 36.52 36.4 36.313 36.265 36.29 36.31 36.37 36.388 36.413 36.34 36.35 36.365 36.39 36.415 36.36 36.325 36.34 36.323 36.323 36.355 36.415 36.42 36.488 36.663 36.773 36.673 36.48 36.048 35.88 35.898 35.913 35.968 35.938 35.89 35.93 35.98 35.985 35.988 36.02 36.05 36.04 36.038 36.025 36.04 36.043 36.025 36.038 36.018 35.973 35.958
37.648 37.823 37.95 37.98 37.938 37.89 37.838 37.75 37.723 37.645 37.713 37.755 37.815 37.85 37.525 37.393 37.258 37.308 37.265 37.1 36.92 36.673 36.478 36.39 36.308 36.303 36.395 36.385 36.42 36.41 36.418 36.375 36.433 36.463 36.473 36.458 36.43 36.393 36.34 36.343 36.345 36.425 36.52 36.565 36.628 36.705 36.708 36.725 36.57 36.158 36.033 35.958 35.988 36.245 36.248 36.135 36.043 36.085 36.035 36.045 36.01 36.04 36.118 36.113 36.123 36.125 36.078 36.12 36.103 36.065 35.993 36.035
37.6 37.738 37.88 37.928 37.91 37.865 37.82 37.763 37.723 37.73 37.725 37.738 37.788 37.755 37.548 37.358 37.238 37.325 37.31 37.118 36.868 36.623 36.43 36.368 36.338 36.373 36.44 36.46 36.42 36.408 36.42 36.415 36.513 36.54 36.515 36.49 36.498 36.47 36.4 36.35 36.388 36.555 36.623 36.65 36.685 36.725 36.755 36.755 36.753 36.505 36.248 36.295 36.298 36.478 36.468 36.523 36.408 36.303 36.218 36.195 36.12 36.11 36.11 36.158 36.185 36.195 36.178 36.198 36.195 36.185 36.165 36.15
37.615 37.725 37.77 37.793 37.823 37.825 37.778 37.743 37.698 37.663 37.623 37.635 37.628 37.478 37.37 37.333 37.26 37.265 37.265 37.135 36.785 36.63 36.545 36.453 36.385 36.45 36.488 36.458 36.42 36.4 36.425 36.443 36.573 36.578 36.568 36.53 36.505 36.485 36.435 36.42 36.515 36.64 36.703 36.713 36.745 36.783 36.788 36.785 36.783 36.753 36.5 36.638 36.753 36.76 36.8 36.97 36.82 36.6 36.568 36.488 36.35 36.235 36.195 36.21 36.18 36.203 36.215 36.235 36.248 36.293 36.29 36.27
37.62 37.75 37.778 37.773 37.77 37.77 37.745 37.708 37.67 37.643 37.61 37.608 37.605 37.403 37.243 37.208 37.193 37.145 37.163 37.063 36.743 36.61 36.568 36.495 36.515 36.558 36.618 36.485 36.413 36.403 36.428 36.48 36.625 36.633 36.625 36.593 36.533 36.478 36.45 36.503 36.638 36.743 36.763 36.778 36.805 36.82 36.818 36.815 36.813 36.81 36.758 36.72 36.9 36.935 36.988 37.053 37.055 37.008 36.865 36.768 36.61 36.435 36.38 36.378 36.445 36.408 36.34 36.338 36.285 36.318 36.375 36.375
37.683 37.783 37.803 37.775 37.753 37.753 37.683 37.663 37.648 37.588 37.575 37.583 37.418 37.348 37.298 37.233 37.153 37.085 36.973 36.913 36.725 36.595 36.543 36.448 36.6 36.708 36.633 36.478 36.41 36.423 36.483 36.535 36.648 36.68 36.683 36.66 36.578 36.463 36.503 36.64 36.778 36.823 36.84 36.843 36.848 36.845 36.84 36.835 36.83 36.82 36.793 36.86 36.995 37.093 37.11 37.113 37.13 37.193 37.118 37.028 36.813 36.645 36.57 36.635 36.81 36.785 36.733 36.605 36.468 36.398 36.398 36.398
37.743 37.798 37.815 37.813 37.778 37.713 37.62 37.645 37.61 37.525 37.475 37.578 37.505 37.33 37.338 37.283 37.165 37.08 36.965 36.848 36.703 36.64 36.543 36.498 36.615 36.653 36.548 36.445 36.408 36.418 36.468 36.49 36.575 36.645 36.698 36.698 36.623 36.588 36.693 36.823 36.893 36.908 36.888 36.928 36.913 36.885 36.87 36.855 36.835 36.823 36.853 37.07 37.098 37.135 37.163 37.19 37.223 37.245 37.23 37.17 37.005 36.815 36.738 36.96 37.078 37.1 37.103 36.995 36.808 36.585 36.518 36.553
37.72 37.748 37.753 37.755 37.775 37.67 37.608 37.593 37.565 37.455 37.42 37.598 37.53 37.375 37.248 37.218 37.133 37.083 36.995 36.865 36.745 36.668 36.57 36.585 36.655 36.62 36.543 36.51 36.475 36.47 36.45 36.515 36.54 36.555 36.573 36.658 36.678 36.678 36.753 36.95 36.925 36.865 36.888 36.97 36.95 36.92 36.908 36.915 36.9 36.81 36.93 37.185 37.188 37.185 37.208 37.23 37.255 37.278 37.28 37.24 37.128 36.988 37.003 37.173 37.213 37.2 37.218 37.183 37.01 36.755 36.66 36.665
37.68 37.675 37.728 37.755 37.708 37.618 37.573 37.518 37.448 37.405 37.433 37.535 37.455 37.393 37.305 37.278 37.223 37.13 37.028 36.875 36.775 36.69 36.578 36.625 36.728 36.723 36.643 36.553 36.55 36.538 36.605 36.553 36.505 36.528 36.538 36.565 36.668 36.723 36.84 36.91 36.96 36.918 36.938 36.995 36.98 36.945 36.908 36.9 36.958 36.948 37.148 37.208 37.268 37.245 37.245 37.265 37.285 37.31 37.325 37.33 37.278 37.193 37.233 37.288 37.273 37.233 37.28 37.22 37.055 36.883 36.813 36.768
37.745 37.745 37.725 37.73 37.633 37.558 37.583 37.493 37.413 37.37 37.38 37.45 37.418 37.298 37.448 37.43 37.335 37.228 37.113 36.885 36.783 36.713 36.61 36.695 36.775 36.78 36.755 36.683 36.645 36.645 36.725 36.655 36.508 36.555 36.555 36.538 36.653 36.768 36.873 36.938 36.97 36.925 36.915 36.993 37.01 36.975 36.938 36.925 37 37.108 37.19 37.213 37.293 37.313 37.295 37.315 37.335 37.355 37.378 37.413 37.393 37.308 37.38 37.465 37.49 37.388 37.313 37.228 37.105 37.03 36.943 36.923
37.748 37.735 37.715 37.688 37.615 37.588 37.51 37.49 37.4 37.34 37.398 37.448 37.435 37.308 37.5 37.46 37.33 37.2 37.08 36.948 36.81 36.708 36.663 36.743 36.77 36.795 36.785 36.74 36.763 36.758 36.77 36.738 36.625 36.58 36.578 36.65 36.748 36.853 36.908 36.95 36.96 36.988 36.903 36.943 37.033 36.985 36.953 36.968 37.028 37.135 37.235 37.248 37.36 37.34 37.348 37.355 37.375 37.398 37.433 37.458 37.425 37.425 37.5 37.545 37.495 37.44 37.388 37.283 37.223 37.135 37.02 37.055
37.733 37.72 37.71 37.68 37.643 37.583 37.508 37.488 37.44 37.405 37.473 37.463 37.423 37.3 37.28 37.315 37.263 37.143 37.08 36.928 36.855 36.775 36.698 36.77 36.793 36.83 36.8 36.79 36.883 36.84 36.845 36.845 36.8 36.713 36.648 36.705 36.82 36.91 36.933 37.005 37.015 37.045 36.968 36.985 37.02 36.995 37 37.04 37.143 37.203 37.26 37.348 37.413 37.385 37.415 37.398 37.413 37.44 37.493 37.473 37.45 37.548 37.59 37.555 37.495 37.445 37.393 37.333 37.298 37.228 37.153 37.168
37.73 37.72 37.705 37.678 37.64 37.558 37.518 37.53 37.485 37.503 37.543 37.513 37.418 37.22 37.16 37.183 37.163 37.138 37.08 36.95 36.878 36.81 36.785 36.835 36.865 36.923 36.938 36.913 37.003 36.928 36.928 36.925 36.908 36.878 36.84 36.82 36.863 36.893 36.95 37.01 37.083 37.088 37.14 37.185 37.118 37.063 37.205 37.27 37.313 37.333 37.338 37.438 37.513 37.453 37.448 37.453 37.443 37.503 37.54 37.525 37.508 37.635 37.61 37.555 37.5 37.445 37.39 37.368 37.285 37.205 37.21 37.215
37.725 37.715 37.703 37.645 37.615 37.495 37.455 37.493 37.508 37.55 37.588 37.54 37.375 37.258 37.21 37.2 37.183 37.16 37.095 36.963 36.87 36.83 36.833 36.925 36.943 37.008 37.013 36.978 36.875 36.925 36.965 36.985 36.985 37.07 37.028 36.92 36.898 36.923 36.985 37.02 37.083 37.163 37.298 37.343 37.268 37.215 37.353 37.46 37.42 37.403 37.448 37.493 37.56 37.5 37.475 37.483 37.488 37.543 37.513 37.505 37.505 37.58 37.59 37.54 37.493 37.443 37.395 37.358 37.28 37.265 37.275 37.275
37.72 37.713 37.69 37.64 37.578 37.478 37.418 37.438 37.49 37.51 37.533 37.505 37.39 37.293 37.228 37.188 37.2 37.155 37.123 37 36.895 36.845 36.873 37.033 37.063 37.018 37.03 37.04 36.913 36.89 36.9 36.915 36.978 36.958 36.89 36.84 36.878 36.96 37.02 37.083 37.13 37.31 37.413 37.385 37.39 37.375 37.5 37.528 37.468 37.445 37.49 37.58 37.573 37.555 37.495 37.443 37.568 37.578 37.538 37.503 37.525 37.55 37.52 37.498 37.445 37.398 37.37 37.343 37.313 37.325 37.325 37.325
37.73 37.708 37.655 37.58 37.588 37.498 37.413 37.388 37.445 37.553 37.523 37.485 37.353 37.31 37.285 37.29 37.295 37.25 37.183 37.023 36.955 36.893 36.9 37.038 37.098 37.035 37.073 37.118 37.103 36.95 36.908 36.948 36.945 36.905 36.788 36.88 36.933 36.968 37.048 37.163 37.228 37.373 37.55 37.538 37.503 37.485 37.548 37.52 37.495 37.523 37.603 37.638 37.64 37.623 37.528 37.495 37.593 37.64 37.563 37.57 37.558 37.56 37.52 37.463 37.418 37.388 37.365 37.358 37.375 37.37 37.37 37.365
37.668 37.633 37.608 37.525 37.525 37.465 37.443 37.433 37.518 37.578 37.54 37.458 37.373 37.395 37.395 37.398 37.403 37.37 37.203 37.07 36.968 36.943 36.975 37.048 37.08 37.085 37.158 37.22 37.198 37.173 37.043 36.97 36.955 36.883 36.895 36.943 36.983 36.993 37.1 37.228 37.263 37.445 37.58 37.573 37.535 37.56 37.568 37.528 37.513 37.623 37.655 37.678 37.655 37.638 37.533 37.483 37.52 37.57 37.53 37.565 37.583 37.565 37.52 37.46 37.45 37.4 37.358 37.34 37.385 37.373 37.365 37.363
37.685 37.64 37.608 37.52 37.513 37.45 37.39 37.453 37.555 37.593 37.555 37.473 37.408 37.408 37.405 37.405 37.405 37.403 37.203 37.08 37.018 36.99 37.065 37.105 37.133 37.193 37.25 37.293 37.265 37.2 37.16 37.13 36.995 36.885 36.875 36.913 36.975 37.063 37.118 37.195 37.35 37.533 37.64 37.635 37.678 37.67 37.63 37.575 37.52 37.665 37.69 37.683 37.685 37.6 37.615 37.565 37.545 37.545 37.538 37.48 37.46 37.495 37.453 37.395 37.405 37.385 37.383 37.403 37.398 37.395 37.388 37.37
37.75 37.663 37.59 37.56 37.523 37.453 37.41 37.535 37.628 37.59 37.548 37.445 37.395 37.403 37.375 37.383 37.393 37.36 37.253 37.13 37.048 37.01 37.115 37.155 37.195 37.235 37.275 37.298 37.263 37.268 37.288 37.255 37.075 36.945 36.85 36.823 36.903 37.065 37.175 37.24 37.428 37.475 37.565 37.743 37.835 37.843 37.815 37.768 37.638 37.738 37.708 37.653 37.688 37.715 37.72 37.66 37.635 37.598 37.56 37.55 37.463 37.47 37.455 37.4 37.423 37.428 37.45 37.473 37.428 37.415 37.408 37.403
37.815 37.763 37.65 37.63 37.595 37.538 37.513 37.593 37.683 37.688 37.578 37.528 37.393 37.37 37.358 37.36 37.373 37.375 37.28 37.13 37.045 37.08 37.18 37.273 37.228 37.263 37.305 37.29 37.273 37.27 37.273 37.215 37.083 36.988 36.843 36.838 36.85 36.903 37.105 37.285 37.445 37.61 37.7 37.845 37.958 37.958 37.915 37.888 37.733 37.773 37.775 37.718 37.74 37.803 37.75 37.68 37.648 37.66 37.645 37.595 37.57 37.5 37.468 37.455 37.435 37.49 37.498 37.498 37.475 37.435 37.425 37.405
37.875 37.845 37.715 37.665 37.613 37.59 37.635 37.628 37.698 37.685 37.56 37.525 37.513 37.36 37.365 37.398 37.375 37.365 37.265 37.168 37.108 37.108 37.24 37.31 37.26 37.285 37.313 37.293 37.283 37.273 37.29 37.28 37.218 37.12 36.938 36.83 36.848 36.88 37.088 37.38 37.51 37.588 37.848 38.008 37.963 37.88 37.908 37.908 37.815 37.788 37.805 37.748 37.735 37.77 37.8 37.723 37.715 37.723 37.69 37.668 37.705 37.665 37.605 37.525 37.488 37.448 37.45 37.42 37.39 37.485 37.508 37.52
37.78 37.698 37.703 37.668 37.613 37.62 37.723 37.733 37.683 37.63 37.555 37.483 37.545 37.478 37.45 37.44 37.443 37.415 37.285 37.16 37.155 37.178 37.233 37.268 37.245 37.303 37.318 37.308 37.298 37.29 37.308 37.415 37.415 37.378 37.195 36.825 36.843 36.98 37.225 37.475 37.55 37.693 37.885 37.91 37.845 37.845 37.888 37.905 37.873 37.85 37.89 37.788 37.723 37.718 37.783 37.753 37.763 37.753 37.743 37.768 37.768 37.775 37.728 37.648 37.57 37.518 37.5 37.448 37.51 37.563 37.585 37.593
37.753 37.758 37.755 37.675 37.62 37.683 37.778 37.753 37.753 37.723 37.685 37.583 37.563 37.52 37.508 37.493 37.473 37.44 37.328 37.198 37.138 37.163 37.255 37.265 37.275 37.263 37.3 37.235 37.29 37.363 37.448 37.505 37.483 37.363 37.268 36.908 36.918 37.165 37.345 37.55 37.73 37.873 37.945 37.983 37.873 37.875 37.898 37.905 37.89 37.9 37.92 37.843 37.755 37.75 37.738 37.753 37.768 37.805 37.823 37.818 37.803 37.82 37.793 37.713 37.663 37.61 37.585 37.638 37.59 37.608 37.618 37.623
37.745 37.753 37.745 37.768 37.673 37.728 37.82 37.79 37.79 37.83 37.763 37.668 37.65 37.578 37.54 37.52 37.5 37.468 37.375 37.243 37.17 37.178 37.268 37.325 37.323 37.345 37.345 37.278 37.333 37.518 37.563 37.57 37.615 37.523 37.365 37.198 37.133 37.323 37.405 37.65 38.005 37.948 38.005 38.085 37.988 37.898 37.865 37.895 37.913 37.95 37.943 37.89 37.883 37.863 37.81 37.815 37.785 37.813 37.843 37.84 37.855 37.87 37.833 37.755 37.728 37.663 37.675 37.693 37.648 37.653 37.603 37.618
37.733 37.728 37.72 37.713 37.728 37.798 37.85 37.853 37.89 37.915 37.895 37.81 37.728 37.643 37.608 37.553 37.52 37.463 37.38 37.258 37.19 37.258 37.315 37.35 37.363 37.368 37.4 37.505 37.56 37.61 37.645 37.763 37.788 37.823 37.695 37.42 37.278 37.303 37.31 37.693 38.065 38.05 38.105 38.095 37.995 37.905 37.913 37.9 37.905 37.893 37.935 37.913 37.835 37.88 37.86 37.91 37.865 37.808 37.838 37.835 37.87 37.933 37.843 37.803 37.748 37.725 37.705 37.663 37.568 37.505 37.598 37.64
37.8 37.745 37.755 37.753 37.83 37.855 37.883 37.928 37.925 37.955 37.97 37.935 37.895 37.768 37.645 37.615 37.545 37.513 37.388 37.298 37.28 37.325 37.343 37.418 37.435 37.393 37.495 37.62 37.673 37.693 37.75 37.818 37.86 37.9 37.96 37.878 37.508 37.288 37.393 37.768 38.063 38.128 38.113 38.108 38.038 37.988 37.958 37.958 37.93 37.898 37.938 37.923 37.89 37.905 37.863 37.935 37.885 37.868 37.873 37.87 37.918 37.938 37.865 37.845 37.813 37.805 37.695 37.643 37.63 37.648 37.693 37.683
37.805 37.75 37.768 37.813 37.868 37.915 37.93 37.988 37.983 37.973 37.978 37.983 37.953 37.885 37.78 37.69 37.623 37.53 37.405 37.358 37.285 37.37 37.445 37.48 37.485 37.48 37.573 37.648 37.738 37.805 37.825 37.898 37.935 37.97 38.023 38.165 38.063 37.683 37.748 38.058 38.115 38.128 38.13 38.118 38.09 38.05 38.025 37.99 37.995 37.95 37.973 37.963 37.938 37.945 37.983 37.98 37.923 37.925 37.96 37.88 37.945 37.875 37.888 37.873 37.865 37.858 37.733 37.608 37.675 37.758 37.745 37.738
37.795 37.78 37.785 37.855 37.88 37.915 37.975 37.963 37.985 37.958 37.973 37.98 37.955 37.983 37.968 37.875 37.7 37.545 37.443 37.365 37.35 37.44 37.525 37.548 37.56 37.6 37.648 37.713 37.81 37.905 38.113 38.113 38.055 38.038 38.138 38.203 38.16 38.14 38.138 38.11 38.105 38.115 38.128 38.125 38.09 38.09 38.075 38.055 38.06 38.008 37.978 37.96 37.918 37.923 38.045 38.045 38.09 38.043 37.995 37.915 37.868 37.895 37.868 37.855 37.855 37.91 37.913 37.795 37.833 37.89 37.878 37.828
37.78 37.765 37.803 37.895 37.875 37.87 37.935 37.94 37.96 37.958 37.968 37.98 37.973 37.998 37.958 37.9 37.74 37.545 37.483 37.42 37.41 37.523 37.548 37.63 37.653 37.675 37.735 37.838 37.935 38.113 38.21 38.208 38.213 38.205 38.203 38.193 38.173 38.11 38.103 38.08 38.108 38.133 38.118 38.128 38.11 38.133 38.13 38.093 38.12 38.075 37.97 37.935 37.918 37.943 38.01 38.028 38.073 38.055 38.003 37.94 37.925 37.918 37.893 37.89 37.898 37.943 38.055 38.138 38.02 38.063 38.01 37.96
37.783 37.785 37.86 37.943 37.948 37.905 37.923 37.913 37.98 37.968 37.97 37.98 38.003 38.005 37.958 37.88 37.76 37.64 37.5 37.415 37.438 37.555 37.593 37.655 37.733 37.755 37.79 37.895 37.95 38.088 38.198 38.2 38.215 38.205 38.19 38.193 38.2 38.155 38.14 38.105 38.133 38.133 38.108 38.113 38.113 38.073 38.113 38.145 38.145 38.08 38.028 37.98 37.973 37.97 37.963 38.04 38.1 38.055 37.988 37.935 37.92 37.925 37.915 37.935 37.968 38.043 38.26 38.328 38.27 38.22 38.193 38.165
37.74 37.81 37.893 37.958 37.95 37.948 37.96 38 38.005 37.983 37.978 37.99 38.02 37.995 37.963 37.853 37.738 37.64 37.535 37.438 37.485 37.68 37.718 37.73 37.793 37.823 37.855 37.968 37.98 38.08 38.17 38.183 38.198 38.203 38.19 38.175 38.143 38.138 38.163 38.153 38.14 38.115 38.078 38.1 38.098 38.058 38.045 38.035 38.068 38.08 38.118 38.068 38.02 38.005 38.048 38.125 38.168 38.115 38.035 38.053 38.055 38 37.965 37.988 38.055 38.195 38.303 38.298 38.28 38.218 38.208 38.243
37.753 37.783 37.828 37.928 37.908 37.943 38.005 38.008 37.98 37.943 37.928 38.028 37.98 37.965 37.943 37.84 37.67 37.638 37.58 37.468 37.553 37.735 37.765 37.76 37.84 37.863 37.915 38.003 38.085 38.14 38.17 38.163 38.175 38.185 38.19 38.158 38.06 38.09 38.11 38.125 38.123 38.123 38.118 38.148 38.043 38.063 38.065 38.05 38.048 38.105 38.18 38.13 38.053 38.048 38.055 38.125 38.15 38.108 38.1 38.13 38.163 38.13 38.043 38.093 38.12 38.193 38.195 38.215 38.243 38.245 38.225 38.238
