LIDAR/se2785_DTM_2M.asc
ncols 500
nrows 500
xllcorner    427000
yllcorner    485000
cellsize     2
NODATA_value -9999
[rows 32 to 63 of 500, columns 144 to 215 of 500]
31.623 31.633 31.62 31.63 31.625 31.69 31.668 31.648 31.615 31.635 31.663 31.688 31.68 31.708 31.718 31.69 31.663 31.663 31.643 31.615 31.62 31.613 31.59 31.568 31.538 31.495 31.47 31.508 31.45 31.428 31.433 31.453 31.458 31.433 31.448 31.488 31.503 31.543 31.573 31.553 31.593 31.625 31.643 31.668 31.695 31.67 31.675 31.68 31.715 31.69 31.678 31.725 31.76 31.77 31.773 31.77 31.75 31.773 31.795 31.828 31.843 31.893 31.915 31.885 31.905 31.895 31.888 31.875 31.86 31.903 31.878 31.828
31.6 31.598 31.568 31.575 31.573 31.628 31.623 31.623 31.628 31.655 31.65 31.68 31.663 31.655 31.668 31.683 31.635 31.663 31.655 31.605 31.603 31.588 31.593 31.55 31.563 31.523 31.528 31.518 31.465 31.443 31.44 31.448 31.4 31.428 31.473 31.488 31.503 31.543 31.585 31.535 31.575 31.623 31.605 31.633 31.68 31.635 31.665 31.683 31.65 31.67 31.693 31.673 31.71 31.72 31.7 31.725 31.705 31.73 31.743 31.768 31.835 31.87 31.878 31.863 31.86 31.87 31.865 31.85 31.843 31.858 31.84 31.803
31.553 31.528 31.545 31.543 31.54 31.58 31.603 31.593 31.593 31.6 31.6 31.595 31.65 31.658 31.653 31.675 31.643 31.628 31.645 31.573 31.593 31.605 31.618 31.573 31.583 31.565 31.54 31.5 31.485 31.435 31.45 31.463 31.425 31.44 31.47 31.493 31.488 31.533 31.55 31.55 31.565 31.608 31.618 31.598 31.663 31.648 31.618 31.678 31.653 31.643 31.673 31.638 31.668 31.673 31.7 31.678 31.733 31.695 31.703 31.738 31.8 31.823 31.813 31.823 31.86 31.853 31.845 31.878 31.853 31.87 31.843 31.805
31.505 31.498 31.503 31.53 31.55 31.55 31.56 31.57 31.55 31.583 31.58 31.58 31.593 31.633 31.643 31.638 31.648 31.625 31.618 31.608 31.595 31.6 31.618 31.588 31.57 31.595 31.545 31.52 31.52 31.443 31.438 31.465 31.453 31.43 31.498 31.478 31.485 31.52 31.54 31.568 31.555 31.58 31.593 31.588 31.65 31.643 31.648 31.625 31.623 31.623 31.658 31.663 31.64 31.66 31.668 31.663 31.68 31.683 31.683 31.695 31.748 31.78 31.81 31.83 31.855 31.845 31.828 31.85 31.853 31.86 31.863 31.87
31.478 31.48 31.505 31.51 31.523 31.523 31.528 31.548 31.575 31.595 31.585 31.588 31.575 31.563 31.62 31.6 31.605 31.62 31.595 31.623 31.61 31.59 31.603 31.603 31.6 31.6 31.538 31.508 31.503 31.478 31.448 31.453 31.475 31.423 31.463 31.48 31.475 31.513 31.533 31.53 31.538 31.548 31.59 31.578 31.578 31.628 31.618 31.64 31.635 31.615 31.625 31.625 31.605 31.65 31.633 31.633 31.628 31.683 31.64 31.645 31.683 31.75 31.79 31.803 31.815 31.813 31.778 31.845 31.87 31.82 31.833 31.858
31.45 31.465 31.475 31.488 31.493 31.498 31.495 31.498 31.518 31.56 31.573 31.575 31.53 31.553 31.598 31.598 31.63 31.628 31.643 31.65 31.598 31.595 31.615 31.588 31.605 31.585 31.585 31.538 31.548 31.503 31.453 31.453 31.468 31.475 31.468 31.5 31.5 31.483 31.52 31.53 31.528 31.528 31.565 31.543 31.568 31.593 31.595 31.628 31.653 31.615 31.613 31.613 31.6 31.618 31.633 31.618 31.645 31.625 31.648 31.64 31.643 31.71 31.75 31.748 31.765 31.8 31.78 31.793 31.825 31.805 31.81 31.79
31.42 31.468 31.458 31.473 31.475 31.503 31.483 31.498 31.513 31.543 31.555 31.55 31.563 31.595 31.608 31.578 31.63 31.62 31.638 31.623 31.593 31.578 31.605 31.623 31.625 31.593 31.605 31.545 31.508 31.503 31.47 31.463 31.458 31.483 31.478 31.513 31.508 31.488 31.483 31.505 31.498 31.503 31.528 31.53 31.533 31.548 31.57 31.61 31.618 31.61 31.583 31.578 31.593 31.6 31.6 31.62 31.598 31.588 31.615 31.623 31.633 31.663 31.705 31.725 31.75 31.76 31.743 31.758 31.8 31.773 31.78 31.798
31.408 31.433 31.445 31.463 31.47 31.503 31.485 31.508 31.495 31.515 31.543 31.545 31.503 31.555 31.578 31.593 31.61 31.588 31.633 31.63 31.63 31.625 31.605 31.598 31.613 31.573 31.605 31.57 31.488 31.475 31.465 31.455 31.445 31.48 31.46 31.47 31.48 31.463 31.475 31.528 31.52 31.51 31.508 31.53 31.49 31.535 31.588 31.585 31.61 31.618 31.588 31.553 31.565 31.59 31.57 31.58 31.57 31.598 31.613 31.623 31.61 31.618 31.65 31.678 31.708 31.765 31.775 31.758 31.793 31.763 31.743 31.74
31.42 31.43 31.4 31.425 31.435 31.47 31.513 31.485 31.493 31.528 31.545 31.555 31.54 31.528 31.58 31.578 31.558 31.59 31.633 31.608 31.64 31.605 31.613 31.608 31.635 31.538 31.578 31.56 31.523 31.485 31.47 31.43 31.42 31.445 31.43 31.433 31.48 31.46 31.458 31.453 31.503 31.5 31.465 31.478 31.483 31.495 31.573 31.578 31.57 31.588 31.595 31.568 31.583 31.585 31.588 31.583 31.578 31.605 31.553 31.568 31.558 31.598 31.608 31.623 31.67 31.715 31.708 31.745 31.753 31.74 31.748 31.718
31.393 31.403 31.393 31.418 31.423 31.44 31.478 31.458 31.46 31.498 31.53 31.53 31.54 31.528 31.593 31.608 31.598 31.623 31.635 31.643 31.628 31.595 31.61 31.633 31.658 31.558 31.545 31.573 31.538 31.503 31.463 31.428 31.425 31.408 31.395 31.413 31.455 31.45 31.43 31.425 31.478 31.478 31.453 31.453 31.473 31.505 31.53 31.558 31.583 31.603 31.6 31.573 31.563 31.55 31.558 31.578 31.573 31.57 31.578 31.555 31.56 31.55 31.608 31.615 31.653 31.678 31.718 31.705 31.725 31.72 31.735 31.688
31.37 31.37 31.423 31.408 31.423 31.43 31.44 31.448 31.46 31.48 31.478 31.553 31.575 31.555 31.56 31.593 31.608 31.588 31.61 31.593 31.605 31.585 31.585 31.593 31.623 31.595 31.53 31.535 31.515 31.495 31.463 31.425 31.4 31.395 31.405 31.413 31.4 31.403 31.41 31.393 31.41 31.445 31.455 31.45 31.453 31.483 31.513 31.538 31.553 31.575 31.573 31.575 31.588 31.533 31.525 31.563 31.55 31.545 31.568 31.553 31.56 31.57 31.593 31.62 31.658 31.645 31.678 31.685 31.728 31.705 31.725 31.725
31.358 31.37 31.388 31.37 31.41 31.445 31.445 31.438 31.46 31.488 31.5 31.548 31.563 31.56 31.523 31.583 31.583 31.558 31.583 31.57 31.605 31.578 31.595 31.603 31.6 31.57 31.508 31.485 31.493 31.445 31.433 31.423 31.373 31.405 31.413 31.393 31.418 31.4 31.375 31.365 31.37 31.413 31.425 31.425 31.44 31.453 31.478 31.518 31.525 31.593 31.573 31.595 31.585 31.563 31.553 31.54 31.548 31.53 31.558 31.558 31.575 31.598 31.585 31.573 31.668 31.64 31.663 31.69 31.68 31.693 31.76 31.738
31.318 31.35 31.348 31.363 31.423 31.423 31.428 31.445 31.478 31.49 31.485 31.5 31.543 31.548 31.525 31.555 31.545 31.533 31.575 31.573 31.598 31.588 31.608 31.56 31.545 31.543 31.488 31.48 31.475 31.43 31.423 31.418 31.383 31.348 31.375 31.358 31.385 31.378 31.375 31.375 31.355 31.393 31.435 31.435 31.458 31.455 31.48 31.538 31.553 31.6 31.605 31.645 31.6 31.585 31.563 31.548 31.558 31.543 31.533 31.568 31.545 31.595 31.588 31.57 31.628 31.64 31.678 31.698 31.708 31.715 31.75 31.74
31.298 31.39 31.353 31.388 31.403 31.42 31.435 31.458 31.45 31.478 31.44 31.478 31.51 31.495 31.483 31.535 31.493 31.53 31.525 31.55 31.563 31.555 31.52 31.505 31.513 31.543 31.505 31.458 31.485 31.458 31.413 31.415 31.35 31.335 31.363 31.358 31.378 31.368 31.4 31.343 31.345 31.363 31.4 31.41 31.425 31.493 31.493 31.568 31.555 31.623 31.643 31.645 31.615 31.61 31.58 31.558 31.553 31.538 31.525 31.563 31.558 31.56 31.58 31.583 31.635 31.678 31.693 31.688 31.69 31.713 31.778 31.793
31.328 31.333 31.325 31.32 31.345 31.39 31.408 31.45 31.445 31.465 31.453 31.443 31.473 31.47 31.483 31.493 31.508 31.51 31.51 31.545 31.548 31.52 31.51 31.483 31.503 31.513 31.498 31.448 31.475 31.445 31.408 31.388 31.388 31.373 31.37 31.34 31.348 31.365 31.345 31.348 31.343 31.37 31.41 31.413 31.448 31.52 31.538 31.58 31.633 31.635 31.643 31.695 31.65 31.655 31.613 31.573 31.58 31.58 31.573 31.558 31.573 31.543 31.588 31.59 31.63 31.638 31.718 31.718 31.733 31.738 31.773 31.793
31.3 31.318 31.345 31.305 31.333 31.34 31.343 31.45 31.458 31.455 31.453 31.485 31.468 31.473 31.485 31.463 31.5 31.503 31.495 31.518 31.485 31.475 31.488 31.455 31.46 31.46 31.445 31.433 31.463 31.455 31.445 31.38 31.413 31.368 31.335 31.373 31.37 31.37 31.345 31.348 31.328 31.385 31.47 31.42 31.48 31.535 31.57 31.605 31.66 31.648 31.678 31.698 31.68 31.67 31.64 31.588 31.588 31.598 31.553 31.583 31.598 31.593 31.603 31.585 31.618 31.645 31.69 31.73 31.76 31.745 31.788 31.825
31.328 31.335 31.3 31.31 31.325 31.35 31.348 31.398 31.418 31.45 31.425 31.465 31.428 31.463 31.483 31.46 31.458 31.49 31.468 31.51 31.495 31.508 31.49 31.47 31.43 31.458 31.45 31.423 31.453 31.45 31.425 31.4 31.4 31.375 31.345 31.365 31.353 31.343 31.355 31.37 31.335 31.4 31.47 31.478 31.508 31.565 31.638 31.628 31.69 31.695 31.723 31.713 31.703 31.71 31.663 31.658 31.598 31.65 31.61 31.558 31.605 31.625 31.613 31.63 31.65 31.67 31.695 31.743 31.75 31.743 31.805 31.808
31.33 31.333 31.28 31.315 31.293 31.333 31.35 31.37 31.405 31.378 31.395 31.375 31.438 31.45 31.438 31.458 31.473 31.458 31.448 31.478 31.513 31.515 31.49 31.485 31.448 31.45 31.465 31.465 31.45 31.483 31.403 31.388 31.358 31.355 31.335 31.403 31.388 31.345 31.415 31.433 31.41 31.435 31.5 31.545 31.55 31.633 31.66 31.668 31.71 31.73 31.738 31.775 31.775 31.768 31.725 31.698 31.635 31.64 31.635 31.613 31.633 31.625 31.643 31.648 31.633 31.67 31.715 31.73 31.745 31.738 31.743 31.78
31.283 31.288 31.268 31.265 31.278 31.295 31.323 31.343 31.365 31.39 31.378 31.408 31.403 31.435 31.445 31.46 31.458 31.475 31.455 31.503 31.513 31.513 31.52 31.543 31.485 31.453 31.46 31.468 31.433 31.438 31.448 31.42 31.418 31.38 31.38 31.388 31.375 31.398 31.418 31.478 31.493 31.478 31.525 31.608 31.66 31.698 31.72 31.748 31.735 31.76 31.798 31.823 31.83 31.83 31.8 31.745 31.703 31.678 31.673 31.663 31.658 31.653 31.653 31.685 31.665 31.685 31.725 31.738 31.77 31.77 31.74 31.813
31.275 31.265 31.243 31.233 31.255 31.288 31.298 31.318 31.358 31.37 31.358 31.435 31.445 31.468 31.448 31.443 31.488 31.545 31.508 31.495 31.51 31.525 31.515 31.513 31.503 31.435 31.483 31.49 31.435 31.468 31.468 31.435 31.44 31.41 31.403 31.43 31.425 31.458 31.438 31.52 31.495 31.525 31.61 31.643 31.69 31.715 31.778 31.818 31.82 31.83 31.853 31.87 31.888 31.875 31.843 31.838 31.79 31.75 31.723 31.708 31.685 31.655 31.665 31.698 31.7 31.705 31.713 31.738 31.74 31.745 31.773 31.788
31.248 31.268 31.27 31.273 31.26 31.293 31.273 31.29 31.333 31.358 31.393 31.443 31.46 31.488 31.49 31.47 31.488 31.513 31.508 31.493 31.505 31.535 31.515 31.498 31.513 31.488 31.5 31.488 31.458 31.483 31.49 31.468 31.445 31.408 31.418 31.448 31.468 31.51 31.505 31.568 31.618 31.628 31.663 31.713 31.748 31.79 31.84 31.905 31.893 31.928 31.973 31.97 31.975 31.968 31.938 31.933 31.875 31.803 31.805 31.768 31.745 31.723 31.728 31.725 31.745 31.75 31.733 31.735 31.74 31.723 31.758 31.798
31.213 31.21 31.253 31.245 31.223 31.265 31.293 31.26 31.343 31.375 31.37 31.42 31.433 31.463 31.503 31.488 31.49 31.518 31.535 31.52 31.533 31.525 31.52 31.553 31.545 31.483 31.49 31.515 31.478 31.49 31.518 31.51 31.488 31.458 31.47 31.513 31.515 31.55 31.555 31.613 31.673 31.743 31.755 31.798 31.823 31.885 31.933 32 32.013 32 32.045 32.048 32.028 32.045 32.015 31.99 31.965 31.898 31.86 31.818 31.78 31.755 31.778 31.758 31.773 31.765 31.758 31.758 31.763 31.77 31.753 31.808
31.203 31.195 31.235 31.24 31.233 31.258 31.28 31.288 31.348 31.368 31.415 31.423 31.46 31.483 31.5 31.495 31.52 31.508 31.57 31.543 31.528 31.525 31.53 31.535 31.52 31.51 31.478 31.525 31.51 31.508 31.518 31.545 31.515 31.488 31.548 31.56 31.548 31.618 31.668 31.693 31.773 31.81 31.845 31.863 31.963 31.97 32.023 32.063 32.103 32.09 32.108 32.12 32.148 32.158 32.115 32.103 32.065 31.978 31.948 31.9 31.883 31.82 31.833 31.84 31.81 31.79 31.793 31.793 31.813 31.828 31.79 31.805
31.188 31.203 31.193 31.23 31.263 31.258 31.29 31.323 31.328 31.36 31.428 31.408 31.468 31.488 31.49 31.525 31.545 31.533 31.528 31.52 31.528 31.535 31.548 31.538 31.518 31.573 31.505 31.515 31.52 31.525 31.56 31.603 31.545 31.53 31.595 31.595 31.628 31.673 31.765 31.758 31.82 31.853 31.93 31.95 32.048 32.085 32.09 32.133 32.215 32.195 32.223 32.235 32.21 32.238 32.205 32.188 32.148 32.078 31.985 31.975 31.943 31.86 31.875 31.87 31.843 31.838 31.83 31.833 31.84 31.85 31.845 31.838
31.223 31.173 31.198 31.2 31.21 31.253 31.258 31.303 31.288 31.385 31.423 31.43 31.453 31.468 31.513 31.52 31.54 31.548 31.533 31.555 31.515 31.503 31.528 31.54 31.535 31.538 31.498 31.518 31.548 31.553 31.555 31.6 31.61 31.595 31.655 31.668 31.695 31.725 31.835 31.845 31.903 31.945 32.013 32.035 32.073 32.168 32.22 32.22 32.31 32.338 32.338 32.34 32.355 32.313 32.305 32.278 32.253 32.185 32.098 32.07 32.04 31.963 31.923 31.903 31.835 31.89 31.855 31.87 31.885 31.848 31.85 31.87
31.158 31.188 31.183 31.185 31.195 31.24 31.283 31.295 31.285 31.388 31.39 31.435 31.463 31.508 31.505 31.513 31.525 31.528 31.51 31.52 31.53 31.523 31.518 31.505 31.535 31.543 31.538 31.513 31.548 31.53 31.555 31.63 31.663 31.633 31.698 31.768 31.783 31.803 31.91 31.92 31.998 32.07 32.118 32.168 32.19 32.268 32.305 32.34 32.385 32.4 32.423 32.435 32.438 32.41 32.423 32.383 32.325 32.305 32.215 32.133 32.07 32.055 32.01 31.96 31.9 31.908 31.918 31.885 31.895 31.89 31.863 31.868
31.14 31.19 31.188 31.195 31.208 31.243 31.278 31.283 31.285 31.343 31.368 31.433 31.468 31.493 31.488 31.52 31.528 31.515 31.493 31.508 31.56 31.523 31.525 31.5 31.508 31.52 31.54 31.53 31.58 31.623 31.625 31.643 31.75 31.748 31.763 31.85 31.88 31.913 31.948 32.013 32.073 32.118 32.14 32.248 32.28 32.335 32.408 32.41 32.423 32.455 32.475 32.503 32.508 32.493 32.493 32.488 32.403 32.378 32.265 32.2 32.14 32.11 32.053 32.025 31.963 31.933 31.94 31.938 31.92 31.925 31.915 31.905
31.12 31.163 31.168 31.178 31.17 31.185 31.24 31.258 31.288 31.295 31.345 31.41 31.455 31.463 31.455 31.463 31.508 31.523 31.485 31.49 31.535 31.568 31.52 31.525 31.52 31.55 31.543 31.57 31.618 31.66 31.688 31.68 31.748 31.82 31.843 31.94 31.98 32.005 32.005 32.105 32.143 32.198 32.253 32.318 32.355 32.435 32.47 32.483 32.503 32.563 32.573 32.57 32.595 32.543 32.54 32.56 32.503 32.448 32.395 32.325 32.195 32.168 32.113 32.043 32.015 31.985 31.95 31.963 31.96 31.955 31.93 31.948
31.108 31.138 31.185 31.158 31.168 31.203 31.253 31.24 31.273 31.313 31.323 31.39 31.403 31.438 31.475 31.485 31.493 31.5 31.488 31.478 31.505 31.545 31.535 31.523 31.51 31.543 31.57 31.595 31.64 31.705 31.73 31.76 31.853 31.843 31.91 31.96 32.018 32.08 32.108 32.22 32.23 32.28 32.375 32.41 32.435 32.483 32.593 32.57 32.603 32.61 32.648 32.64 32.69 32.598 32.59 32.628 32.58 32.52 32.5 32.408 32.265 32.198 32.168 32.088 32.075 32.02 31.945 31.975 32.005 32.02 31.985 31.983
31.118 31.143 31.13 31.163 31.205 31.15 31.208 31.22 31.265 31.283 31.328 31.348 31.385 31.4 31.44 31.473 31.475 31.478 31.485 31.468 31.51 31.553 31.555 31.528 31.543 31.573 31.625 31.648 31.68 31.75 31.8 31.83 31.898 31.943 31.988 32.058 32.098 32.14 32.22 32.26 32.305 32.37 32.48 32.518 32.523 32.565 32.613 32.63 32.668 32.69 32.723 32.725 32.72 32.73 32.693 32.685 32.66 32.618 32.543 32.458 32.375 32.263 32.23 32.15 32.12 32.033 32.003 32.035 32.053 32.048 32.008 32.005
31.118 31.128 31.14 31.158 31.145 31.163 31.195 31.225 31.245 31.258 31.313 31.328 31.34 31.383 31.413 31.435 31.453 31.47 31.5 31.5 31.5 31.54 31.563 31.548 31.575 31.62 31.65 31.68 31.72 31.775 31.853 31.888 31.948 32.018 32.053 32.113 32.153 32.248 32.308 32.34 32.395 32.453 32.508 32.573 32.585 32.61 32.66 32.663 32.72 32.745 32.76 32.755 32.775 32.765 32.76 32.72 32.71 32.643 32.59 32.515 32.43 32.345 32.268 32.218 32.143 32.118 32.063 32.05 32.093 32.08 32.063 32.035
31.11 31.103 31.133 31.153 31.173 31.193 31.208 31.193 31.215 31.268 31.255 31.29 31.308 31.368 31.373 31.408 31.428 31.438 31.513 31.508 31.513 31.573 31.615 31.62 31.6 31.64 31.68 31.713 31.77 31.82 31.91 31.995 31.998 32.063 32.135 32.173 32.225 32.318 32.348 32.42 32.493 32.505 32.568 32.635 32.638 32.665 32.698 32.733 32.75 32.793 32.808 32.79 32.77 32.795 32.798 32.77 32.763 32.733 32.63 32.555 32.488 32.4 32.338 32.255 32.183 32.18 32.108 32.068 32.08 32.088 32.108 32.095
