LIDAR/se2786_DTM_2M.asc
ncols 500
nrows 500
xllcorner    427000
yllcorner    486000
cellsize     2
NODATA_value -9999
[rows 320 to 351 of 500, columns 219 to 291 of 500]
29.518 29.458 29.378 29.365 29.315 29.24 29.22 29.19 29.215 29.17 29.228 29.225 29.21 29.223 29.22 29.228 29.22 29.153 29.128 29.088 29.12 29.078 29.088 29.098 29.07 29.083 29.095 29.025 29.015 28.983 28.985 28.995 28.993 29.01 29.058 29.125 29.15 29.158 29.188 29.165 29.193 29.193 29.208 29.213 29.185 29.21 29.208 29.195 29.19 29.185 29.175 29.168 29.153 29.13 29.11 29.138 29.16 29.143 29.135 29.11 29.105 29.108 29.1 29.06 29.045 29.083 29.058 29.01 29.003 28.978 29.005 28.985 28.96
29.578 29.5 29.463 29.425 29.34 29.308 29.255 29.245 29.23 29.225 29.253 29.253 29.253 29.243 29.25 29.245 29.238 29.153 29.115 29.138 29.093 29.098 29.085 29.095 29.05 29.053 29.048 29.015 29.038 29.013 28.99 28.97 29.003 29.038 29.053 29.118 29.12 29.16 29.198 29.183 29.198 29.188 29.23 29.205 29.223 29.213 29.228 29.205 29.165 29.17 29.168 29.168 29.158 29.13 29.13 29.16 29.148 29.143 29.14 29.108 29.12 29.108 29.093 29.088 29.068 29.085 29.068 29.015 29.02 28.973 29.013 28.998 28.943
29.635 29.59 29.535 29.495 29.42 29.328 29.313 29.283 29.283 29.26 29.278 29.323 29.315 29.275 29.265 29.268 29.235 29.193 29.15 29.145 29.113 29.113 29.09 29.083 29.083 29.053 29.09 29.07 29.048 29.025 28.985 28.99 29.003 29.04 29.063 29.105 29.11 29.195 29.203 29.19 29.245 29.223 29.235 29.228 29.223 29.238 29.225 29.195 29.178 29.218 29.195 29.178 29.185 29.15 29.138 29.143 29.13 29.165 29.15 29.133 29.165 29.128 29.128 29.098 29.093 29.078 29.095 29.078 29.018 29 28.998 28.975 28.983
29.738 29.688 29.63 29.56 29.513 29.415 29.4 29.353 29.33 29.28 29.293 29.325 29.315 29.305 29.333 29.318 29.253 29.213 29.168 29.163 29.133 29.118 29.088 29.053 29.088 29.068 29.068 29.09 29.055 29.035 29.028 28.963 28.995 29.045 29.055 29.125 29.155 29.19 29.2 29.213 29.265 29.208 29.2 29.223 29.225 29.22 29.228 29.213 29.213 29.248 29.205 29.195 29.188 29.15 29.148 29.153 29.15 29.175 29.158 29.16 29.165 29.168 29.113 29.123 29.123 29.115 29.1 29.093 29.085 29.058 29.045 29.013 29.003
29.818 29.758 29.715 29.625 29.553 29.498 29.465 29.445 29.4 29.353 29.405 29.39 29.353 29.343 29.355 29.32 29.26 29.235 29.155 29.135 29.128 29.138 29.11 29.088 29.093 29.093 29.098 29.095 29.058 29.01 29.005 29.005 29.043 29.073 29.143 29.135 29.138 29.195 29.205 29.228 29.235 29.238 29.213 29.245 29.243 29.23 29.238 29.2 29.19 29.228 29.235 29.17 29.15 29.16 29.19 29.203 29.193 29.2 29.183 29.185 29.188 29.155 29.15 29.14 29.145 29.085 29.135 29.11 29.088 29.08 29.055 29.048 29.008
29.893 29.863 29.79 29.728 29.64 29.57 29.525 29.498 29.458 29.418 29.433 29.425 29.4 29.375 29.365 29.328 29.293 29.235 29.213 29.18 29.138 29.15 29.175 29.123 29.108 29.125 29.105 29.135 29.083 29.025 29.028 29.053 29.065 29.088 29.118 29.09 29.155 29.208 29.235 29.265 29.235 29.255 29.288 29.245 29.25 29.268 29.223 29.188 29.223 29.215 29.225 29.218 29.193 29.165 29.2 29.205 29.22 29.185 29.2 29.225 29.218 29.145 29.168 29.16 29.173 29.098 29.123 29.125 29.145 29.125 29.058 29.05 29.038
29.948 29.923 29.873 29.765 29.685 29.668 29.615 29.58 29.54 29.48 29.473 29.46 29.445 29.418 29.408 29.39 29.355 29.28 29.26 29.238 29.245 29.195 29.208 29.208 29.158 29.16 29.113 29.12 29.148 29.105 29.1 29.078 29.13 29.135 29.163 29.115 29.163 29.238 29.265 29.25 29.24 29.245 29.298 29.285 29.278 29.28 29.24 29.228 29.238 29.27 29.228 29.218 29.173 29.2 29.243 29.243 29.245 29.235 29.263 29.258 29.208 29.2 29.19 29.185 29.15 29.143 29.128 29.133 29.143 29.12 29.1 29.098 29.098
30.008 30.003 29.96 29.873 29.803 29.748 29.708 29.655 29.605 29.54 29.543 29.478 29.458 29.455 29.45 29.395 29.363 29.315 29.285 29.27 29.255 29.285 29.255 29.22 29.203 29.213 29.168 29.165 29.123 29.118 29.13 29.113 29.135 29.138 29.143 29.19 29.223 29.29 29.29 29.303 29.328 29.315 29.33 29.328 29.36 29.338 29.263 29.248 29.265 29.268 29.255 29.245 29.22 29.24 29.26 29.273 29.233 29.253 29.283 29.263 29.188 29.223 29.208 29.23 29.183 29.163 29.168 29.183 29.163 29.18 29.148 29.148 29.143
30.088 30.07 29.978 29.918 29.893 29.833 29.793 29.733 29.663 29.623 29.613 29.545 29.48 29.488 29.473 29.455 29.393 29.353 29.338 29.335 29.348 29.308 29.28 29.258 29.27 29.255 29.185 29.203 29.195 29.148 29.15 29.155 29.143 29.145 29.19 29.223 29.273 29.313 29.36 29.363 29.358 29.345 29.388 29.375 29.375 29.41 29.338 29.338 29.335 29.323 29.298 29.28 29.268 29.268 29.28 29.268 29.285 29.285 29.3 29.303 29.23 29.263 29.24 29.265 29.25 29.203 29.18 29.243 29.23 29.198 29.183 29.15 29.173
30.175 30.128 30.06 30.01 29.975 29.893 29.835 29.773 29.738 29.69 29.653 29.608 29.558 29.533 29.508 29.495 29.425 29.408 29.423 29.41 29.378 29.363 29.338 29.308 29.29 29.29 29.225 29.193 29.188 29.155 29.125 29.19 29.175 29.188 29.225 29.268 29.323 29.345 29.35 29.36 29.408 29.435 29.383 29.388 29.428 29.423 29.38 29.38 29.388 29.37 29.368 29.328 29.308 29.33 29.325 29.318 29.308 29.335 29.355 29.308 29.318 29.32 29.295 29.293 29.32 29.288 29.255 29.273 29.245 29.213 29.22 29.223 29.218
30.225 30.193 30.165 30.11 30.018 29.913 29.903 29.868 29.795 29.713 29.705 29.66 29.633 29.588 29.52 29.54 29.495 29.47 29.468 29.453 29.443 29.403 29.373 29.363 29.345 29.328 29.253 29.23 29.208 29.183 29.195 29.208 29.203 29.235 29.308 29.288 29.363 29.363 29.405 29.45 29.478 29.47 29.458 29.475 29.49 29.458 29.423 29.393 29.403 29.405 29.403 29.333 29.318 29.358 29.36 29.333 29.36 29.363 29.375 29.358 29.388 29.375 29.343 29.31 29.34 29.36 29.325 29.293 29.323 29.303 29.31 29.265 29.258
30.313 30.265 30.223 30.173 30.103 30.04 29.998 29.93 29.838 29.798 29.748 29.7 29.7 29.645 29.623 29.585 29.57 29.56 29.513 29.498 29.443 29.428 29.408 29.408 29.41 29.333 29.285 29.288 29.233 29.208 29.25 29.268 29.25 29.293 29.328 29.373 29.418 29.41 29.433 29.485 29.528 29.515 29.555 29.535 29.545 29.518 29.468 29.47 29.473 29.455 29.418 29.368 29.363 29.388 29.363 29.35 29.393 29.433 29.438 29.388 29.41 29.42 29.398 29.395 29.41 29.43 29.378 29.388 29.393 29.368 29.378 29.368 29.338
30.383 30.368 30.288 30.238 30.163 30.15 30.078 29.995 29.928 29.863 29.8 29.76 29.738 29.703 29.685 29.648 29.62 29.608 29.543 29.543 29.475 29.483 29.425 29.443 29.418 29.37 29.36 29.303 29.243 29.26 29.308 29.29 29.323 29.34 29.353 29.408 29.46 29.503 29.475 29.548 29.568 29.55 29.598 29.583 29.583 29.553 29.53 29.518 29.488 29.5 29.488 29.43 29.403 29.398 29.42 29.408 29.413 29.42 29.428 29.448 29.45 29.42 29.425 29.408 29.425 29.468 29.458 29.468 29.445 29.445 29.41 29.4 29.365
30.455 30.423 30.37 30.33 30.283 30.203 30.175 30.08 30.008 29.913 29.858 29.843 29.798 29.745 29.72 29.673 29.645 29.665 29.608 29.565 29.52 29.525 29.478 29.47 29.438 29.4 29.36 29.28 29.225 29.268 29.305 29.323 29.36 29.37 29.405 29.478 29.475 29.503 29.565 29.575 29.628 29.603 29.613 29.598 29.61 29.578 29.58 29.538 29.51 29.493 29.475 29.468 29.463 29.445 29.42 29.443 29.488 29.46 29.438 29.423 29.473 29.445 29.438 29.425 29.485 29.513 29.48 29.505 29.48 29.435 29.44 29.438 29.415
30.533 30.475 30.453 30.393 30.353 30.285 30.215 30.128 30.073 29.99 29.935 29.898 29.828 29.778 29.748 29.72 29.683 29.668 29.63 29.568 29.54 29.5 29.463 29.435 29.428 29.373 29.368 29.305 29.293 29.283 29.3 29.348 29.433 29.418 29.423 29.508 29.493 29.53 29.628 29.633 29.678 29.61 29.663 29.65 29.645 29.615 29.575 29.57 29.528 29.54 29.498 29.47 29.488 29.488 29.473 29.5 29.49 29.468 29.485 29.478 29.465 29.48 29.48 29.45 29.518 29.5 29.505 29.568 29.518 29.52 29.485 29.48 29.463
30.593 30.548 30.495 30.46 30.395 30.318 30.288 30.21 30.115 30.04 29.973 29.895 29.868 29.78 29.753 29.745 29.705 29.703 29.655 29.593 29.538 29.528 29.485 29.433 29.425 29.388 29.355 29.303 29.353 29.348 29.343 29.375 29.41 29.465 29.49 29.513 29.56 29.598 29.65 29.62 29.66 29.645 29.638 29.7 29.635 29.585 29.588 29.575 29.533 29.515 29.483 29.493 29.533 29.51 29.48 29.493 29.515 29.485 29.475 29.46 29.478 29.485 29.488 29.485 29.513 29.515 29.523 29.543 29.535 29.52 29.533 29.513 29.49
30.675 30.603 30.585 30.483 30.463 30.38 30.303 30.245 30.18 30.09 30.04 29.945 29.905 29.845 29.805 29.75 29.73 29.715 29.635 29.565 29.525 29.483 29.418 29.415 29.378 29.373 29.333 29.315 29.365 29.395 29.36 29.42 29.405 29.495 29.515 29.49 29.62 29.62 29.608 29.645 29.65 29.655 29.635 29.66 29.635 29.583 29.585 29.6 29.543 29.545 29.498 29.49 29.518 29.535 29.503 29.49 29.5 29.465 29.48 29.483 29.468 29.468 29.463 29.485 29.478 29.488 29.523 29.538 29.523 29.508 29.518 29.55 29.5
30.718 30.67 30.61 30.528 30.465 30.45 30.355 30.29 30.188 30.11 30.065 29.998 29.925 29.883 29.813 29.803 29.768 29.668 29.63 29.58 29.51 29.46 29.4 29.373 29.35 29.378 29.303 29.333 29.383 29.405 29.418 29.47 29.44 29.528 29.553 29.525 29.628 29.638 29.65 29.665 29.673 29.655 29.66 29.628 29.598 29.588 29.553 29.553 29.523 29.513 29.488 29.493 29.473 29.518 29.49 29.463 29.45 29.468 29.465 29.473 29.448 29.425 29.428 29.433 29.418 29.428 29.525 29.523 29.54 29.525 29.518 29.495 29.493
30.735 30.688 30.618 30.573 30.518 30.453 30.375 30.303 30.22 30.165 30.095 30.013 29.92 29.888 29.843 29.835 29.778 29.7 29.623 29.583 29.518 29.47 29.478 29.4 29.39 29.375 29.375 29.378 29.398 29.43 29.43 29.48 29.478 29.525 29.553 29.583 29.63 29.618 29.598 29.665 29.603 29.63 29.64 29.613 29.55 29.563 29.563 29.535 29.503 29.498 29.473 29.465 29.465 29.453 29.47 29.468 29.433 29.438 29.41 29.4 29.428 29.383 29.405 29.398 29.38 29.205 29.33 29.49 29.5 29.51 29.53 29.52 29.498
30.72 30.673 30.633 30.58 30.52 30.47 30.365 30.313 30.228 30.178 30.108 30.023 29.945 29.883 29.845 29.825 29.758 29.668 29.598 29.573 29.498 29.46 29.49 29.423 29.38 29.358 29.4 29.405 29.398 29.43 29.455 29.505 29.498 29.528 29.56 29.59 29.638 29.643 29.618 29.63 29.56 29.605 29.618 29.608 29.548 29.545 29.543 29.518 29.513 29.45 29.453 29.46 29.475 29.44 29.428 29.453 29.41 29.405 29.403 29.395 29.408 29.385 29.383 29.393 29.383 29.228 29.158 29.335 29.47 29.49 29.518 29.495 29.493
30.738 30.655 30.608 30.58 30.533 30.458 30.398 30.298 30.205 30.153 30.078 29.998 29.923 29.853 29.83 29.785 29.725 29.665 29.625 29.585 29.55 29.478 29.498 29.413 29.395 29.353 29.375 29.418 29.423 29.45 29.46 29.49 29.508 29.533 29.55 29.59 29.613 29.61 29.61 29.605 29.605 29.61 29.575 29.558 29.52 29.505 29.485 29.468 29.46 29.415 29.428 29.458 29.418 29.395 29.385 29.403 29.428 29.385 29.395 29.38 29.378 29.363 29.385 29.373 29.385 29.388 29.348 29.375 29.453 29.44 29.49 29.47 29.468
30.733 30.665 30.62 30.558 30.543 30.46 30.378 30.303 30.23 30.138 30.053 29.983 29.92 29.85 29.795 29.753 29.693 29.668 29.655 29.603 29.543 29.498 29.463 29.413 29.43 29.405 29.383 29.403 29.403 29.44 29.463 29.508 29.508 29.508 29.48 29.538 29.55 29.565 29.585 29.563 29.55 29.565 29.508 29.488 29.513 29.483 29.478 29.448 29.395 29.385 29.398 29.383 29.388 29.36 29.378 29.363 29.363 29.33 29.365 29.363 29.343 29.33 29.38 29.35 29.34 29.413 29.425 29.415 29.435 29.423 29.443 29.47 29.465
30.71 30.615 30.603 30.57 30.525 30.443 30.34 30.285 30.203 30.123 30.01 29.948 29.89 29.848 29.76 29.733 29.678 29.65 29.613 29.595 29.533 29.503 29.378 29.1 29.098 29.18 29.26 29.365 29.398 29.45 29.47 29.5 29.495 29.51 29.508 29.528 29.543 29.533 29.555 29.533 29.51 29.513 29.47 29.445 29.483 29.423 29.418 29.428 29.345 29.348 29.383 29.36 29.295 29.313 29.358 29.365 29.348 29.308 29.278 29.31 29.318 29.32 29.343 29.358 29.345 29.363 29.415 29.423 29.39 29.423 29.438 29.473 29.47
30.69 30.62 30.565 30.528 30.458 30.393 30.325 30.263 30.188 30.09 29.993 29.915 29.868 29.793 29.755 29.73 29.675 29.645 29.57 29.573 29.538 29.495 29.438 29.32 29.36 29.293 29.363 29.413 29.425 29.468 29.465 29.493 29.493 29.515 29.525 29.565 29.555 29.533 29.523 29.51 29.508 29.513 29.488 29.445 29.45 29.408 29.395 29.388 29.345 29.353 29.365 29.333 29.303 29.32 29.33 29.308 29.29 29.283 29.285 29.298 29.263 29.288 29.305 29.335 29.32 29.35 29.4 29.403 29.383 29.42 29.44 29.425 29.46
30.618 30.598 30.53 30.433 30.405 30.373 30.298 30.23 30.158 30.083 29.98 29.915 29.828 29.768 29.748 29.725 29.653 29.608 29.558 29.55 29.555 29.5 29.455 29.455 29.418 29.388 29.363 29.408 29.445 29.468 29.465 29.498 29.51 29.523 29.505 29.538 29.535 29.51 29.535 29.518 29.51 29.48 29.44 29.423 29.423 29.383 29.353 29.348 29.318 29.343 29.338 29.315 29.3 29.278 29.315 29.288 29.278 29.268 29.285 29.288 29.275 29.278 29.303 29.318 29.32 29.375 29.365 29.378 29.378 29.415 29.42 29.423 29.483
30.58 30.543 30.455 30.438 30.375 30.318 30.235 30.185 30.095 30.028 29.96 29.835 29.773 29.73 29.698 29.66 29.578 29.57 29.555 29.528 29.528 29.493 29.448 29.428 29.41 29.408 29.393 29.42 29.41 29.428 29.443 29.488 29.498 29.505 29.513 29.525 29.518 29.485 29.503 29.505 29.483 29.433 29.405 29.428 29.405 29.35 29.34 29.308 29.295 29.308 29.308 29.29 29.3 29.303 29.26 29.293 29.285 29.258 29.248 29.273 29.265 29.295 29.313 29.315 29.34 29.335 29.348 29.388 29.348 29.37 29.398 29.408 29.448
30.525 30.49 30.425 30.39 30.295 30.265 30.188 30.13 30.073 29.965 29.898 29.815 29.743 29.713 29.693 29.645 29.573 29.56 29.533 29.5 29.538 29.503 29.458 29.45 29.418 29.428 29.4 29.41 29.438 29.43 29.423 29.473 29.48 29.528 29.515 29.495 29.49 29.448 29.47 29.465 29.455 29.438 29.37 29.37 29.358 29.323 29.323 29.265 29.248 29.275 29.28 29.268 29.265 29.255 29.258 29.248 29.253 29.26 29.245 29.255 29.263 29.278 29.32 29.333 29.333 29.33 29.333 29.363 29.345 29.333 29.385 29.435 29.42
30.508 30.46 30.413 30.33 30.253 30.193 30.13 30.075 30 29.878 29.895 29.795 29.735 29.67 29.663 29.64 29.54 29.548 29.495 29.483 29.52 29.51 29.495 29.453 29.405 29.428 29.423 29.423 29.438 29.445 29.423 29.46 29.485 29.51 29.508 29.49 29.468 29.445 29.473 29.45 29.438 29.405 29.348 29.325 29.268 29.26 29.263 29.228 29.245 29.27 29.225 29.213 29.23 29.24 29.25 29.22 29.248 29.263 29.253 29.283 29.298 29.328 29.34 29.315 29.31 29.335 29.343 29.348 29.363 29.338 29.38 29.388 29.42
30.45 30.408 30.373 30.305 30.225 30.158 30.103 30.02 29.938 29.86 29.838 29.778 29.708 29.65 29.645 29.64 29.553 29.543 29.495 29.53 29.54 29.52 29.503 29.445 29.413 29.42 29.435 29.44 29.47 29.468 29.46 29.478 29.493 29.49 29.518 29.505 29.478 29.473 29.463 29.428 29.4 29.36 29.338 29.333 29.298 29.283 29.215 29.213 29.22 29.188 29.21 29.2 29.225 29.233 29.24 29.23 29.25 29.25 29.263 29.275 29.305 29.335 29.338 29.348 29.343 29.335 29.323 29.348 29.333 29.333 29.37 29.443 29.453
30.425 30.37 30.3 30.243 30.203 30.145 30.068 30.03 29.948 29.855 29.808 29.75 29.705 29.648 29.633 29.598 29.555 29.525 29.483 29.523 29.535 29.495 29.483 29.44 29.418 29.438 29.475 29.463 29.49 29.485 29.47 29.485 29.493 29.51 29.5 29.485 29.458 29.438 29.423 29.41 29.353 29.323 29.325 29.31 29.305 29.245 29.173 29.193 29.215 29.17 29.195 29.195 29.23 29.243 29.255 29.25 29.225 29.248 29.268 29.3 29.325 29.34 29.345 29.345 29.35 29.328 29.355 29.345 29.33 29.368 29.403 29.428 29.498
30.365 30.298 30.218 30.218 30.183 30.095 30.03 29.98 29.933 29.865 29.783 29.74 29.69 29.668 29.63 29.575 29.578 29.525 29.475 29.515 29.533 29.493 29.458 29.448 29.46 29.485 29.483 29.485 29.513 29.5 29.503 29.51 29.5 29.513 29.515 29.488 29.468 29.388 29.385 29.368 29.325 29.29 29.275 29.25 29.253 29.233 29.173 29.185 29.193 29.183 29.198 29.205 29.223 29.258 29.243 29.245 29.263 29.268 29.28 29.293 29.338 29.335 29.34 29.36 29.363 29.34 29.345 29.333 29.32 29.35 29.413 29.433 29.528
30.328 30.288 30.218 30.208 30.173 30.068 30.018 29.975 29.953 29.853 29.8 29.708 29.703 29.683 29.643 29.62 29.57 29.5 29.528 29.528 29.508 29.485 29.48 29.47 29.478 29.513 29.508 29.528 29.53 29.53 29.538 29.513 29.498 29.515 29.493 29.46 29.418 29.39 29.38 29.323 29.29 29.295 29.258 29.26 29.238 29.2 29.165 29.18 29.175 29.163 29.183 29.208 29.213 29.24 29.245 29.25 29.268 29.258 29.27 29.295 29.308 29.358 29.36 29.368 29.368 29.345 29.353 29.328 29.35 29.393 29.403 29.448 29.54
