LIDAR/se2788_DTM_2M.asc
ncols 500
nrows 500
xllcorner    427000
yllcorner    488000
cellsize     2
NODATA_value -9999
[rows 352 to 383 of 500, columns 0 to 71 of 500]
45.555 45.515 45.48 45.393 45.258 45.225 45.208 45.083 44.988 44.915 44.783 44.61 44.573 44.585 44.49 44.425 44.503 44.513 44.538 44.713 44.808 44.695 44.595 44.625 44.823 44.998 44.978 44.883 44.778 44.743 44.74 44.668 44.61 44.613 44.553 44.41 44.418 44.455 44.428 44.423 44.398 44.368 44.27 44.26 44.3 44.315 44.333 44.32 44.36 44.32 44.367 44.437 44.455 44.462 44.425 44.377 44.422 44.47 44.5 44.477 44.43 44.465 44.46 44.427 44.395 44.325 44.207 44.165 44.315 44.242 43.937 43.775
45.343 45.313 45.253 45.22 45.09 45.058 45.028 44.948 44.85 44.768 44.665 44.485 44.393 44.4 44.343 44.27 44.358 44.443 44.43 44.523 44.648 44.6 44.475 44.465 44.64 44.813 44.778 44.688 44.595 44.56 44.573 44.525 44.44 44.443 44.398 44.26 44.185 44.258 44.25 44.208 44.165 44.145 44.093 44.025 44.073 44.115 44.098 44.098 44.118 44.133 44.122 44.207 44.257 44.232 44.237 44.17 44.187 44.272 44.282 44.267 44.245 44.237 44.272 44.23 44.222 44.177 44.057 43.952 44.01 43.85 43.782 43.737
45.163 45.143 45.148 45.12 44.995 44.94 44.905 44.828 44.71 44.61 44.545 44.36 44.248 44.265 44.203 44.133 44.23 44.295 44.285 44.38 44.49 44.488 44.39 44.345 44.443 44.643 44.605 44.553 44.448 44.388 44.405 44.393 44.315 44.265 44.215 44.11 44.033 44.018 44.075 43.998 43.948 43.94 43.93 43.883 43.855 43.925 43.92 43.925 43.963 43.983 43.927 43.977 44.067 44.075 44.065 44.035 44.022 44.087 44.102 44.097 44.087 43.997 44.04 44.05 44.03 43.972 43.885 43.812 43.797 43.802 43.785 43.775
45.03 45.01 45.025 45.01 44.908 44.82 44.805 44.688 44.568 44.503 44.415 44.275 44.16 44.193 44.128 44.055 44.12 44.213 44.175 44.19 44.313 44.333 44.233 44.18 44.21 44.443 44.435 44.375 44.31 44.205 44.205 44.25 44.198 44.083 44.035 44.003 43.87 43.795 43.845 43.84 43.788 43.768 43.755 43.708 43.683 43.758 43.81 43.8 43.788 43.83 43.832 43.817 43.887 43.935 43.907 43.92 43.862 43.882 43.93 43.94 43.902 43.87 43.845 43.85 43.82 43.78 43.732 43.677 43.617 43.695 43.725 43.722
44.915 44.875 44.933 44.913 44.805 44.713 44.698 44.608 44.49 44.425 44.325 44.16 44.043 44.07 44.028 43.98 44.025 44.14 44.055 44.035 44.16 44.145 44.048 43.983 44.05 44.193 44.238 44.203 44.15 44.1 44.028 44.04 44.03 43.928 43.84 43.828 43.755 43.623 43.66 43.69 43.625 43.583 43.598 43.618 43.573 43.608 43.675 43.683 43.688 43.71 43.73 43.705 43.71 43.787 43.792 43.777 43.747 43.72 43.745 43.772 43.785 43.78 43.695 43.695 43.68 43.645 43.62 43.585 43.482 43.51 43.605 43.605
44.93 44.833 44.858 44.875 44.72 44.623 44.608 44.535 44.393 44.37 44.278 44.053 43.943 43.978 43.948 43.92 43.938 43.995 43.86 43.87 43.985 44.005 43.875 43.808 43.825 44.018 44.098 44.045 44.01 43.96 43.855 43.84 43.878 43.778 43.61 43.638 43.588 43.483 43.448 43.51 43.508 43.465 43.485 43.538 43.513 43.48 43.538 43.6 43.615 43.605 43.627 43.617 43.615 43.67 43.7 43.69 43.65 43.6 43.592 43.637 43.682 43.662 43.61 43.56 43.56 43.57 43.527 43.487 43.43 43.375 43.372 43.24
44.963 44.87 44.865 44.883 44.7 44.573 44.555 44.455 44.315 44.273 44.183 43.95 43.868 43.883 43.863 43.8 43.828 43.82 43.728 43.698 43.805 43.84 43.73 43.648 43.645 43.888 43.953 43.89 43.818 43.8 43.725 43.625 43.64 43.588 43.515 43.483 43.44 43.403 43.325 43.365 43.395 43.383 43.4 43.408 43.433 43.398 43.403 43.52 43.533 43.498 43.525 43.532 43.512 43.517 43.595 43.557 43.515 43.5 43.495 43.515 43.545 43.56 43.545 43.475 43.447 43.47 43.432 43.432 43.397 43.317 43.215 43.127
44.99 44.863 44.9 44.845 44.668 44.593 44.548 44.395 44.26 44.163 44.075 43.845 43.8 43.808 43.78 43.703 43.715 43.708 43.578 43.565 43.665 43.65 43.593 43.508 43.48 43.675 43.783 43.713 43.633 43.608 43.56 43.463 43.41 43.453 43.393 43.318 43.29 43.295 43.213 43.17 43.285 43.305 43.295 43.33 43.353 43.34 43.323 43.418 43.465 43.428 43.445 43.487 43.497 43.457 43.46 43.497 43.452 43.43 43.417 43.402 43.482 43.495 43.497 43.455 43.402 43.402 43.372 43.355 43.33 43.237 43.175 43.092
45.045 44.938 44.97 44.865 44.675 44.59 44.505 44.36 44.2 44.14 43.96 43.753 43.72 43.718 43.64 43.57 43.573 43.56 43.403 43.408 43.503 43.505 43.458 43.343 43.28 43.478 43.575 43.5 43.405 43.383 43.388 43.308 43.208 43.278 43.278 43.165 43.138 43.163 43.148 43.1 43.128 43.18 43.21 43.208 43.263 43.285 43.263 43.283 43.345 43.383 43.377 43.37 43.422 43.44 43.417 43.45 43.447 43.402 43.397 43.385 43.42 43.425 43.422 43.382 43.367 43.355 43.345 43.305 43.267 43.175 43.137 43.102
45.145 45.08 45.04 44.928 44.693 44.58 44.483 44.34 44.13 44.038 43.898 43.668 43.67 43.63 43.49 43.43 43.428 43.39 43.23 43.228 43.348 43.305 43.27 43.123 43.078 43.238 43.338 43.298 43.188 43.153 43.188 43.133 43.04 43.048 43.095 43.095 42.985 43.01 43.05 43.033 43.023 43.098 43.173 43.173 43.213 43.26 43.26 43.22 43.248 43.258 43.29 43.332 43.407 43.44 43.42 43.392 43.43 43.4 43.382 43.362 43.295 43.327 43.375 43.345 43.345 43.27 43.277 43.242 43.19 43.145 43.087 43.015
45.273 45.175 45.13 44.975 44.723 44.62 44.468 44.273 44.063 43.945 43.773 43.58 43.565 43.523 43.38 43.27 43.283 43.235 43.058 43.07 43.17 43.155 43.103 42.928 42.913 43.065 43.143 43.08 42.948 42.925 42.978 42.98 42.895 42.86 42.905 42.953 42.908 42.915 42.943 42.955 42.955 43.008 43.09 43.128 43.175 43.225 43.245 43.21 43.178 43.188 43.21 43.28 43.372 43.42 43.417 43.362 43.375 43.37 43.337 43.292 43.212 43.23 43.307 43.275 43.255 43.2 43.185 43.175 43.132 43.07 42.995 42.872
45.39 45.278 45.24 45.068 44.79 44.633 44.495 44.213 44.05 43.91 43.7 43.48 43.455 43.425 43.29 43.198 43.153 43.09 42.943 42.933 42.97 42.98 42.863 42.77 42.755 42.883 42.975 42.903 42.818 42.743 42.758 42.8 42.79 42.72 42.755 42.815 42.835 42.805 42.87 42.898 42.898 42.908 43.03 43.103 43.158 43.188 43.233 43.18 43.168 43.153 43.222 43.282 43.322 43.417 43.41 43.32 43.312 43.317 43.28 43.242 43.225 43.22 43.215 43.202 43.227 43.177 43.097 43.097 43.052 42.995 42.897 42.812
45.488 45.418 45.338 45.158 44.89 44.705 44.513 44.178 44.03 43.918 43.703 43.555 43.465 43.353 43.188 43.13 43.09 43.01 42.845 42.838 42.808 42.825 42.73 42.623 42.625 42.775 42.813 42.77 42.688 42.625 42.6 42.643 42.69 42.65 42.628 42.683 42.72 42.728 42.788 42.848 42.873 42.868 42.97 43.065 43.138 43.133 43.168 43.185 43.16 43.14 43.247 43.337 43.332 43.387 43.39 43.302 43.232 43.25 43.252 43.235 43.227 43.182 43.13 43.152 43.15 43.17 43.075 42.977 42.987 42.887 42.802 42.737
45.595 45.495 45.438 45.24 44.948 44.793 44.518 44.233 44.065 43.908 43.738 43.698 43.585 43.405 43.158 43.043 43.003 42.91 42.735 42.745 42.74 42.683 42.555 42.485 42.5 42.638 42.675 42.598 42.543 42.525 42.473 42.508 42.575 42.55 42.54 42.57 42.655 42.685 42.695 42.813 42.853 42.865 42.915 43.033 43.145 43.15 43.188 43.223 43.21 43.198 43.242 43.342 43.365 43.36 43.34 43.302 43.265 43.195 43.25 43.25 43.177 43.16 43.065 43.052 43.075 43.072 43.017 42.912 42.845 42.78 42.67 42.585
45.64 45.558 45.508 45.278 45.04 44.818 44.543 44.273 44.14 43.97 43.805 43.778 43.705 43.495 43.21 43.098 42.983 42.828 42.698 42.723 42.66 42.573 42.438 42.383 42.393 42.543 42.55 42.455 42.408 42.433 42.38 42.383 42.438 42.485 42.448 42.483 42.593 42.658 42.68 42.75 42.858 42.923 42.895 43 43.125 43.188 43.238 43.263 43.265 43.253 43.245 43.292 43.375 43.375 43.322 43.3 43.267 43.212 43.165 43.2 43.115 43.095 43.025 42.952 42.972 43.007 42.955 42.855 42.752 42.682 42.572 42.485
45.643 45.575 45.47 45.278 45.083 44.878 44.6 44.368 44.183 43.99 43.845 43.79 43.715 43.493 43.24 43.105 42.988 42.803 42.683 42.675 42.623 42.533 42.365 42.303 42.343 42.423 42.428 42.348 42.318 42.34 42.318 42.27 42.315 42.378 42.41 42.43 42.515 42.63 42.688 42.718 42.82 42.915 42.933 42.968 43.123 43.218 43.27 43.268 43.313 43.293 43.257 43.292 43.337 43.352 43.3 43.26 43.272 43.195 43.105 43.142 43.075 43.022 42.965 42.897 42.842 42.892 42.865 42.787 42.642 42.542 42.472 42.33
45.605 45.553 45.468 45.23 45.073 44.915 44.66 44.405 44.278 44.095 43.883 43.738 43.683 43.483 43.303 43.183 43.063 42.86 42.73 42.703 42.615 42.488 42.355 42.26 42.273 42.298 42.335 42.315 42.28 42.27 42.28 42.235 42.245 42.288 42.353 42.38 42.43 42.555 42.665 42.668 42.79 42.893 42.96 42.953 43.058 43.198 43.26 43.28 43.288 43.27 43.245 43.232 43.257 43.265 43.237 43.22 43.22 43.167 43.085 43.025 42.995 42.965 42.865 42.8 42.787 42.757 42.762 42.67 42.522 42.41 42.337 42.232
45.543 45.473 45.4 45.2 45.05 44.925 44.658 44.47 44.34 44.163 43.913 43.843 43.71 43.523 43.373 43.22 43.11 42.89 42.805 42.765 42.645 42.493 42.37 42.25 42.26 42.29 42.263 42.258 42.223 42.2 42.155 42.155 42.185 42.258 42.288 42.355 42.403 42.47 42.59 42.695 42.763 42.883 42.975 42.99 43.015 43.153 43.225 43.263 43.26 43.238 43.22 43.2 43.185 43.182 43.172 43.172 43.152 43.102 43.055 42.912 42.892 42.87 42.765 42.707 42.655 42.6 42.635 42.547 42.432 42.317 42.197 42.127
45.44 45.438 45.33 45.168 45.01 44.875 44.698 44.535 44.428 44.23 44.023 43.92 43.76 43.608 43.438 43.328 43.175 42.935 42.885 42.82 42.683 42.563 42.408 42.31 42.383 42.378 42.295 42.283 42.17 42.145 42.103 42.115 42.105 42.175 42.245 42.308 42.36 42.41 42.545 42.685 42.763 42.84 42.953 43.003 43.025 43.07 43.203 43.205 43.213 43.193 43.192 43.185 43.087 43.07 43.08 43.08 43.052 42.975 42.94 42.842 42.732 42.732 42.682 42.63 42.562 42.497 42.477 42.402 42.325 42.2 42.077 42.02
45.348 45.353 45.215 45.088 44.955 44.865 44.683 44.595 44.488 44.295 44.1 43.993 43.845 43.663 43.5 43.405 43.205 42.97 42.903 42.843 42.703 42.573 42.423 42.405 42.488 42.408 42.258 42.233 42.153 42.128 42.073 42.083 42.085 42.108 42.218 42.308 42.353 42.403 42.525 42.663 42.77 42.838 42.9 42.935 43.045 43.045 43.18 43.193 43.173 43.123 43.135 43.102 43.015 42.977 42.995 43.007 42.962 42.875 42.825 42.752 42.622 42.567 42.55 42.517 42.45 42.39 42.332 42.275 42.217 42.082 42.002 41.917
45.205 45.218 45.113 44.973 44.898 44.795 44.68 44.578 44.498 44.335 44.183 44.085 43.935 43.725 43.57 43.453 43.245 43.033 42.96 42.895 42.748 42.563 42.423 42.445 42.535 42.345 42.215 42.163 42.14 42.095 42.048 42.035 42.04 42.053 42.16 42.298 42.363 42.403 42.478 42.61 42.733 42.808 42.85 42.91 42.99 43.003 43.063 43.133 43.125 43.065 43.045 43.055 42.985 42.887 42.84 42.86 42.84 42.745 42.672 42.637 42.53 42.412 42.375 42.362 42.322 42.295 42.207 42.157 42.087 42.005 41.92 41.777
45.025 45.065 44.968 44.835 44.81 44.728 44.593 44.6 44.523 44.358 44.213 44.153 43.983 43.785 43.653 43.488 43.278 43.08 43.025 42.94 42.77 42.558 42.47 42.495 42.52 42.315 42.193 42.133 42.083 42.043 42 41.968 41.95 41.973 42.098 42.198 42.3 42.37 42.428 42.56 42.685 42.723 42.763 42.86 42.92 42.935 42.935 42.993 43.005 42.975 42.952 42.94 42.9 42.782 42.69 42.675 42.68 42.592 42.52 42.48 42.407 42.31 42.242 42.242 42.242 42.205 42.142 42.09 42.017 41.927 41.835 41.72
44.828 44.843 44.748 44.688 44.67 44.608 44.508 44.54 44.48 44.34 44.225 44.128 44.045 43.883 43.698 43.488 43.255 43.113 43.078 42.96 42.748 42.57 42.508 42.593 42.493 42.28 42.18 42.095 42.005 41.925 41.888 41.923 41.905 41.93 41.963 42.075 42.193 42.3 42.333 42.388 42.535 42.625 42.628 42.745 42.808 42.845 42.858 42.868 42.87 42.853 42.812 42.807 42.77 42.675 42.592 42.515 42.517 42.48 42.42 42.352 42.3 42.237 42.142 42.132 42.13 42.087 42.052 41.987 41.885 41.8 41.757 41.667
44.643 44.593 44.515 44.485 44.448 44.418 44.355 44.368 44.338 44.27 44.165 44.03 43.963 43.9 43.708 43.51 43.285 43.193 43.12 42.94 42.755 42.57 42.568 42.613 42.428 42.25 42.17 42.065 41.955 41.848 41.808 41.82 41.778 41.785 41.823 41.89 42.035 42.128 42.205 42.275 42.345 42.468 42.543 42.605 42.68 42.745 42.775 42.715 42.735 42.733 42.72 42.677 42.647 42.592 42.507 42.41 42.367 42.34 42.31 42.242 42.207 42.155 42.09 42.02 42 42.01 41.97 41.905 41.775 41.675 41.637 41.565
44.523 44.358 44.263 44.29 44.255 44.21 44.11 44.213 44.203 44.093 43.995 43.893 43.878 43.82 43.695 43.478 43.27 43.19 43.088 42.888 42.698 42.535 42.573 42.548 42.365 42.213 42.11 41.98 41.875 41.78 41.733 41.7 41.705 41.693 41.69 41.713 41.825 41.93 42.053 42.11 42.13 42.29 42.413 42.465 42.518 42.593 42.6 42.618 42.6 42.59 42.572 42.547 42.512 42.5 42.422 42.327 42.247 42.212 42.222 42.172 42.132 42.045 42.03 41.965 41.912 41.907 41.885 41.825 41.735 41.592 41.49 41.452
44.365 44.335 44.178 44.17 44.133 44.12 44.083 44.15 44.095 43.953 43.91 43.9 43.805 43.698 43.585 43.355 43.213 43.108 42.94 42.735 42.6 42.555 42.523 42.415 42.23 42.118 42.028 41.865 41.743 41.665 41.668 41.598 41.605 41.6 41.555 41.56 41.598 41.75 41.863 41.908 41.943 42.06 42.238 42.305 42.358 42.38 42.44 42.478 42.443 42.39 42.442 42.435 42.442 42.43 42.36 42.32 42.217 42.127 42.095 42.047 41.982 41.932 41.925 41.92 41.822 41.782 41.82 41.782 41.662 41.542 41.37 41.28
44.283 44.193 44.125 44.125 44.048 43.98 43.935 43.985 43.96 43.923 43.853 43.768 43.675 43.565 43.415 43.21 43.103 42.963 42.78 42.635 42.488 42.478 42.4 42.25 42.018 41.92 41.825 41.705 41.565 41.513 41.518 41.47 41.458 41.485 41.453 41.453 41.443 41.54 41.673 41.76 41.793 41.873 42.038 42.16 42.185 42.2 42.295 42.34 42.3 42.238 42.282 42.39 42.377 42.347 42.322 42.257 42.1 41.975 41.95 41.94 41.87 41.797 41.782 41.832 41.762 41.67 41.68 41.68 41.59 41.49 41.28 41.1
44.223 44.133 44.088 44.07 43.983 43.893 43.808 43.778 43.768 43.78 43.72 43.625 43.533 43.405 43.253 43.033 42.955 42.823 42.633 42.415 42.338 42.33 42.193 42.008 41.78 41.738 41.703 41.6 41.455 41.405 41.408 41.368 41.328 41.315 41.308 41.32 41.323 41.338 41.478 41.615 41.66 41.738 41.833 41.978 42.018 42.003 42.093 42.178 42.185 42.16 42.147 42.212 42.235 42.205 42.135 42.045 41.967 41.885 41.837 41.807 41.745 41.705 41.677 41.717 41.7 41.59 41.535 41.537 41.452 41.357 41.185 40.947
44.098 44.023 43.95 43.908 43.835 43.743 43.663 43.573 43.575 43.583 43.543 43.403 43.318 43.218 43.018 42.823 42.773 42.63 42.37 42.205 42.175 42.133 41.973 41.805 41.638 41.525 41.518 41.41 41.325 41.26 41.258 41.215 41.168 41.133 41.18 41.203 41.218 41.213 41.255 41.413 41.488 41.555 41.678 41.82 41.868 41.895 41.908 41.99 42.08 42.023 42.005 42.042 42.085 42.055 41.982 41.88 41.837 41.79 41.722 41.685 41.652 41.662 41.57 41.597 41.605 41.52 41.405 41.365 41.297 41.212 41.042 40.827
43.928 43.863 43.765 43.713 43.695 43.638 43.528 43.428 43.358 43.373 43.29 43.208 43.108 42.955 42.775 42.678 42.573 42.4 42.185 42.043 42.045 41.903 41.755 41.595 41.465 41.355 41.338 41.235 41.19 41.115 41.075 41.095 41.048 41.03 41.008 41.083 41.103 41.108 41.123 41.188 41.34 41.438 41.56 41.645 41.743 41.823 41.833 41.863 41.9 41.905 41.89 41.857 41.862 41.89 41.832 41.775 41.712 41.657 41.635 41.535 41.527 41.53 41.502 41.475 41.465 41.435 41.345 41.172 41.105 41.06 40.877 40.697
43.768 43.665 43.595 43.593 43.558 43.5 43.423 43.34 43.245 43.19 43.113 42.998 42.893 42.708 42.588 42.498 42.348 42.17 41.953 41.913 41.845 41.67 41.55 41.443 41.263 41.16 41.16 41.088 41.005 40.988 40.938 40.918 40.913 40.898 40.858 40.893 40.988 41.005 41.015 41.028 41.173 41.268 41.368 41.415 41.54 41.678 41.733 41.725 41.728 41.735 41.72 41.675 41.572 41.63 41.625 41.66 41.612 41.515 41.497 41.42 41.34 41.38 41.385 41.325 41.29 41.297 41.23 41.07 40.905 40.847 40.71 40.555
43.63 43.53 43.5 43.478 43.44 43.4 43.338 43.255 43.143 42.985 42.878 42.785 42.69 42.495 42.403 42.278 42.118 41.915 41.78 41.748 41.635 41.448 41.353 41.278 41.135 40.99 40.95 40.908 40.858 40.788 40.743 40.763 40.76 40.76 40.728 40.73 40.835 40.92 40.895 40.918 41.03 41.12 41.188 41.263 41.378 41.525 41.575 41.593 41.54 41.418 41.347 41.277 41.075 41.062 41.185 41.25 41.257 41.342 41.385 41.332 41.27 41.177 41.2 41.17 41.15 41.12 41.065 40.915 40.73 40.557 40.457 40.325
