LIDAR/se2789_DTM_2M.asc
ncols 500
nrows 500
xllcorner    427000
yllcorner    489000
cellsize     2
NODATA_value -9999
[rows 96 to 127 of 500, columns 355 to 425 of 500]
49.712 49.789 49.899 50.047 50.109 50.174 50.217 50.287 50.359 50.504 50.619 50.719 50.879 51.022 51.194 51.304 51.382 51.464 51.609 51.689 51.779 51.847 51.919 51.967 51.999 52.042 52.104 52.164 52.229 52.257 52.299 52.317 52.349 52.437 52.477 52.364 52.182 51.964 51.847 51.752 51.854 52.229 52.537 52.734 52.777 52.694 52.594 52.504 52.412 52.394 52.287 52.222 52.127 52.042 52.027 52.059 52.102 52.174 52.222 52.237 52.274 52.337 52.349 52.377 52.377 52.389 52.399 52.392 52.449 52.759 53.189
49.689 49.789 49.934 50.037 50.132 50.264 50.362 50.469 50.509 50.552 50.689 50.782 50.899 51.042 51.209 51.362 51.497 51.617 51.719 51.807 51.909 51.919 51.987 52.034 52.052 52.104 52.169 52.164 52.234 52.269 52.329 52.374 52.434 52.514 52.532 52.382 52.104 51.989 51.902 51.922 52.237 52.589 52.819 52.874 52.854 52.774 52.674 52.584 52.537 52.514 52.382 52.354 52.322 52.274 52.254 52.164 52.149 52.219 52.274 52.342 52.337 52.379 52.419 52.399 52.409 52.419 52.437 52.442 52.592 52.942 53.284
49.727 49.839 49.947 50.027 50.104 50.254 50.357 50.529 50.594 50.684 50.767 50.837 50.967 51.104 51.262 51.364 51.512 51.604 51.784 51.904 52.022 52.057 52.062 52.127 52.144 52.194 52.212 52.187 52.262 52.314 52.402 52.422 52.512 52.562 52.444 52.269 52.107 52.029 51.959 52.159 52.587 52.829 53.007 52.952 52.939 52.854 52.754 52.684 52.667 52.582 52.522 52.479 52.442 52.422 52.424 52.334 52.249 52.254 52.332 52.397 52.434 52.452 52.432 52.439 52.454 52.439 52.477 52.457 52.669 53.017 52.772
49.749 49.872 49.944 50.064 50.187 50.312 50.429 50.529 50.554 50.679 50.829 50.927 51.124 51.269 51.402 51.462 51.589 51.672 51.777 51.917 52.039 52.129 52.179 52.232 52.244 52.299 52.302 52.294 52.329 52.404 52.444 52.522 52.607 52.577 52.399 52.249 52.147 52.049 52.204 52.552 52.854 53.019 53.079 53.034 53.019 52.934 52.842 52.809 52.777 52.679 52.647 52.599 52.552 52.552 52.552 52.489 52.462 52.337 52.374 52.414 52.472 52.489 52.489 52.512 52.529 52.502 52.499 52.507 52.789 52.969 52.452
49.789 49.887 50.007 50.099 50.212 50.354 50.474 50.587 50.694 50.772 50.894 51.002 51.167 51.319 51.459 51.614 51.754 51.829 51.914 51.949 52.059 52.157 52.184 52.217 52.297 52.337 52.374 52.392 52.404 52.452 52.539 52.614 52.647 52.534 52.419 52.257 52.177 52.104 52.319 52.672 53.012 53.104 53.134 53.114 53.099 53.014 52.954 52.919 52.874 52.814 52.769 52.719 52.674 52.634 52.689 52.669 52.692 52.499 52.444 52.444 52.504 52.527 52.544 52.577 52.574 52.547 52.522 52.624 52.947 52.889 52.292
49.842 49.932 50.024 50.119 50.224 50.369 50.489 50.579 50.737 50.854 50.987 51.097 51.237 51.402 51.522 51.684 51.767 51.944 52.092 52.224 52.262 52.272 52.247 52.312 52.307 52.347 52.399 52.432 52.432 52.517 52.592 52.677 52.617 52.467 52.439 52.314 52.229 52.242 52.304 52.627 53.022 53.132 53.167 53.194 53.179 53.107 53.059 53.047 52.977 52.937 52.889 52.842 52.797 52.749 52.757 52.739 52.692 52.609 52.509 52.497 52.539 52.584 52.607 52.632 52.632 52.614 52.584 52.772 53.194 52.874 52.242
49.899 49.977 50.097 50.192 50.264 50.392 50.477 50.622 50.744 50.892 51.044 51.202 51.312 51.437 51.587 51.749 51.859 51.964 52.097 52.229 52.344 52.477 52.527 52.509 52.477 52.467 52.452 52.477 52.512 52.537 52.607 52.667 52.562 52.464 52.442 52.369 52.312 52.342 52.377 52.544 52.892 53.074 53.154 53.252 53.262 53.204 53.174 53.157 53.104 53.059 53.009 52.964 52.922 52.879 52.837 52.744 52.684 52.654 52.617 52.604 52.627 52.639 52.654 52.659 52.644 52.624 52.699 52.979 53.402 52.982 52.317
49.957 50.054 50.142 50.234 50.372 50.429 50.539 50.707 50.807 50.944 51.054 51.219 51.382 51.514 51.642 51.779 51.832 51.989 52.107 52.277 52.397 52.542 52.674 52.702 52.649 52.622 52.542 52.564 52.549 52.569 52.702 52.649 52.537 52.532 52.502 52.449 52.549 52.617 52.609 52.607 52.794 52.969 53.099 53.214 53.294 53.307 53.307 53.269 53.227 53.184 53.147 53.112 53.079 53.037 53.002 52.917 52.792 52.714 52.709 52.662 52.687 52.717 52.732 52.724 52.679 52.699 52.904 53.209 53.467 52.907 52.282
49.904 50.079 50.179 50.272 50.382 50.479 50.579 50.722 50.854 51.032 51.152 51.289 51.452 51.627 51.754 51.869 51.894 52.017 52.187 52.374 52.517 52.599 52.672 52.747 52.737 52.777 52.607 52.584 52.624 52.684 52.732 52.644 52.599 52.562 52.547 52.797 53.032 53.147 53.312 53.239 52.984 52.927 53.089 53.219 53.262 53.347 53.394 53.412 53.379 53.347 53.309 53.264 53.214 53.182 53.147 53.087 52.887 52.837 52.794 52.777 52.782 52.784 52.809 52.749 52.734 52.862 53.097 53.499 53.444 52.797 52.142
49.939 50.032 50.182 50.257 50.359 50.489 50.574 50.744 50.859 51.042 51.187 51.367 51.534 51.702 51.864 51.964 52.072 52.217 52.354 52.472 52.592 52.642 52.674 52.752 52.754 52.802 52.737 52.679 52.682 52.737 52.719 52.649 52.632 52.592 52.712 53.207 53.499 53.682 53.894 53.772 53.594 53.369 53.194 53.239 53.289 53.357 53.434 53.509 53.537 53.489 53.434 53.389 53.362 53.327 53.292 53.272 53.127 52.987 52.887 52.887 52.887 52.827 52.854 52.817 52.837 53.034 53.354 53.719 53.229 52.532 51.879
49.964 50.047 50.174 50.264 50.339 50.502 50.624 50.744 50.882 51.052 51.249 51.439 51.577 51.737 51.864 51.989 52.157 52.312 52.469 52.589 52.667 52.684 52.687 52.704 52.699 52.774 52.762 52.724 52.717 52.719 52.697 52.709 52.664 52.662 53.057 53.502 53.867 53.982 54.004 53.982 53.954 53.829 53.662 53.517 53.354 53.317 53.392 53.472 53.534 53.604 53.567 53.542 53.504 53.454 53.452 53.427 53.354 53.104 52.987 52.964 52.952 52.934 52.899 52.899 52.937 53.197 53.584 53.762 53.057 52.269 51.617
50.037 50.137 50.244 50.294 50.392 50.502 50.664 50.764 50.894 51.077 51.257 51.449 51.617 51.847 51.984 52.177 52.272 52.304 52.367 52.504 52.599 52.684 52.657 52.694 52.694 52.722 52.714 52.737 52.697 52.707 52.719 52.762 52.722 52.917 53.399 53.869 54.039 54.022 54.027 54.022 54.059 54.022 53.989 53.957 53.684 53.512 53.424 53.429 53.499 53.597 53.684 53.654 53.604 53.624 53.564 53.559 53.504 53.182 53.109 53.084 53.027 53.002 52.999 52.979 53.047 53.302 53.724 53.494 52.792 52.044 51.367
50.177 50.209 50.314 50.379 50.444 50.602 50.744 50.852 51.009 51.214 51.369 51.514 51.697 51.942 52.094 52.199 52.264 52.284 52.319 52.379 52.494 52.604 52.617 52.677 52.702 52.707 52.689 52.679 52.702 52.754 52.814 52.807 52.862 53.319 53.787 54.107 54.134 54.142 54.134 54.102 54.084 54.059 54.074 54.069 54.012 53.862 53.692 53.507 53.454 53.532 53.649 53.697 53.749 53.709 53.677 53.674 53.524 53.257 53.179 53.159 53.124 53.084 53.087 53.084 53.149 53.417 53.727 53.209 52.474 51.747 51.182
50.239 50.347 50.417 50.539 50.662 50.724 50.829 50.962 51.134 51.252 51.424 51.597 51.814 52.077 52.199 52.222 52.307 52.304 52.312 52.362 52.469 52.514 52.519 52.554 52.617 52.667 52.707 52.799 52.854 52.857 52.854 52.857 53.272 53.792 54.102 54.222 54.189 54.214 54.197 54.179 54.162 54.129 54.144 54.139 54.132 54.024 53.924 53.824 53.639 53.552 53.559 53.592 53.674 53.724 53.749 53.677 53.447 53.299 53.269 53.219 53.189 53.164 53.157 53.179 53.292 53.627 53.519 52.797 52.097 51.354 51.127
50.387 50.524 50.514 50.652 50.774 50.847 50.942 51.064 51.177 51.332 51.499 51.854 52.277 52.259 52.212 52.252 52.329 52.319 52.359 52.389 52.414 52.459 52.462 52.499 52.599 52.654 52.762 52.949 52.929 52.889 52.842 52.977 53.717 54.302 54.284 54.264 54.244 54.242 54.229 54.224 54.207 54.189 54.202 54.199 54.184 54.122 54.082 54.079 53.949 53.832 53.687 53.584 53.589 53.644 53.737 53.699 53.512 53.412 53.387 53.339 53.269 53.239 53.239 53.232 53.432 53.574 53.302 52.602 51.837 51.179 51.052
50.427 50.484 50.489 50.604 50.767 50.924 51.002 51.159 51.289 51.472 51.659 52.077 52.607 52.512 52.284 52.344 52.359 52.389 52.414 52.422 52.419 52.417 52.444 52.504 52.574 52.699 52.884 52.994 52.939 52.919 52.917 53.342 54.074 54.417 54.322 54.292 54.299 54.272 54.257 54.247 54.252 54.259 54.262 54.247 54.274 54.247 54.237 54.242 54.217 54.142 53.994 53.812 53.647 53.644 53.667 53.692 53.642 53.557 53.497 53.449 53.354 53.297 53.259 53.297 53.537 53.217 52.759 52.352 51.612 51.087 51.047
50.254 50.352 50.454 50.657 50.889 50.989 51.052 51.189 51.357 51.572 51.747 51.924 52.274 52.412 52.317 52.352 52.437 52.434 52.472 52.427 52.434 52.459 52.479 52.504 52.594 52.804 53.002 52.989 52.964 52.929 53.069 53.662 54.304 54.437 54.362 54.354 54.354 54.297 54.317 54.324 54.317 54.309 54.302 54.327 54.314 54.299 54.297 54.297 54.269 54.257 54.207 54.097 53.987 53.807 53.722 53.707 53.717 53.712 53.627 53.549 53.444 53.377 53.287 53.419 53.602 53.092 52.499 51.977 51.434 51.037 51.044
50.112 50.239 50.347 50.649 50.824 50.942 51.049 51.202 51.369 51.667 51.867 51.894 52.089 52.312 52.294 52.312 52.419 52.502 52.537 52.537 52.467 52.464 52.482 52.532 52.622 52.827 53.039 53.009 52.959 52.967 53.447 53.977 54.392 54.419 54.409 54.412 54.394 54.392 54.389 54.394 54.399 54.389 54.374 54.384 54.374 54.369 54.362 54.349 54.339 54.294 54.294 54.267 54.199 54.104 53.957 53.787 53.782 53.727 53.682 53.619 53.549 53.469 53.412 53.537 53.607 53.154 52.432 51.747 51.207 51.107 51.114
50.124 50.262 50.359 50.474 50.649 50.772 50.959 51.079 51.297 51.549 51.822 51.834 51.999 52.094 52.129 52.207 52.399 52.544 52.597 52.602 52.559 52.522 52.517 52.569 52.697 52.942 53.027 53.027 52.984 53.129 53.787 54.197 54.497 54.487 54.482 54.459 54.477 54.472 54.492 54.504 54.502 54.479 54.449 54.467 54.467 54.437 54.429 54.412 54.384 54.342 54.324 54.319 54.287 54.224 54.132 54.027 53.977 53.834 53.747 53.629 53.587 53.524 53.449 53.514 53.549 53.272 52.562 52.027 51.929 51.557 51.202
50.142 50.274 50.382 50.474 50.632 50.742 50.874 51.027 51.137 51.307 51.514 51.682 51.819 51.739 51.872 51.979 52.199 52.304 52.397 52.459 52.487 52.494 52.547 52.599 52.792 52.964 52.997 52.984 53.007 53.484 54.212 54.587 54.537 54.547 54.524 54.519 54.552 54.587 54.582 54.579 54.584 54.552 54.552 54.569 54.562 54.524 54.492 54.472 54.462 54.437 54.414 54.342 54.319 54.292 54.239 54.167 54.127 53.999 53.854 53.717 53.597 53.517 53.474 53.404 53.422 53.312 52.954 52.984 53.079 52.852 52.509
50.147 50.249 50.382 50.507 50.659 50.802 50.889 51.002 51.112 51.242 51.314 51.417 51.544 51.617 51.672 51.749 51.884 51.982 52.074 52.157 52.287 52.319 52.437 52.649 52.882 52.989 52.972 52.964 53.147 54.109 54.674 54.622 54.582 54.549 54.554 54.554 54.614 54.622 54.644 54.659 54.637 54.574 54.627 54.637 54.652 54.622 54.574 54.549 54.544 54.492 54.467 54.422 54.359 54.334 54.274 54.234 54.207 54.099 54.004 53.927 53.804 53.649 53.554 53.457 53.347 53.249 53.189 53.137 53.124 53.032 52.944
50.224 50.302 50.399 50.524 50.647 50.759 50.882 51.022 51.144 51.207 51.284 51.334 51.422 51.499 51.484 51.557 51.609 51.699 51.849 51.929 51.949 52.042 52.217 52.647 52.957 52.969 52.967 53.002 53.587 54.574 54.629 54.602 54.594 54.604 54.667 54.672 54.664 54.724 54.717 54.732 54.704 54.702 54.702 54.694 54.712 54.677 54.592 54.602 54.562 54.512 54.489 54.489 54.404 54.387 54.347 54.282 54.234 54.169 54.142 54.087 53.957 53.849 53.744 53.669 53.544 53.367 53.207 53.117 53.049 52.974 52.914
50.349 50.447 50.519 50.607 50.709 50.797 50.897 51.017 51.112 51.174 51.247 51.312 51.312 51.359 51.404 51.427 51.484 51.487 51.549 51.657 51.689 51.744 52.234 52.719 52.924 52.924 52.922 53.197 53.799 54.449 54.564 54.579 54.614 54.652 54.714 54.717 54.717 54.719 54.767 54.794 54.774 54.782 54.772 54.717 54.714 54.704 54.642 54.644 54.579 54.527 54.532 54.537 54.452 54.472 54.379 54.334 54.262 54.192 54.134 54.149 54.054 53.967 53.834 53.752 53.637 53.547 53.477 53.362 53.197 53.054 52.949
50.384 50.504 50.597 50.699 50.774 50.907 51.002 51.082 51.124 51.144 51.174 51.222 51.252 51.279 51.264 51.289 51.334 51.389 51.424 51.487 51.559 51.727 52.284 52.777 52.879 52.904 52.944 53.447 54.077 54.499 54.537 54.577 54.654 54.672 54.692 54.722 54.747 54.747 54.707 54.752 54.769 54.774 54.754 54.717 54.677 54.682 54.654 54.632 54.634 54.572 54.567 54.589 54.514 54.469 54.402 54.379 54.312 54.237 54.212 54.187 54.109 54.042 53.947 53.827 53.699 53.617 53.512 53.407 53.324 53.219 53.152
50.382 50.497 50.587 50.689 50.814 50.964 51.104 51.172 51.207 51.174 51.162 51.164 51.157 51.152 51.127 51.134 51.194 51.244 51.304 51.399 51.509 51.879 52.369 52.694 52.827 52.859 53.039 53.742 54.329 54.509 54.554 54.597 54.664 54.714 54.717 54.767 54.797 54.774 54.767 54.767 54.754 54.762 54.747 54.749 54.714 54.674 54.644 54.627 54.609 54.589 54.564 54.549 54.522 54.464 54.409 54.392 54.342 54.264 54.234 54.182 54.139 54.057 53.974 53.884 53.794 53.672 53.562 53.442 53.344 53.252 53.194
50.434 50.567 50.692 50.762 50.887 50.967 51.069 51.134 51.167 51.177 51.167 51.114 51.097 51.024 51.037 51.052 51.067 51.112 51.122 51.274 51.472 51.954 52.537 52.709 52.797 52.869 53.304 54.004 54.417 54.457 54.532 54.592 54.677 54.744 54.779 54.802 54.852 54.842 54.809 54.832 54.792 54.794 54.774 54.767 54.734 54.699 54.659 54.619 54.597 54.594 54.552 54.524 54.494 54.472 54.427 54.414 54.369 54.299 54.254 54.227 54.159 54.077 54.024 54.007 53.959 53.847 53.702 53.549 53.417 53.317 53.227
50.472 50.592 50.727 50.817 50.924 51.019 51.112 51.152 51.142 51.137 51.117 51.067 51.009 50.969 50.962 50.934 50.954 50.974 51.019 51.234 51.574 52.119 52.547 52.692 52.764 52.889 53.557 54.224 54.397 54.449 54.459 54.549 54.669 54.737 54.794 54.817 54.839 54.847 54.844 54.827 54.812 54.792 54.782 54.767 54.767 54.702 54.672 54.622 54.597 54.572 54.544 54.499 54.469 54.442 54.432 54.419 54.384 54.334 54.252 54.229 54.162 54.124 54.057 54.009 53.974 53.914 53.832 53.649 53.549 53.414 53.322
50.547 50.624 50.777 50.844 50.949 51.074 51.142 51.137 51.154 51.114 51.069 51.029 50.969 50.902 50.812 50.754 50.879 50.889 51.027 51.229 51.679 52.264 52.582 52.704 52.767 53.094 53.804 54.277 54.342 54.397 54.469 54.564 54.672 54.722 54.779 54.789 54.797 54.827 54.859 54.812 54.837 54.832 54.817 54.769 54.739 54.727 54.682 54.637 54.619 54.592 54.532 54.487 54.464 54.427 54.412 54.392 54.352 54.362 54.284 54.247 54.174 54.147 54.089 54.019 53.982 53.937 53.857 53.769 53.697 53.514 53.377
50.604 50.719 50.844 50.912 51.014 51.109 51.154 51.172 51.162 51.114 51.049 50.997 50.924 50.872 50.767 50.742 50.874 50.939 51.052 51.417 51.979 52.434 52.607 52.694 52.814 53.429 54.034 54.284 54.322 54.372 54.469 54.569 54.674 54.744 54.792 54.799 54.797 54.832 54.874 54.862 54.862 54.842 54.799 54.764 54.749 54.737 54.662 54.642 54.619 54.572 54.532 54.469 54.442 54.432 54.419 54.389 54.357 54.327 54.309 54.239 54.182 54.147 54.097 54.032 54.054 53.989 53.899 53.764 53.727 53.629 53.499
50.644 50.767 50.887 51.002 51.067 51.132 51.174 51.177 51.177 51.119 51.044 50.939 50.899 50.872 50.829 50.812 50.859 50.972 51.112 51.647 52.212 52.534 52.589 52.692 53.047 53.644 54.147 54.254 54.272 54.364 54.444 54.562 54.657 54.699 54.772 54.802 54.799 54.832 54.819 54.832 54.852 54.832 54.794 54.794 54.757 54.724 54.677 54.627 54.602 54.572 54.534 54.497 54.449 54.432 54.422 54.372 54.342 54.304 54.279 54.252 54.209 54.134 54.099 54.037 53.972 53.982 53.949 53.829 53.722 53.659 53.579
50.677 50.789 50.902 51.024 51.097 51.194 51.207 51.192 51.162 51.139 51.062 50.959 50.909 50.869 50.849 50.772 50.842 50.977 51.267 52.012 52.502 52.564 52.559 52.769 53.337 53.874 54.149 54.182 54.239 54.352 54.442 54.559 54.629 54.684 54.707 54.759 54.787 54.779 54.822 54.847 54.837 54.824 54.792 54.792 54.764 54.729 54.687 54.632 54.589 54.547 54.507 54.477 54.452 54.434 54.389 54.357 54.339 54.304 54.267 54.242 54.184 54.137 54.099 54.019 53.937 53.952 53.954 53.842 53.749 53.669 53.582
50.767 50.847 50.969 51.069 51.149 51.197 51.217 51.232 51.194 51.159 51.054 50.962 50.932 50.937 50.904 50.859 50.907 51.037 51.542 52.232 52.467 52.544 52.579 52.979 53.564 54.002 54.104 54.149 54.222 54.324 54.439 54.532 54.599 54.669 54.692 54.732 54.722 54.752 54.787 54.789 54.809 54.807 54.797 54.772 54.739 54.724 54.689 54.617 54.584 54.517 54.522 54.467 54.449 54.437 54.407 54.379 54.367 54.317 54.267 54.232 54.149 54.107 54.054 54.042 53.977 53.922 53.909 53.839 53.779 53.697 53.564
