LIDAR/se2786_DTM_2M.asc
ncols 500
nrows 500
xllcorner    427000
yllcorner    486000
cellsize     2
NODATA_value -9999
[rows 96 to 127 of 500, columns 365 to 437 of 500]
30.667 30.67 30.657 30.69 30.725 30.73 30.75 30.805 30.847 30.89 30.902 30.915 30.972 30.952 30.977 30.972 30.98 31.002 30.992 31.005 30.997 30.97 31.01 31.022 31.03 31.04 31.035 31.022 31.02 31.04 31.032 31.045 31.012 31.052 31.025 31.042 31.032 31.047 31.035 31.055 31.035 31.032 31.035 31.005 30.987 30.985 30.925 30.937 30.937 30.912 30.89 30.925 30.927 30.942 30.887 30.895 30.885 30.895 30.87 30.85 30.845 30.81 30.81 30.797 30.782 30.755 30.735 30.732 30.712 30.677 30.685 30.662 30.69
30.642 30.662 30.652 30.675 30.707 30.72 30.72 30.757 30.817 30.84 30.9 30.887 30.88 30.892 30.962 30.932 30.922 30.94 30.94 30.922 30.942 30.965 30.975 31.005 30.99 31.01 31.01 31.007 31.035 31.04 31.002 31.042 31.012 31.027 31.007 31.037 31.045 31.022 31.022 31.025 31.047 31.025 31.06 31.032 31.032 30.987 30.972 30.935 30.937 30.917 30.907 30.912 30.91 30.915 30.895 30.877 30.875 30.867 30.877 30.855 30.827 30.825 30.802 30.78 30.75 30.712 30.697 30.7 30.662 30.652 30.655 30.672 30.692
30.595 30.617 30.627 30.652 30.677 30.702 30.725 30.767 30.807 30.802 30.82 30.83 30.842 30.857 30.9 30.892 30.885 30.872 30.87 30.877 30.902 30.9 30.927 30.967 30.96 30.975 31.005 30.997 31.022 31.01 30.997 31.007 31.02 31.005 30.992 31.01 30.997 31.032 31.012 31.04 31.027 31.037 31.022 31.005 30.99 30.982 30.982 30.955 30.925 30.905 30.905 30.902 30.87 30.882 30.877 30.892 30.892 30.857 30.855 30.85 30.82 30.785 30.787 30.762 30.725 30.687 30.705 30.667 30.655 30.672 30.662 30.672 30.672
30.587 30.602 30.607 30.635 30.635 30.662 30.712 30.715 30.752 30.782 30.807 30.782 30.84 30.822 30.825 30.86 30.857 30.855 30.847 30.847 30.86 30.872 30.885 30.892 30.907 30.942 30.997 30.98 30.972 31.012 31.002 30.982 30.975 30.962 31.005 31 30.985 31.007 30.987 30.987 30.99 31 30.977 30.982 30.997 30.99 30.965 30.95 30.91 30.922 30.882 30.875 30.87 30.85 30.882 30.875 30.882 30.87 30.867 30.827 30.832 30.797 30.777 30.757 30.727 30.712 30.682 30.69 30.652 30.66 30.697 30.697 30.705
30.552 30.545 30.525 30.582 30.595 30.622 30.672 30.72 30.742 30.762 30.78 30.79 30.832 30.842 30.85 30.857 30.815 30.79 30.795 30.785 30.842 30.82 30.832 30.847 30.885 30.922 30.93 30.927 30.972 30.972 30.942 30.962 30.937 30.932 30.947 30.945 30.97 30.997 30.94 30.96 30.995 30.992 30.98 31.002 31.007 31.017 31.015 30.98 30.91 30.9 30.892 30.89 30.885 30.857 30.872 30.882 30.87 30.852 30.87 30.822 30.82 30.827 30.775 30.745 30.735 30.712 30.715 30.687 30.667 30.66 30.672 30.655 30.67
30.502 30.5 30.5 30.547 30.572 30.597 30.617 30.635 30.712 30.74 30.76 30.755 30.8 30.865 30.827 30.807 30.765 30.775 30.775 30.757 30.77 30.767 30.79 30.812 30.872 30.885 30.897 30.917 30.93 30.965 30.962 30.935 30.902 30.882 30.92 30.882 30.935 30.96 30.922 30.94 30.987 30.985 31.012 31.01 30.992 31.002 30.972 30.912 30.947 30.922 30.897 30.867 30.852 30.835 30.842 30.865 30.845 30.832 30.85 30.857 30.812 30.81 30.787 30.747 30.752 30.742 30.735 30.7 30.692 30.677 30.67 30.672 30.72
30.482 30.5 30.507 30.545 30.552 30.585 30.6 30.635 30.645 30.695 30.732 30.78 30.825 30.812 30.802 30.782 30.775 30.75 30.745 30.73 30.712 30.722 30.755 30.81 30.825 30.867 30.86 30.905 30.917 30.885 30.897 30.882 30.872 30.865 30.882 30.867 30.897 30.922 30.902 30.935 30.982 30.962 30.987 30.962 30.965 30.962 30.955 30.942 30.945 30.912 30.88 30.867 30.845 30.835 30.865 30.867 30.837 30.817 30.837 30.832 30.827 30.792 30.78 30.775 30.75 30.735 30.712 30.72 30.7 30.702 30.66 30.697 30.69
30.42 30.462 30.502 30.527 30.527 30.562 30.585 30.627 30.625 30.647 30.677 30.742 30.765 30.762 30.802 30.777 30.785 30.742 30.735 30.712 30.71 30.705 30.72 30.745 30.785 30.82 30.84 30.872 30.86 30.86 30.845 30.872 30.857 30.82 30.832 30.882 30.887 30.867 30.877 30.905 30.922 30.95 30.967 30.952 30.952 30.96 30.96 30.957 30.952 30.932 30.88 30.872 30.852 30.85 30.847 30.86 30.827 30.807 30.812 30.822 30.815 30.78 30.802 30.775 30.767 30.74 30.745 30.74 30.71 30.73 30.72 30.697 30.682
30.387 30.415 30.427 30.467 30.52 30.57 30.595 30.627 30.61 30.605 30.61 30.657 30.71 30.752 30.817 30.785 30.732 30.73 30.732 30.692 30.712 30.712 30.725 30.72 30.737 30.76 30.817 30.855 30.84 30.855 30.847 30.832 30.827 30.865 30.857 30.86 30.885 30.872 30.847 30.88 30.907 30.922 30.945 30.97 30.955 30.97 30.972 30.975 30.957 30.92 30.865 30.845 30.845 30.855 30.852 30.837 30.82 30.81 30.807 30.82 30.787 30.792 30.792 30.792 30.787 30.785 30.792 30.765 30.725 30.73 30.717 30.682 30.665
30.4 30.397 30.435 30.475 30.517 30.585 30.585 30.595 30.592 30.587 30.592 30.635 30.707 30.74 30.755 30.78 30.762 30.745 30.717 30.712 30.7 30.677 30.682 30.672 30.692 30.732 30.752 30.76 30.825 30.845 30.845 30.825 30.852 30.827 30.862 30.897 30.86 30.867 30.895 30.9 30.922 30.912 30.937 30.935 30.935 30.94 30.942 30.95 30.945 30.922 30.87 30.865 30.89 30.822 30.815 30.81 30.797 30.775 30.795 30.78 30.8 30.812 30.792 30.78 30.782 30.785 30.777 30.742 30.735 30.715 30.73 30.707 30.642
30.355 30.372 30.432 30.46 30.497 30.532 30.54 30.572 30.582 30.592 30.592 30.63 30.685 30.682 30.725 30.76 30.74 30.732 30.735 30.695 30.69 30.69 30.68 30.692 30.685 30.712 30.75 30.707 30.792 30.807 30.822 30.842 30.825 30.795 30.807 30.842 30.847 30.857 30.895 30.897 30.902 30.912 30.902 30.942 30.905 30.917 30.945 30.942 30.927 30.945 30.935 30.89 30.875 30.837 30.832 30.83 30.8 30.805 30.812 30.8 30.802 30.835 30.817 30.782 30.782 30.787 30.762 30.742 30.742 30.69 30.672 30.65 30.615
30.34 30.372 30.392 30.45 30.462 30.495 30.517 30.54 30.582 30.58 30.562 30.597 30.642 30.68 30.7 30.747 30.737 30.712 30.712 30.68 30.66 30.685 30.682 30.667 30.672 30.695 30.737 30.737 30.812 30.8 30.81 30.812 30.807 30.81 30.852 30.845 30.822 30.84 30.865 30.862 30.85 30.87 30.865 30.87 30.882 30.915 30.92 30.915 30.925 30.905 30.915 30.892 30.862 30.827 30.845 30.81 30.797 30.815 30.827 30.795 30.785 30.792 30.792 30.795 30.77 30.742 30.745 30.732 30.71 30.665 30.627 30.627 30.6
30.297 30.31 30.352 30.445 30.462 30.485 30.502 30.522 30.54 30.525 30.545 30.6 30.635 30.642 30.682 30.707 30.727 30.73 30.745 30.697 30.675 30.657 30.657 30.652 30.67 30.67 30.71 30.737 30.782 30.812 30.81 30.752 30.792 30.807 30.815 30.805 30.817 30.825 30.82 30.83 30.822 30.845 30.822 30.875 30.89 30.897 30.925 30.915 30.917 30.93 30.927 30.882 30.842 30.84 30.832 30.825 30.815 30.817 30.817 30.805 30.807 30.787 30.77 30.767 30.767 30.752 30.712 30.72 30.717 30.655 30.615 30.617 30.607
30.247 30.275 30.305 30.367 30.407 30.45 30.497 30.51 30.505 30.525 30.542 30.557 30.57 30.607 30.652 30.69 30.72 30.717 30.737 30.702 30.657 30.61 30.632 30.61 30.645 30.645 30.687 30.74 30.772 30.802 30.807 30.807 30.787 30.8 30.79 30.79 30.782 30.812 30.817 30.81 30.792 30.83 30.877 30.882 30.855 30.877 30.882 30.877 30.905 30.922 30.892 30.88 30.885 30.882 30.832 30.822 30.81 30.805 30.815 30.79 30.77 30.762 30.75 30.785 30.782 30.752 30.707 30.707 30.7 30.66 30.647 30.605 30.587
30.235 30.262 30.267 30.357 30.415 30.442 30.497 30.502 30.492 30.477 30.485 30.492 30.51 30.582 30.64 30.672 30.69 30.715 30.74 30.695 30.66 30.635 30.612 30.6 30.625 30.645 30.68 30.725 30.73 30.77 30.807 30.795 30.787 30.795 30.775 30.772 30.792 30.785 30.802 30.785 30.785 30.807 30.847 30.822 30.805 30.817 30.832 30.837 30.865 30.865 30.867 30.89 30.882 30.85 30.85 30.815 30.795 30.82 30.822 30.815 30.762 30.735 30.757 30.74 30.717 30.682 30.692 30.675 30.647 30.642 30.607 30.585 30.56
30.205 30.252 30.295 30.355 30.39 30.41 30.455 30.462 30.462 30.47 30.512 30.482 30.487 30.56 30.615 30.637 30.67 30.71 30.742 30.705 30.655 30.657 30.637 30.63 30.64 30.645 30.705 30.702 30.722 30.762 30.76 30.77 30.757 30.777 30.775 30.775 30.76 30.805 30.797 30.8 30.76 30.77 30.777 30.75 30.772 30.797 30.812 30.852 30.86 30.845 30.84 30.872 30.86 30.842 30.827 30.82 30.815 30.8 30.782 30.775 30.727 30.722 30.73 30.715 30.675 30.667 30.677 30.64 30.605 30.582 30.592 30.565 30.552
30.17 30.217 30.275 30.295 30.305 30.36 30.432 30.455 30.455 30.472 30.442 30.457 30.47 30.547 30.542 30.555 30.642 30.677 30.67 30.69 30.627 30.637 30.662 30.607 30.655 30.655 30.685 30.687 30.672 30.755 30.75 30.75 30.755 30.757 30.767 30.797 30.807 30.752 30.78 30.77 30.71 30.767 30.76 30.74 30.765 30.77 30.795 30.825 30.825 30.837 30.855 30.855 30.83 30.817 30.815 30.817 30.777 30.76 30.722 30.737 30.7 30.7 30.715 30.68 30.672 30.67 30.63 30.625 30.59 30.545 30.545 30.517 30.557
30.13 30.2 30.237 30.272 30.31 30.35 30.41 30.452 30.452 30.43 30.425 30.46 30.465 30.477 30.487 30.545 30.587 30.6 30.61 30.642 30.617 30.637 30.625 30.61 30.637 30.647 30.675 30.712 30.715 30.725 30.715 30.735 30.795 30.762 30.76 30.772 30.772 30.737 30.74 30.767 30.74 30.725 30.747 30.74 30.782 30.755 30.765 30.775 30.807 30.815 30.817 30.822 30.852 30.817 30.827 30.77 30.745 30.747 30.732 30.727 30.707 30.665 30.652 30.675 30.657 30.612 30.607 30.595 30.552 30.55 30.572 30.525 30.507
30.095 30.152 30.172 30.262 30.325 30.367 30.405 30.42 30.442 30.432 30.432 30.417 30.415 30.412 30.445 30.48 30.535 30.57 30.6 30.62 30.602 30.592 30.607 30.607 30.617 30.637 30.672 30.697 30.71 30.717 30.725 30.727 30.752 30.73 30.75 30.74 30.745 30.73 30.74 30.75 30.705 30.71 30.722 30.717 30.725 30.725 30.755 30.737 30.775 30.775 30.82 30.842 30.817 30.827 30.777 30.757 30.742 30.745 30.727 30.672 30.697 30.687 30.65 30.65 30.6 30.592 30.6 30.592 30.547 30.552 30.537 30.502 30.49
30.025 30.117 30.15 30.227 30.285 30.31 30.36 30.422 30.432 30.45 30.447 30.41 30.402 30.412 30.405 30.41 30.48 30.527 30.557 30.552 30.572 30.575 30.565 30.58 30.602 30.607 30.625 30.645 30.675 30.71 30.697 30.725 30.715 30.715 30.742 30.747 30.717 30.722 30.7 30.692 30.72 30.72 30.692 30.717 30.71 30.725 30.742 30.73 30.752 30.742 30.777 30.8 30.787 30.772 30.747 30.737 30.707 30.667 30.667 30.662 30.642 30.612 30.602 30.6 30.617 30.577 30.565 30.537 30.52 30.517 30.492 30.472 30.482
30.007 30.067 30.12 30.18 30.247 30.325 30.342 30.4 30.407 30.45 30.452 30.402 30.412 30.4 30.37 30.362 30.412 30.46 30.472 30.502 30.487 30.527 30.56 30.547 30.567 30.572 30.592 30.637 30.64 30.67 30.682 30.677 30.705 30.695 30.73 30.747 30.71 30.705 30.71 30.705 30.642 30.687 30.692 30.675 30.687 30.695 30.687 30.67 30.677 30.722 30.737 30.725 30.717 30.717 30.725 30.71 30.677 30.642 30.607 30.62 30.607 30.597 30.58 30.582 30.615 30.552 30.55 30.492 30.522 30.492 30.48 30.48 30.48
29.97 30.012 30.062 30.122 30.24 30.277 30.307 30.352 30.39 30.377 30.41 30.425 30.387 30.355 30.377 30.382 30.367 30.385 30.4 30.447 30.447 30.47 30.522 30.542 30.555 30.562 30.575 30.595 30.6 30.61 30.605 30.637 30.64 30.692 30.717 30.707 30.705 30.697 30.687 30.665 30.652 30.655 30.67 30.657 30.655 30.67 30.672 30.687 30.657 30.64 30.667 30.637 30.645 30.662 30.675 30.657 30.65 30.617 30.602 30.58 30.575 30.58 30.537 30.567 30.567 30.52 30.512 30.477 30.48 30.535 30.49 30.467 30.427
29.93 29.98 30.045 30.097 30.185 30.242 30.265 30.322 30.362 30.337 30.365 30.395 30.362 30.392 30.357 30.37 30.355 30.375 30.385 30.402 30.407 30.447 30.455 30.477 30.495 30.485 30.475 30.485 30.515 30.557 30.565 30.637 30.655 30.675 30.657 30.657 30.662 30.675 30.687 30.675 30.65 30.64 30.667 30.652 30.655 30.637 30.615 30.647 30.657 30.61 30.612 30.585 30.627 30.637 30.637 30.637 30.617 30.597 30.585 30.567 30.585 30.58 30.542 30.55 30.542 30.53 30.54 30.495 30.477 30.492 30.455 30.475 30.472
29.907 29.957 30.022 30.06 30.112 30.155 30.205 30.257 30.26 30.27 30.295 30.33 30.322 30.33 30.32 30.335 30.35 30.345 30.345 30.37 30.37 30.372 30.392 30.385 30.445 30.437 30.457 30.487 30.47 30.502 30.505 30.565 30.607 30.575 30.585 30.612 30.62 30.65 30.645 30.635 30.62 30.642 30.647 30.615 30.607 30.632 30.61 30.6 30.627 30.61 30.577 30.567 30.575 30.625 30.612 30.617 30.585 30.57 30.55 30.562 30.547 30.57 30.53 30.515 30.5 30.525 30.537 30.5 30.465 30.455 30.462 30.465 30.467
29.862 29.922 29.99 30.007 30.072 30.092 30.142 30.202 30.22 30.222 30.245 30.277 30.302 30.302 30.305 30.302 30.322 30.312 30.322 30.35 30.357 30.372 30.392 30.385 30.415 30.432 30.437 30.455 30.45 30.442 30.47 30.552 30.56 30.56 30.562 30.572 30.545 30.592 30.605 30.607 30.602 30.617 30.635 30.607 30.62 30.595 30.605 30.582 30.587 30.575 30.567 30.552 30.56 30.605 30.572 30.582 30.572 30.562 30.525 30.575 30.542 30.545 30.512 30.51 30.522 30.515 30.487 30.46 30.48 30.507 30.492 30.452 30.455
29.875 29.897 29.942 29.982 30.03 30.082 30.105 30.127 30.162 30.197 30.23 30.24 30.28 30.287 30.28 30.3 30.302 30.27 30.327 30.322 30.325 30.375 30.405 30.41 30.445 30.465 30.457 30.45 30.425 30.455 30.465 30.462 30.467 30.477 30.54 30.532 30.522 30.56 30.602 30.577 30.6 30.595 30.607 30.562 30.602 30.607 30.58 30.557 30.55 30.527 30.545 30.55 30.542 30.555 30.55 30.54 30.55 30.555 30.56 30.567 30.527 30.525 30.497 30.492 30.517 30.502 30.475 30.477 30.475 30.482 30.412 30.46 30.43
29.817 29.852 29.897 29.9 29.957 30.02 30.082 30.127 30.125 30.16 30.18 30.225 30.227 30.24 30.26 30.287 30.287 30.282 30.317 30.322 30.325 30.367 30.397 30.437 30.455 30.485 30.462 30.442 30.447 30.445 30.44 30.447 30.435 30.465 30.482 30.505 30.515 30.535 30.562 30.542 30.55 30.56 30.547 30.555 30.56 30.547 30.527 30.532 30.527 30.51 30.532 30.505 30.492 30.545 30.535 30.56 30.562 30.56 30.58 30.53 30.517 30.49 30.497 30.497 30.502 30.49 30.492 30.465 30.47 30.48 30.435 30.452 30.45
29.775 29.84 29.85 29.892 29.945 30.002 30.045 30.09 30.087 30.125 30.122 30.167 30.187 30.217 30.255 30.295 30.29 30.282 30.312 30.34 30.385 30.417 30.415 30.442 30.47 30.492 30.502 30.497 30.485 30.462 30.44 30.447 30.4 30.435 30.46 30.52 30.515 30.507 30.502 30.545 30.575 30.575 30.565 30.557 30.515 30.512 30.5 30.502 30.507 30.512 30.49 30.51 30.52 30.535 30.535 30.52 30.567 30.56 30.537 30.55 30.542 30.517 30.487 30.492 30.515 30.482 30.48 30.452 30.467 30.455 30.44 30.465 30.437
29.727 29.755 29.81 29.885 29.942 29.967 30.017 30.002 30.047 30.082 30.1 30.135 30.147 30.195 30.262 30.285 30.33 30.332 30.31 30.345 30.372 30.407 30.427 30.46 30.485 30.477 30.525 30.522 30.477 30.48 30.45 30.427 30.397 30.46 30.46 30.46 30.492 30.487 30.487 30.525 30.56 30.587 30.557 30.562 30.542 30.522 30.492 30.495 30.505 30.53 30.515 30.505 30.507 30.492 30.515 30.53 30.537 30.56 30.582 30.562 30.507 30.507 30.492 30.475 30.48 30.457 30.462 30.475 30.447 30.49 30.45 30.417 30.432
29.682 29.715 29.78 29.865 29.882 29.887 29.942 29.99 30.005 30.08 30.107 30.11 30.137 30.187 30.217 30.275 30.292 30.305 30.302 30.337 30.38 30.407 30.41 30.445 30.46 30.485 30.457 30.475 30.485 30.482 30.417 30.442 30.447 30.487 30.497 30.492 30.49 30.467 30.507 30.525 30.527 30.54 30.555 30.542 30.52 30.49 30.5 30.48 30.5 30.512 30.517 30.487 30.527 30.56 30.572 30.555 30.567 30.56 30.582 30.602 30.522 30.502 30.502 30.502 30.472 30.472 30.477 30.48 30.462 30.432 30.425 30.42 30.4
29.667 29.695 29.752 29.777 29.815 29.857 29.925 29.937 29.96 30.002 30.025 30.085 30.127 30.192 30.225 30.25 30.277 30.312 30.31 30.325 30.34 30.38 30.437 30.445 30.48 30.492 30.475 30.475 30.49 30.47 30.462 30.46 30.462 30.49 30.482 30.48 30.53 30.507 30.485 30.482 30.492 30.512 30.51 30.512 30.53 30.535 30.52 30.482 30.482 30.505 30.54 30.522 30.537 30.545 30.57 30.567 30.55 30.577 30.575 30.572 30.55 30.525 30.512 30.485 30.477 30.485 30.447 30.455 30.435 30.445 30.45 30.42 30.42
29.62 29.652 29.717 29.74 29.805 29.852 29.91 29.905 29.957 29.955 29.985 30.075 30.125 30.195 30.202 30.222 30.227 30.255 30.297 30.317 30.342 30.367 30.397 30.415 30.475 30.462 30.452 30.43 30.457 30.442 30.462 30.47 30.442 30.435 30.465 30.47 30.477 30.47 30.502 30.495 30.507 30.52 30.51 30.562 30.53 30.525 30.515 30.527 30.492 30.49 30.537 30.557 30.545 30.535 30.532 30.552 30.55 30.567 30.53 30.53 30.537 30.542 30.52 30.482 30.492 30.45 30.422 30.425 30.42 30.435 30.412 30.395 30.387
