LIDAR/se2786_DTM_2M.asc
ncols 500
nrows 500
xllcorner    427000
yllcorner    486000
cellsize     2
NODATA_value -9999
[rows 416 to 447 of 500, columns 292 to 364 of 500]
30.233 30.3 30.385 30.365 29.625 29.103 28.833 28.703 29.005 29.848 30.238 30.37 30.353 30.353 30.37 30.348 30.328 30.345 30.32 30.345 30.363 30.36 30.378 30.433 30.413 30.425 30.398 30.408 30.398 30.423 30.395 30.383 30.388 30.405 30.413 30.443 30.463 30.515 30.58 30.668 30.775 30.903 31.01 31.118 31.235 31.353 31.43 31.495 31.573 31.638 31.665 31.665 31.648 31.61 31.555 31.49 31.415 31.32 31.223 31.148 31.078 31.028 30.993 30.93 30.923 30.923 30.908 30.94 30.953 30.975 30.978 31.013 31.03
30.095 29.878 30.115 29.535 28.978 28.845 28.808 29.243 30 30.32 30.395 30.368 30.405 30.393 30.4 30.353 30.355 30.368 30.358 30.393 30.43 30.405 30.41 30.453 30.453 30.473 30.478 30.443 30.415 30.45 30.403 30.405 30.395 30.423 30.415 30.463 30.483 30.56 30.595 30.705 30.795 30.888 31.035 31.135 31.2 31.348 31.45 31.495 31.568 31.635 31.673 31.683 31.658 31.623 31.558 31.488 31.443 31.338 31.245 31.173 31.078 31.053 31.01 31.025 30.97 30.965 30.968 30.97 30.965 30.975 31.013 31.038 31.048
29.838 29.14 28.85 28.825 29.208 29.448 29.423 29.75 30.313 30.395 30.355 30.408 30.423 30.43 30.418 30.41 30.408 30.365 30.428 30.458 30.463 30.45 30.45 30.46 30.46 30.488 30.468 30.44 30.43 30.465 30.415 30.385 30.4 30.458 30.455 30.528 30.54 30.583 30.638 30.73 30.803 30.91 31.04 31.113 31.198 31.328 31.43 31.505 31.568 31.643 31.665 31.673 31.66 31.625 31.593 31.53 31.448 31.36 31.273 31.188 31.118 31.07 31.035 30.98 30.97 30.965 30.975 31.003 30.985 30.988 31.055 31.078 31.095
28.925 29 29.015 29.6 29.98 29.93 29.973 30.15 30.38 30.36 30.39 30.413 30.42 30.448 30.413 30.398 30.408 30.423 30.473 30.5 30.5 30.478 30.5 30.493 30.533 30.548 30.493 30.503 30.458 30.463 30.473 30.438 30.463 30.508 30.513 30.548 30.535 30.608 30.693 30.738 30.83 30.953 31.023 31.12 31.193 31.3 31.415 31.5 31.553 31.598 31.618 31.673 31.6 31.58 31.533 31.508 31.425 31.36 31.275 31.168 31.118 31.053 31.035 31.038 30.995 30.995 31.045 31.033 31.038 31.048 31.075 31.108 31.118
29.295 29.713 29.765 29.953 30.385 30.35 30.293 30.328 30.343 30.375 30.41 30.413 30.428 30.44 30.463 30.448 30.453 30.483 30.528 30.55 30.528 30.553 30.555 30.545 30.565 30.548 30.548 30.548 30.52 30.518 30.51 30.503 30.498 30.535 30.55 30.568 30.583 30.628 30.728 30.763 30.868 30.953 31.01 31.073 31.195 31.293 31.388 31.443 31.553 31.588 31.573 31.633 31.588 31.573 31.513 31.468 31.413 31.328 31.258 31.2 31.125 31.058 31.008 31.063 31.043 31.043 31.04 31.05 31.063 31.07 31.115 31.15 31.153
29.928 29.988 30.098 30.158 30.358 30.32 30.308 30.335 30.325 30.335 30.363 30.363 30.413 30.44 30.435 30.48 30.513 30.523 30.543 30.543 30.565 30.578 30.588 30.583 30.6 30.57 30.59 30.6 30.563 30.538 30.498 30.505 30.52 30.533 30.583 30.605 30.645 30.695 30.703 30.805 30.865 30.945 31.015 31.108 31.183 31.255 31.328 31.45 31.508 31.56 31.56 31.525 31.543 31.523 31.465 31.415 31.368 31.313 31.25 31.203 31.12 31.075 31.053 31.015 31.058 31.06 31.058 31.08 31.093 31.138 31.165 31.193 31.158
30.16 30.133 30.16 30.22 30.25 30.28 30.298 30.29 30.295 30.303 30.363 30.4 30.418 30.458 30.465 30.495 30.503 30.57 30.583 30.585 30.595 30.615 30.663 30.625 30.628 30.598 30.613 30.598 30.618 30.603 30.548 30.565 30.588 30.575 30.598 30.62 30.643 30.7 30.768 30.83 30.853 30.92 31.043 31.135 31.193 31.268 31.32 31.39 31.465 31.5 31.518 31.503 31.483 31.495 31.45 31.435 31.37 31.278 31.198 31.143 31.115 31.108 31.06 31.028 31.07 31.078 31.088 31.11 31.125 31.138 31.155 31.168 31.185
30.218 30.158 30.178 30.218 30.238 30.278 30.313 30.31 30.323 30.34 30.393 30.42 30.428 30.463 30.515 30.525 30.528 30.58 30.608 30.628 30.658 30.678 30.718 30.66 30.658 30.648 30.65 30.64 30.65 30.653 30.615 30.6 30.61 30.638 30.64 30.645 30.71 30.735 30.745 30.815 30.898 30.958 31.028 31.093 31.165 31.243 31.298 31.325 31.415 31.448 31.49 31.478 31.428 31.468 31.413 31.363 31.315 31.268 31.198 31.19 31.148 31.065 31.048 31.05 31.055 31.08 31.125 31.145 31.158 31.158 31.18 31.188 31.205
30.173 30.2 30.233 30.225 30.23 30.268 30.303 30.335 30.335 30.338 30.43 30.45 30.48 30.523 30.56 30.553 30.58 30.613 30.638 30.673 30.71 30.71 30.715 30.723 30.698 30.665 30.7 30.693 30.703 30.715 30.685 30.68 30.66 30.68 30.673 30.678 30.728 30.753 30.78 30.835 30.913 30.94 31.058 31.128 31.165 31.235 31.298 31.303 31.388 31.413 31.453 31.425 31.408 31.398 31.375 31.355 31.32 31.273 31.203 31.178 31.148 31.063 31.063 31.09 31.1 31.115 31.165 31.15 31.155 31.18 31.233 31.205 31.203
30.168 30.175 30.205 30.238 30.26 30.258 30.285 30.308 30.333 30.41 30.435 30.455 30.5 30.525 30.555 30.58 30.593 30.658 30.708 30.715 30.733 30.743 30.728 30.78 30.74 30.775 30.775 30.75 30.76 30.768 30.693 30.705 30.695 30.7 30.725 30.733 30.75 30.82 30.853 30.883 30.968 31.01 31.058 31.115 31.163 31.233 31.268 31.25 31.323 31.35 31.393 31.383 31.4 31.398 31.38 31.33 31.31 31.258 31.22 31.155 31.158 31.098 31.07 31.098 31.123 31.12 31.175 31.195 31.19 31.205 31.255 31.255 31.223
30.185 30.225 30.255 30.23 30.243 30.24 30.275 30.313 30.33 30.393 30.393 30.448 30.513 30.55 30.605 30.62 30.638 30.733 30.733 30.74 30.76 30.79 30.828 30.813 30.788 30.803 30.778 30.77 30.74 30.74 30.738 30.735 30.725 30.748 30.745 30.785 30.81 30.84 30.875 30.933 30.933 31.03 31.075 31.12 31.183 31.203 31.218 31.255 31.278 31.328 31.338 31.35 31.358 31.335 31.323 31.313 31.3 31.255 31.238 31.145 31.14 31.148 31.103 31.125 31.135 31.138 31.16 31.198 31.235 31.238 31.263 31.28 31.245
30.203 30.158 30.2 30.195 30.19 30.19 30.248 30.295 30.328 30.403 30.43 30.483 30.555 30.583 30.615 30.64 30.673 30.755 30.778 30.778 30.78 30.813 30.833 30.835 30.81 30.833 30.828 30.823 30.758 30.735 30.755 30.738 30.753 30.773 30.768 30.813 30.853 30.895 30.94 30.983 30.985 31.028 31.085 31.12 31.165 31.205 31.228 31.25 31.285 31.28 31.273 31.3 31.303 31.293 31.308 31.31 31.308 31.283 31.243 31.195 31.215 31.173 31.165 31.16 31.175 31.178 31.18 31.225 31.233 31.265 31.255 31.285 31.28
30.135 30.165 30.195 30.225 30.21 30.243 30.298 30.313 30.345 30.395 30.448 30.498 30.55 30.59 30.62 30.663 30.67 30.728 30.77 30.808 30.805 30.84 30.853 30.84 30.843 30.835 30.84 30.835 30.813 30.808 30.785 30.765 30.79 30.808 30.775 30.825 30.875 30.908 30.97 31.028 31.028 31.07 31.118 31.148 31.14 31.195 31.24 31.22 31.215 31.253 31.285 31.278 31.268 31.285 31.308 31.295 31.315 31.283 31.245 31.248 31.278 31.263 31.225 31.22 31.18 31.19 31.235 31.268 31.248 31.29 31.288 31.313 31.303
30.16 30.218 30.205 30.233 30.188 30.26 30.333 30.365 30.403 30.405 30.475 30.48 30.543 30.588 30.598 30.648 30.683 30.708 30.77 30.793 30.815 30.843 30.885 30.855 30.83 30.815 30.79 30.83 30.84 30.805 30.805 30.803 30.818 30.825 30.818 30.893 30.918 30.948 30.98 31.04 31.068 31.09 31.133 31.17 31.155 31.193 31.238 31.233 31.19 31.233 31.283 31.24 31.225 31.265 31.273 31.278 31.283 31.308 31.255 31.298 31.313 31.263 31.263 31.283 31.24 31.26 31.255 31.303 31.3 31.32 31.325 31.3 31.305
30.178 30.195 30.218 30.243 30.265 30.33 30.35 30.398 30.423 30.435 30.465 30.54 30.573 30.613 30.655 30.715 30.703 30.745 30.77 30.81 30.878 30.86 30.885 30.875 30.88 30.853 30.828 30.835 30.863 30.793 30.81 30.803 30.828 30.885 30.863 30.925 30.963 31.018 31.02 31.058 31.118 31.118 31.14 31.18 31.218 31.21 31.235 31.223 31.21 31.218 31.263 31.29 31.24 31.25 31.283 31.275 31.298 31.308 31.313 31.353 31.368 31.395 31.365 31.35 31.335 31.305 31.33 31.313 31.325 31.328 31.34 31.32 31.303
30.208 30.188 30.243 30.243 30.293 30.34 30.37 30.365 30.41 30.428 30.493 30.553 30.59 30.615 30.668 30.733 30.728 30.743 30.793 30.825 30.838 30.85 30.865 30.85 30.865 30.86 30.835 30.803 30.79 30.8 30.833 30.833 30.895 30.915 30.943 30.975 31.008 31.05 31.083 31.11 31.15 31.178 31.178 31.2 31.258 31.27 31.27 31.248 31.248 31.263 31.308 31.32 31.28 31.28 31.313 31.3 31.3 31.353 31.373 31.39 31.413 31.445 31.43 31.408 31.398 31.39 31.38 31.373 31.345 31.343 31.363 31.343 31.3
30.22 30.23 30.23 30.25 30.308 30.355 30.388 30.42 30.445 30.453 30.498 30.565 30.62 30.643 30.683 30.725 30.78 30.77 30.795 30.818 30.83 30.843 30.855 30.85 30.855 30.805 30.85 30.815 30.803 30.84 30.88 30.883 30.9 30.933 30.985 31.035 31.083 31.113 31.128 31.163 31.195 31.213 31.218 31.25 31.28 31.32 31.3 31.318 31.313 31.313 31.35 31.348 31.308 31.345 31.363 31.395 31.363 31.388 31.443 31.463 31.445 31.45 31.448 31.455 31.455 31.44 31.388 31.368 31.38 31.358 31.358 31.325 31.3
30.298 30.29 30.3 30.273 30.325 30.338 30.378 30.448 30.465 30.495 30.535 30.588 30.62 30.628 30.673 30.708 30.723 30.808 30.78 30.825 30.815 30.813 30.815 30.825 30.853 30.813 30.805 30.823 30.838 30.865 30.928 30.933 30.948 30.963 31.065 31.085 31.143 31.168 31.208 31.233 31.243 31.283 31.3 31.313 31.328 31.36 31.338 31.355 31.385 31.38 31.38 31.375 31.403 31.398 31.355 31.398 31.453 31.438 31.423 31.49 31.493 31.48 31.508 31.513 31.503 31.515 31.433 31.418 31.39 31.38 31.325 31.36 31.355
30.345 30.343 30.338 30.325 30.365 30.38 30.403 30.425 30.445 30.485 30.493 30.58 30.61 30.648 30.643 30.683 30.718 30.733 30.79 30.803 30.798 30.808 30.81 30.823 30.843 30.868 30.838 30.86 30.86 30.923 30.95 30.985 31.03 31.013 31.09 31.17 31.195 31.225 31.26 31.298 31.288 31.305 31.328 31.36 31.383 31.385 31.4 31.41 31.43 31.433 31.425 31.445 31.46 31.45 31.428 31.455 31.49 31.475 31.508 31.518 31.525 31.568 31.555 31.545 31.533 31.528 31.495 31.463 31.4 31.4 31.348 31.323 31.344
30.4 30.383 30.375 30.395 30.383 30.388 30.408 30.425 30.45 30.505 30.55 30.565 30.618 30.628 30.645 30.673 30.723 30.733 30.775 30.78 30.803 30.808 30.84 30.838 30.858 30.89 30.883 30.91 30.95 30.96 30.998 31.033 31.078 31.123 31.175 31.223 31.28 31.305 31.308 31.348 31.348 31.36 31.388 31.403 31.433 31.473 31.478 31.483 31.495 31.508 31.495 31.478 31.503 31.508 31.505 31.52 31.525 31.515 31.563 31.55 31.555 31.605 31.608 31.575 31.56 31.553 31.535 31.48 31.395 31.365 31.369 31.343 31.346
30.44 30.43 30.393 30.398 30.38 30.408 30.41 30.438 30.485 30.5 30.51 30.583 30.613 30.618 30.688 30.713 30.755 30.783 30.783 30.8 30.808 30.828 30.853 30.85 30.88 30.903 30.955 30.978 31.023 31.03 31.065 31.103 31.165 31.188 31.215 31.263 31.325 31.328 31.355 31.395 31.428 31.465 31.458 31.505 31.52 31.5 31.525 31.51 31.553 31.56 31.535 31.53 31.55 31.555 31.548 31.538 31.54 31.565 31.585 31.588 31.6 31.618 31.623 31.62 31.59 31.558 31.523 31.508 31.446 31.418 31.346 31.379 31.348
30.468 30.47 30.405 30.46 30.448 30.455 30.455 30.475 30.495 30.535 30.56 30.608 30.625 30.61 30.66 30.7 30.748 30.758 30.76 30.778 30.81 30.82 30.863 30.878 30.925 30.935 30.98 31.03 31.058 31.11 31.168 31.165 31.205 31.24 31.268 31.32 31.388 31.393 31.415 31.435 31.455 31.525 31.508 31.53 31.585 31.6 31.57 31.6 31.613 31.61 31.623 31.618 31.598 31.588 31.583 31.595 31.58 31.58 31.598 31.62 31.655 31.668 31.663 31.668 31.64 31.603 31.598 31.536 31.496 31.44 31.381 31.378 31.353
30.515 30.5 30.49 30.513 30.528 30.465 30.498 30.538 30.53 30.545 30.59 30.61 30.62 30.628 30.678 30.69 30.743 30.75 30.768 30.785 30.825 30.84 30.893 30.908 30.963 30.983 31.058 31.083 31.105 31.15 31.218 31.225 31.29 31.29 31.33 31.378 31.455 31.448 31.483 31.493 31.52 31.578 31.595 31.573 31.625 31.645 31.62 31.673 31.673 31.688 31.675 31.665 31.643 31.625 31.648 31.61 31.633 31.62 31.61 31.638 31.663 31.68 31.663 31.678 31.693 31.652 31.592 31.588 31.508 31.465 31.41 31.367 31.375
30.57 30.548 30.508 30.505 30.53 30.5 30.503 30.51 30.528 30.573 30.588 30.613 30.64 30.658 30.668 30.695 30.695 30.73 30.8 30.803 30.833 30.855 30.923 30.955 31.028 31.068 31.108 31.14 31.153 31.215 31.258 31.31 31.355 31.373 31.423 31.463 31.48 31.51 31.523 31.543 31.57 31.613 31.645 31.623 31.68 31.705 31.703 31.723 31.715 31.685 31.715 31.688 31.675 31.658 31.653 31.65 31.625 31.64 31.655 31.67 31.658 31.68 31.7 31.703 31.695 31.669 31.632 31.598 31.562 31.524 31.441 31.37 31.385
30.63 30.623 30.558 30.563 30.543 30.54 30.528 30.558 30.618 30.6 30.62 30.63 30.64 30.678 30.66 30.688 30.698 30.715 30.765 30.808 30.82 30.888 30.955 31 31.035 31.105 31.128 31.183 31.233 31.278 31.325 31.36 31.403 31.423 31.483 31.49 31.523 31.525 31.575 31.605 31.62 31.655 31.713 31.715 31.74 31.743 31.778 31.775 31.773 31.763 31.753 31.75 31.733 31.718 31.723 31.695 31.7 31.673 31.65 31.69 31.693 31.703 31.708 31.708 31.696 31.701 31.658 31.609 31.551 31.524 31.484 31.393 31.383
30.68 30.645 30.608 30.613 30.61 30.583 30.555 30.548 30.603 30.59 30.623 30.61 30.65 30.66 30.655 30.68 30.7 30.743 30.768 30.808 30.828 30.903 30.978 31.038 31.078 31.14 31.178 31.26 31.31 31.345 31.368 31.425 31.44 31.468 31.515 31.548 31.565 31.6 31.623 31.655 31.688 31.723 31.733 31.74 31.793 31.785 31.805 31.79 31.785 31.795 31.783 31.778 31.795 31.763 31.77 31.73 31.74 31.73 31.74 31.743 31.718 31.741 31.734 31.728 31.717 31.712 31.686 31.638 31.577 31.55 31.51 31.426 31.403
30.725 30.663 30.643 30.658 30.618 30.595 30.61 30.598 30.625 30.615 30.593 30.643 30.653 30.663 30.658 30.693 30.705 30.738 30.793 30.828 30.855 30.945 31.03 31.07 31.128 31.173 31.233 31.273 31.335 31.368 31.38 31.453 31.505 31.548 31.543 31.588 31.628 31.638 31.66 31.713 31.743 31.775 31.763 31.803 31.855 31.845 31.838 31.84 31.855 31.8 31.793 31.798 31.81 31.805 31.783 31.743 31.75 31.788 31.763 31.779 31.765 31.771 31.758 31.782 31.752 31.727 31.697 31.648 31.619 31.582 31.556 31.491 31.439
30.778 30.715 30.723 30.663 30.653 30.633 30.645 30.625 30.578 30.598 30.615 30.648 30.653 30.668 30.66 30.675 30.74 30.775 30.77 30.838 30.908 30.97 31.043 31.073 31.173 31.22 31.293 31.315 31.358 31.403 31.448 31.453 31.533 31.57 31.59 31.653 31.65 31.673 31.708 31.733 31.765 31.8 31.803 31.86 31.885 31.878 31.875 31.873 31.86 31.853 31.838 31.825 31.838 31.83 31.828 31.798 31.785 31.797 31.792 31.815 31.818 31.801 31.809 31.808 31.788 31.77 31.729 31.677 31.67 31.638 31.587 31.542 31.496
30.81 30.768 30.735 30.713 30.69 30.675 30.645 30.635 30.605 30.648 30.638 30.62 30.633 30.668 30.663 30.693 30.745 30.735 30.798 30.878 30.928 30.99 31.08 31.15 31.2 31.293 31.34 31.383 31.398 31.465 31.503 31.55 31.588 31.588 31.608 31.66 31.693 31.728 31.743 31.77 31.803 31.825 31.808 31.858 31.875 31.893 31.92 31.923 31.863 31.873 31.883 31.89 31.888 31.865 31.85 31.815 31.816 31.836 31.832 31.842 31.838 31.845 31.858 31.849 31.832 31.829 31.77 31.732 31.719 31.671 31.619 31.575 31.535
30.833 30.785 30.758 30.763 30.74 30.73 30.678 30.658 30.628 30.668 30.673 30.63 30.655 30.665 30.678 30.705 30.715 30.765 30.833 30.893 30.943 31.018 31.13 31.17 31.215 31.335 31.373 31.423 31.465 31.495 31.523 31.578 31.59 31.625 31.668 31.715 31.74 31.725 31.763 31.798 31.848 31.875 31.863 31.878 31.908 31.92 31.958 31.96 31.928 31.918 31.918 31.913 31.893 31.925 31.915 31.856 31.854 31.875 31.884 31.862 31.855 31.87 31.848 31.866 31.873 31.841 31.8 31.769 31.746 31.7 31.664 31.617 31.591
30.913 30.828 30.808 30.815 30.813 30.773 30.715 30.668 30.613 30.618 30.663 30.643 30.638 30.655 30.705 30.733 30.735 30.808 30.878 30.935 31.018 31.045 31.145 31.215 31.295 31.378 31.413 31.453 31.458 31.53 31.593 31.638 31.643 31.67 31.693 31.74 31.773 31.803 31.823 31.84 31.888 31.898 31.883 31.898 31.888 31.96 31.955 31.955 31.975 31.95 31.94 31.92 31.915 31.895 31.912 31.912 31.924 31.916 31.889 31.892 31.888 31.887 31.894 31.924 31.891 31.882 31.857 31.821 31.779 31.742 31.69 31.629 31.605
30.928 30.908 30.86 30.835 30.778 30.765 30.723 30.698 30.685 30.67 30.63 30.64 30.635 30.673 30.733 30.755 30.8 30.845 30.938 30.958 31.045 31.123 31.195 31.235 31.325 31.375 31.428 31.465 31.505 31.57 31.603 31.658 31.708 31.718 31.745 31.75 31.798 31.828 31.848 31.88 31.89 31.925 31.938 31.908 31.91 31.958 31.958 31.983 31.993 31.973 31.945 31.947 31.95 31.935 31.963 31.94 31.953 31.928 31.916 31.926 31.929 31.933 31.914 31.943 31.944 31.897 31.878 31.857 31.821 31.779 31.752 31.681 31.626
