LIDAR/se2785_DTM_2M.asc
ncols 500
nrows 500
xllcorner    427000
yllcorner    485000
cellsize     2
NODATA_value -9999
[rows 160 to 191 of 500, columns 144 to 215 of 500]
32.63 32.515 32.385 32.338 32.465 32.485 32.53 32.643 32.64 32.62 32.523 32.58 32.753 32.755 32.79 32.77 32.755 32.76 32.765 32.805 32.913 33.035 33.213 33.373 33.445 33.353 33.435 33.498 33.38 33.218 33.128 33.083 32.973 32.808 32.67 32.72 32.798 32.965 32.823 32.618 32.41 32.22 32.2 32.153 31.875 31.585 31.433 31.4 31.178 31.205 31.308 31.433 31.455 31.568 31.535 31.533 31.46 31.43 31.398 31.37 31.303 31.238 31.245 31.183 31.205 31.183 31.225 31.248 31.338 31.415 31.508 31.598
32.715 32.708 32.608 32.505 32.543 32.488 32.54 32.658 32.693 32.658 32.595 32.625 32.76 32.808 32.78 32.715 32.73 32.785 32.838 32.803 32.91 33.078 33.3 33.468 33.575 33.56 33.473 33.433 33.383 33.3 33.265 33.103 32.968 32.933 32.753 32.678 32.74 32.85 32.81 32.595 32.413 32.243 32.095 31.898 31.448 31.38 31.34 31.33 31.26 31.293 31.313 31.348 31.31 31.328 31.413 31.463 31.445 31.425 31.405 31.348 31.298 31.27 31.263 31.248 31.265 31.278 31.323 31.373 31.445 31.52 31.538 31.485
32.883 32.848 32.81 32.738 32.695 32.638 32.583 32.59 32.595 32.633 32.593 32.568 32.613 32.568 32.63 32.678 32.713 32.755 32.795 32.878 32.975 33.15 33.26 33.445 33.603 33.563 33.525 33.49 33.47 33.385 33.32 33.168 33.015 32.89 32.76 32.698 32.663 32.738 32.573 32.348 32.113 31.905 31.658 31.435 31.328 31.738 31.778 31.543 31.353 31.318 31.295 31.223 31.18 31.208 31.28 31.368 31.403 31.415 31.37 31.34 31.295 31.333 31.36 31.41 31.453 31.438 31.415 31.445 31.395 31.343 31.343 31.32
33.003 32.97 32.895 32.87 32.805 32.713 32.558 32.588 32.61 32.585 32.593 32.538 32.555 32.45 32.473 32.583 32.653 32.748 32.805 32.893 32.98 33.183 33.288 33.43 33.553 33.555 33.635 33.62 33.51 33.44 33.393 33.278 33.088 32.913 32.748 32.618 32.578 32.725 32.405 31.793 31.4 31.355 31.205 31.34 31.705 31.875 31.82 31.693 31.57 31.468 31.33 31.198 31.163 31.158 31.275 31.38 31.415 31.445 31.423 31.433 31.4 31.455 31.48 31.475 31.47 31.433 31.403 31.323 31.275 31.278 31.375 31.343
33.128 33.083 33.058 32.86 32.845 32.808 32.713 32.69 32.685 32.643 32.62 32.555 32.533 32.473 32.44 32.478 32.64 32.773 32.788 32.803 32.963 33.138 33.22 33.355 33.47 33.573 33.593 33.608 33.548 33.475 33.463 33.255 32.66 32.283 32.208 32.155 32.19 32.11 31.655 31.615 31.445 31.453 31.533 31.548 31.688 31.695 31.633 31.638 31.71 31.67 31.565 31.505 31.365 31.168 31.198 31.4 31.47 31.485 31.475 31.453 31.44 31.43 31.425 31.41 31.408 31.373 31.325 31.303 31.245 31.278 31.345 31.34
33.293 33.225 33.19 33.053 33.035 32.965 32.845 32.763 32.708 32.678 32.593 32.468 32.508 32.61 32.625 32.615 32.678 32.758 32.718 32.808 32.983 33.06 33.238 33.448 33.523 33.58 33.593 33.61 33.6 33.588 33.443 32.855 31.995 31.728 31.723 31.82 31.963 31.805 31.76 31.825 31.8 31.873 31.998 31.83 31.578 31.57 31.548 31.628 31.73 31.775 31.698 31.615 31.458 31.313 31.308 31.433 31.475 31.445 31.398 31.395 31.378 31.36 31.373 31.413 31.423 31.308 31.328 31.38 31.335 31.355 31.363 31.353
33.415 33.365 33.285 33.183 33.168 33.08 32.95 32.825 32.79 32.723 32.67 32.593 32.623 32.708 32.64 32.69 32.7 32.748 32.765 32.825 32.97 33.105 33.253 33.438 33.533 33.678 33.608 33.563 33.518 33.348 33.083 32.195 31.678 31.703 31.918 32.055 32.265 32.183 32.165 32.173 32.105 32.023 31.83 31.66 31.585 31.583 31.628 31.688 31.735 31.738 31.628 31.495 31.403 31.383 31.348 31.368 31.405 31.338 31.343 31.328 31.36 31.325 31.4 31.463 31.395 31.353 31.368 31.345 31.29 31.335 31.343 31.345
33.47 33.353 33.315 33.305 33.283 33.195 33.035 32.92 32.878 32.843 32.81 32.745 32.683 32.66 32.705 32.715 32.775 32.758 32.77 32.833 32.885 33.02 33.09 33.345 33.413 33.385 33.268 33.055 32.665 32.318 32.13 31.733 31.875 32.308 32.653 32.54 32.423 32.275 32.133 32.098 31.938 31.793 31.683 31.658 31.685 31.733 31.763 31.763 31.738 31.683 31.623 31.535 31.385 31.208 30.993 31.125 31.25 31.248 31.25 31.21 31.305 31.31 31.42 31.45 31.4 31.398 31.383 31.323 31.31 31.343 31.325 31.345
33.59 33.47 33.465 33.403 33.368 33.268 33.055 33.043 33.005 32.943 32.905 32.713 32.665 32.643 32.635 32.703 32.775 32.793 32.798 32.828 32.81 32.913 32.995 33.1 33 32.79 32.528 32.168 31.745 31.678 31.77 32.27 32.78 33.088 33.045 32.758 32.415 32.19 32.005 31.915 31.848 31.83 31.815 31.798 31.753 31.74 31.688 31.633 31.578 31.498 31.508 31.498 31.488 31.348 31.033 31.055 31.178 31.213 31.168 31.178 31.268 31.31 31.35 31.413 31.4 31.383 31.355 31.328 31.318 31.305 31.358 31.328
33.685 33.608 33.555 33.498 33.428 33.285 33.143 33.09 33.025 32.925 32.828 32.78 32.76 32.673 32.715 32.798 32.79 32.825 32.845 32.795 32.805 32.843 32.948 32.885 32.178 31.778 31.713 31.648 31.973 32.473 32.865 33.23 33.388 33.278 33.11 32.755 32.43 32.22 32.083 31.973 31.88 31.843 31.793 31.715 31.62 31.578 31.473 31.473 31.498 31.498 31.463 31.463 31.545 31.543 31.188 31.053 31.175 31.178 31.17 31.143 31.183 31.23 31.288 31.298 31.328 31.353 31.358 31.375 31.38 31.353 31.36 31.393
33.68 33.635 33.625 33.55 33.458 33.338 33.24 33.163 33.035 32.823 32.76 32.743 32.633 32.725 32.765 32.778 32.833 32.91 32.883 32.723 32.71 32.778 32.593 32.128 31.708 31.87 32.053 32.343 32.878 33.408 33.74 33.778 33.58 33.215 32.958 32.685 32.44 32.258 32.103 31.97 31.868 31.755 31.683 31.58 31.533 31.508 31.478 31.473 31.518 31.533 31.495 31.465 31.47 31.673 31.48 30.995 31.09 31.17 31.215 31.23 31.225 31.188 31.198 31.293 31.325 31.355 31.383 31.38 31.345 31.365 31.378 31.42
33.728 33.735 33.695 33.623 33.508 33.41 33.268 33.278 33.115 33.045 32.93 32.843 32.813 32.758 32.775 32.718 32.718 32.438 32.238 32.043 32.015 31.995 31.903 31.843 32.078 32.775 32.988 33.218 33.443 33.608 33.63 33.533 33.218 32.92 32.725 32.505 32.328 32.195 32.065 31.893 31.838 31.738 31.625 31.553 31.54 31.49 31.48 31.5 31.498 31.533 31.508 31.493 31.475 31.618 31.65 31.183 31.053 31.238 31.223 31.253 31.178 31.138 31.195 31.238 31.258 31.355 31.358 31.363 31.355 31.325 31.403 31.455
33.793 33.83 33.778 33.67 33.568 33.395 33.375 33.265 33.23 33.303 33.115 32.913 32.873 32.728 32.46 32.308 32.118 31.865 31.853 31.893 31.958 31.913 31.965 32.523 32.9 33.245 33.388 33.498 33.418 33.345 33.32 33.14 32.91 32.753 32.615 32.48 32.35 32.255 32.145 31.99 31.87 31.768 31.67 31.583 31.55 31.495 31.465 31.485 31.475 31.525 31.548 31.553 31.5 31.563 31.665 31.375 31.053 31.24 31.18 31.195 31.188 31.158 31.198 31.218 31.28 31.308 31.335 31.408 31.385 31.365 31.405 31.47
33.918 33.895 33.825 33.77 33.673 33.59 33.488 33.37 33.313 33.203 33.105 32.96 32.74 32.453 31.918 31.895 32.173 32.413 32.535 32.548 32.495 32.505 32.633 32.913 33.113 33.253 33.323 33.283 33.145 33.055 33.008 32.903 32.858 32.758 32.693 32.593 32.51 32.383 32.228 32.088 31.935 31.805 31.693 31.583 31.55 31.535 31.49 31.443 31.438 31.503 31.573 31.543 31.523 31.598 31.653 31.555 31.153 31.063 31.143 31.148 31.165 31.168 31.193 31.198 31.218 31.32 31.328 31.37 31.435 31.41 31.458 31.47
34.068 34.003 33.888 33.835 33.773 33.728 33.555 33.4 33.303 33.21 33.085 32.9 32.5 32.01 32.033 32.313 32.735 32.913 32.838 32.823 32.778 32.845 32.913 32.963 33.068 33.013 32.96 32.94 32.945 32.915 32.923 32.97 32.97 32.898 32.818 32.77 32.635 32.485 32.313 32.133 31.99 31.848 31.705 31.63 31.555 31.515 31.483 31.41 31.4 31.443 31.535 31.578 31.58 31.555 31.615 31.658 31.4 30.908 31.045 31.125 31.1 31.093 31.173 31.188 31.148 31.263 31.273 31.33 31.393 31.458 31.485 31.53
34.09 34.053 33.958 33.923 33.76 33.698 33.565 33.31 33.133 33.1 32.755 32.458 32.1 31.935 32.358 32.77 32.948 32.868 32.818 32.815 32.828 32.8 32.805 32.825 32.778 32.76 32.808 32.835 32.893 32.953 33.015 33.013 33.02 32.988 32.983 32.87 32.703 32.55 32.378 32.233 32.105 31.948 31.763 31.64 31.555 31.515 31.498 31.413 31.393 31.445 31.5 31.52 31.558 31.535 31.545 31.728 31.585 31.095 31.015 31.145 31.095 31.125 31.168 31.18 31.135 31.15 31.27 31.343 31.455 31.493 31.498 31.57
34.015 33.988 33.925 33.795 33.503 33.245 33.048 32.445 32.433 32.36 32.12 32.053 32.083 32.168 32.513 32.905 32.935 32.835 32.79 32.74 32.663 32.603 32.663 32.65 32.633 32.668 32.74 32.808 32.89 32.953 32.983 33.028 33.04 33.01 32.953 32.878 32.768 32.638 32.443 32.328 32.175 32.01 31.86 31.728 31.608 31.57 31.52 31.443 31.395 31.455 31.513 31.508 31.53 31.54 31.545 31.655 31.645 31.18 31.048 31.163 31.118 31.128 31.148 31.17 31.15 31.19 31.288 31.305 31.393 31.49 31.53 31.568
34.098 34.028 33.88 33.59 32.988 32.513 32.3 32.2 32.183 32.39 32.568 32.64 32.793 32.783 32.865 32.85 32.793 32.715 32.658 32.625 32.54 32.485 32.52 32.573 32.625 32.66 32.708 32.755 32.863 32.948 32.96 32.97 32.995 33.005 32.958 32.923 32.81 32.663 32.515 32.373 32.24 32.08 31.94 31.805 31.728 31.603 31.548 31.503 31.465 31.458 31.483 31.505 31.51 31.533 31.518 31.538 31.59 31.13 31.013 31.115 31.133 31.118 31.16 31.168 31.175 31.213 31.245 31.28 31.35 31.458 31.58 31.583
33.958 33.713 33.43 32.888 32.528 32.32 32.49 32.68 32.963 33.12 33.15 33.075 32.98 32.858 32.785 32.758 32.68 32.578 32.528 32.468 32.478 32.468 32.455 32.458 32.525 32.603 32.66 32.72 32.78 32.818 32.903 32.923 32.978 32.985 32.918 32.89 32.82 32.695 32.523 32.395 32.305 32.16 32.033 31.895 31.773 31.65 31.598 31.56 31.485 31.458 31.495 31.53 31.523 31.548 31.525 31.485 31.363 31.033 30.913 31.018 31.123 31.145 31.17 31.19 31.21 31.248 31.243 31.328 31.378 31.445 31.548 31.623
33.335 32.978 32.623 32.378 32.41 32.77 33.178 33.353 33.468 33.395 33.168 33.058 32.938 32.833 32.798 32.675 32.53 32.458 32.46 32.423 32.443 32.438 32.408 32.443 32.478 32.535 32.605 32.65 32.695 32.785 32.825 32.835 32.915 32.9 32.875 32.843 32.805 32.695 32.585 32.445 32.335 32.23 32.105 31.973 31.85 31.715 31.635 31.593 31.53 31.458 31.465 31.5 31.508 31.545 31.555 31.475 31.375 31.193 30.943 30.783 31.06 31.155 31.175 31.298 31.31 31.275 31.305 31.335 31.375 31.403 31.56 31.608
32.553 32.51 32.615 32.64 33.01 33.378 33.688 33.598 33.405 33.223 33.058 32.95 32.833 32.745 32.628 32.548 32.528 32.458 32.46 32.4 32.375 32.373 32.408 32.435 32.41 32.458 32.525 32.603 32.653 32.7 32.733 32.78 32.805 32.845 32.875 32.865 32.8 32.733 32.645 32.548 32.435 32.3 32.15 32.035 31.908 31.805 31.728 31.665 31.613 31.5 31.495 31.518 31.525 31.548 31.578 31.505 31.523 31.558 31.268 30.845 31.08 31.203 31.225 31.263 31.285 31.305 31.345 31.353 31.393 31.418 31.538 31.608
32.645 32.965 33.185 33.275 33.598 33.758 33.535 33.318 33.165 33.105 32.93 32.798 32.728 32.69 32.65 32.593 32.54 32.48 32.415 32.345 32.37 32.348 32.365 32.39 32.39 32.425 32.473 32.493 32.545 32.613 32.668 32.708 32.763 32.8 32.828 32.82 32.795 32.748 32.653 32.565 32.44 32.303 32.21 32.078 31.94 31.875 31.79 31.713 31.658 31.543 31.498 31.513 31.498 31.535 31.568 31.525 31.465 31.613 31.585 31.29 31.048 31.325 31.27 31.263 31.333 31.355 31.378 31.405 31.433 31.46 31.485 31.57
33.043 33.448 33.688 33.69 33.605 33.508 33.32 33.173 33.013 32.893 32.84 32.793 32.725 32.693 32.63 32.535 32.5 32.468 32.435 32.398 32.378 32.353 32.383 32.393 32.41 32.41 32.438 32.418 32.475 32.578 32.655 32.705 32.728 32.743 32.758 32.778 32.788 32.765 32.65 32.56 32.46 32.36 32.265 32.125 32.035 31.943 31.833 31.705 31.675 31.58 31.525 31.49 31.485 31.51 31.54 31.535 31.48 31.5 31.583 31.48 30.958 31.18 31.36 31.28 31.313 31.325 31.395 31.42 31.453 31.503 31.548 31.59
33.233 33.658 33.733 33.598 33.455 33.353 33.165 32.99 32.933 32.893 32.83 32.733 32.678 32.618 32.55 32.51 32.51 32.503 32.493 32.465 32.455 32.458 32.478 32.428 32.403 32.39 32.433 32.445 32.493 32.585 32.605 32.62 32.663 32.708 32.745 32.755 32.723 32.708 32.62 32.588 32.498 32.4 32.288 32.183 32.05 31.953 31.868 31.738 31.665 31.62 31.54 31.498 31.5 31.503 31.503 31.51 31.475 31.475 31.598 31.563 31.19 31.148 31.365 31.363 31.328 31.333 31.39 31.448 31.458 31.458 31.54 31.605
33.455 33.668 33.573 33.48 33.323 33.14 33.09 32.99 32.935 32.858 32.765 32.653 32.588 32.525 32.54 32.525 32.54 32.555 32.543 32.538 32.543 32.56 32.52 32.473 32.448 32.465 32.468 32.453 32.495 32.54 32.57 32.598 32.633 32.658 32.67 32.68 32.678 32.66 32.63 32.57 32.475 32.39 32.313 32.215 32.108 31.983 31.905 31.798 31.683 31.648 31.535 31.51 31.503 31.53 31.523 31.51 31.53 31.45 31.463 31.553 31.243 31.023 31.21 31.353 31.335 31.375 31.395 31.505 31.538 31.513 31.585 31.633
33.713 33.623 33.47 33.333 33.253 33.188 33.09 32.955 32.85 32.793 32.71 32.615 32.568 32.548 32.515 32.528 32.56 32.573 32.595 32.62 32.635 32.62 32.63 32.58 32.533 32.53 32.518 32.493 32.475 32.513 32.548 32.57 32.558 32.565 32.578 32.585 32.608 32.618 32.583 32.555 32.498 32.418 32.345 32.255 32.108 31.965 31.893 31.83 31.715 31.68 31.613 31.528 31.518 31.483 31.493 31.498 31.49 31.458 31.41 31.333 31.045 30.733 30.985 31.393 31.38 31.373 31.395 31.455 31.498 31.495 31.59 31.63
33.635 33.535 33.478 33.45 33.32 33.198 33.093 32.99 32.858 32.773 32.68 32.59 32.555 32.538 32.563 32.565 32.585 32.598 32.68 32.708 32.715 32.705 32.698 32.665 32.595 32.553 32.508 32.488 32.468 32.473 32.48 32.493 32.493 32.503 32.53 32.528 32.54 32.54 32.515 32.53 32.508 32.395 32.273 32.185 32.085 31.975 31.885 31.843 31.788 31.698 31.63 31.558 31.563 31.508 31.5 31.493 31.483 31.453 31.403 31.25 30.998 30.72 30.815 31.32 31.373 31.373 31.423 31.475 31.545 31.625 31.6 31.673
33.698 33.698 33.63 33.493 33.393 33.268 33.14 32.98 32.85 32.753 32.678 32.615 32.538 32.548 32.613 32.62 32.64 32.688 32.75 32.818 32.823 32.833 32.823 32.778 32.673 32.6 32.565 32.535 32.515 32.478 32.438 32.45 32.435 32.445 32.443 32.445 32.46 32.423 32.415 32.45 32.438 32.325 32.213 32.155 32.06 31.98 31.875 31.795 31.755 31.705 31.658 31.583 31.55 31.465 31.47 31.453 31.423 31.405 31.378 31.35 31.108 30.813 30.778 31.215 31.365 31.368 31.415 31.478 31.593 31.67 31.593 31.69
33.84 33.75 33.64 33.518 33.435 33.285 33.163 33.048 32.92 32.825 32.723 32.658 32.593 32.598 32.668 32.715 32.74 32.793 32.89 32.923 32.905 32.913 32.905 32.858 32.76 32.665 32.62 32.55 32.498 32.465 32.433 32.398 32.395 32.393 32.41 32.388 32.373 32.375 32.35 32.353 32.298 32.22 32.17 32.095 32.043 31.96 31.863 31.803 31.738 31.685 31.653 31.59 31.54 31.485 31.453 31.44 31.445 31.433 31.405 31.338 31.098 30.858 30.7 30.823 31.313 31.41 31.395 31.495 31.6 31.668 31.683 31.678
33.833 33.76 33.613 33.535 33.448 33.315 33.21 33.15 33.01 32.913 32.8 32.715 32.685 32.688 32.738 32.78 32.825 32.913 32.96 32.985 32.955 32.925 32.923 32.898 32.823 32.778 32.718 32.603 32.538 32.47 32.41 32.378 32.37 32.358 32.338 32.328 32.33 32.32 32.318 32.31 32.288 32.22 32.125 32.053 31.97 31.918 31.8 31.778 31.713 31.635 31.62 31.605 31.56 31.505 31.443 31.4 31.385 31.413 31.39 31.355 31.173 30.985 30.823 30.718 31.243 31.468 31.41 31.428 31.57 31.61 31.653 31.635
33.818 33.748 33.633 33.553 33.488 33.37 33.28 33.168 33.078 33.005 32.915 32.775 32.723 32.73 32.81 32.843 32.88 32.923 33 33.03 33.025 33.015 32.998 32.938 32.88 32.84 32.79 32.655 32.565 32.458 32.415 32.365 32.32 32.293 32.31 32.308 32.288 32.265 32.253 32.213 32.178 32.125 32.05 31.98 31.895 31.853 31.775 31.715 31.69 31.658 31.615 31.588 31.543 31.413 31.378 31.395 31.375 31.385 31.348 31.343 31.275 31.135 30.94 30.665 30.888 31.405 31.453 31.443 31.558 31.593 31.633 31.62
33.793 33.738 33.645 33.57 33.475 33.383 33.293 33.205 33.11 33.028 32.948 32.86 32.81 32.835 32.89 32.923 32.963 33.01 33.035 33.055 33.058 33.038 33.025 33 32.953 32.873 32.78 32.675 32.605 32.558 32.445 32.4 32.33 32.273 32.253 32.208 32.165 32.15 32.148 32.113 32.093 32.038 31.993 31.925 31.878 31.845 31.77 31.735 31.683 31.67 31.615 31.583 31.51 31.4 31.37 31.383 31.328 31.325 31.34 31.32 31.305 31.25 30.97 30.678 30.583 31.25 31.505 31.448 31.535 31.56 31.603 31.603
