LIDAR/se2787_DTM_2M.asc
ncols 500
nrows 500
xllcorner    427000
yllcorner    487000
cellsize     2
NODATA_value -9999
[rows 64 to 95 of 500, columns 288 to 359 of 500]
31.587 31.582 31.615 31.575 31.607 31.582 31.617 31.625 31.647 31.635 31.642 31.635 31.59 31.525 31.35 31.235 31.382 31.562 31.552 31.562 31.527 31.567 31.557 31.577 31.63 31.65 31.62 31.507 31.477 31.46 31.465 31.435 31.387 31.357 31.37 31.335 31.315 31.272 31.257 31.31 31.287 31.255 31.225 31.22 31.257 31.277 31.297 31.292 31.29 31.327 31.362 31.355 31.362 31.402 31.377 31.43 31.44 31.437 31.445 31.435 31.435 31.397 31.405 31.422 31.402 31.372 31.367 31.367 31.372 31.387 31.392 31.405
31.59 31.552 31.61 31.662 31.667 31.617 31.63 31.655 31.67 31.657 31.662 31.635 31.625 31.58 31.527 31.287 31.142 31.282 31.49 31.465 31.477 31.492 31.482 31.477 31.525 31.657 31.707 31.587 31.472 31.417 31.397 31.397 31.392 31.352 31.335 31.32 31.3 31.237 31.227 31.222 31.21 31.227 31.24 31.222 31.225 31.225 31.24 31.255 31.267 31.275 31.302 31.307 31.342 31.352 31.355 31.357 31.41 31.4 31.405 31.382 31.395 31.375 31.352 31.38 31.362 31.335 31.325 31.347 31.34 31.37 31.387 31.375
31.665 31.61 31.587 31.61 31.657 31.64 31.647 31.615 31.662 31.677 31.652 31.632 31.602 31.55 31.557 31.452 31.23 31.14 31.225 31.365 31.42 31.385 31.332 31.37 31.455 31.662 31.65 31.62 31.56 31.4 31.3 31.325 31.37 31.367 31.297 31.302 31.29 31.262 31.182 31.175 31.165 31.167 31.192 31.197 31.19 31.185 31.195 31.182 31.232 31.255 31.255 31.265 31.297 31.305 31.312 31.327 31.365 31.36 31.367 31.317 31.317 31.33 31.337 31.347 31.327 31.315 31.27 31.317 31.35 31.362 31.347 31.395
31.685 31.667 31.607 31.625 31.637 31.662 31.647 31.617 31.652 31.652 31.632 31.597 31.57 31.56 31.532 31.495 31.42 31.205 31.08 31.157 31.257 31.28 31.312 31.3 31.275 31.38 31.44 31.427 31.485 31.47 31.367 31.27 31.312 31.297 31.295 31.277 31.21 31.227 31.205 31.157 31.14 31.117 31.142 31.155 31.135 31.132 31.155 31.182 31.175 31.202 31.227 31.207 31.23 31.217 31.267 31.282 31.295 31.297 31.32 31.29 31.287 31.28 31.275 31.272 31.292 31.28 31.257 31.27 31.317 31.335 31.36 31.35
31.695 31.68 31.642 31.65 31.607 31.622 31.605 31.627 31.615 31.605 31.61 31.582 31.572 31.57 31.545 31.53 31.462 31.372 31.115 31.027 31.115 31.252 31.325 31.252 31.232 31.187 31.265 31.315 31.38 31.395 31.395 31.372 31.27 31.247 31.267 31.265 31.212 31.195 31.172 31.202 31.16 31.11 31.127 31.135 31.112 31.092 31.12 31.12 31.11 31.15 31.182 31.195 31.205 31.215 31.235 31.21 31.23 31.205 31.257 31.272 31.235 31.27 31.245 31.247 31.252 31.25 31.245 31.275 31.295 31.3 31.29 31.307
31.667 31.635 31.635 31.59 31.602 31.57 31.542 31.58 31.62 31.64 31.622 31.61 31.58 31.595 31.542 31.515 31.49 31.485 31.397 31.172 31.075 31.195 31.34 31.265 31.167 31.197 31.215 31.327 31.372 31.277 31.302 31.377 31.405 31.252 31.202 31.212 31.21 31.175 31.17 31.167 31.137 31.105 31.1 31.112 31.075 31.065 31.085 31.092 31.092 31.155 31.157 31.14 31.157 31.147 31.187 31.195 31.165 31.15 31.17 31.175 31.18 31.215 31.22 31.22 31.22 31.237 31.245 31.265 31.282 31.29 31.297 31.292
31.615 31.592 31.62 31.615 31.57 31.547 31.542 31.552 31.59 31.652 31.655 31.635 31.625 31.617 31.612 31.572 31.54 31.505 31.517 31.42 31.14 31.057 31.165 31.285 31.252 31.285 31.345 31.45 31.557 31.21 30.902 31.077 31.457 31.452 31.225 31.152 31.155 31.195 31.18 31.167 31.127 31.09 31.082 31.035 31.075 31.06 31.017 31.05 31.075 31.067 31.097 31.11 31.097 31.092 31.072 31.102 31.11 31.105 31.127 31.14 31.157 31.16 31.185 31.185 31.19 31.167 31.192 31.212 31.24 31.247 31.222 31.235
31.62 31.57 31.58 31.58 31.58 31.547 31.55 31.565 31.587 31.65 31.657 31.655 31.652 31.627 31.61 31.592 31.587 31.545 31.535 31.525 31.442 31.18 31.05 31.085 31.175 31.297 31.335 31.165 31.06 30.675 30.335 30.607 31.34 31.47 31.262 31.217 31.162 31.147 31.167 31.152 31.12 31.11 31.057 31.052 31.037 31.06 31.017 30.997 31.025 31.037 31.02 31.055 31.025 31.03 31.02 31.032 31.057 31.075 31.042 31.072 31.117 31.115 31.15 31.15 31.132 31.195 31.192 31.197 31.212 31.202 31.185 31.182
31.57 31.55 31.552 31.552 31.58 31.597 31.582 31.585 31.555 31.59 31.645 31.652 31.672 31.66 31.622 31.61 31.61 31.612 31.567 31.542 31.502 31.457 31.255 31.09 31.052 31.205 31.25 30.482 30.05 30.055 29.94 30.16 30.897 31.297 31.157 31.302 31.3 31.145 31.057 31.09 31.117 31.105 31.07 31.065 31.072 31.055 31.022 30.997 30.992 30.977 30.935 30.985 30.992 30.972 30.975 30.965 30.98 30.995 31.005 31.032 31.072 31.092 31.117 31.107 31.142 31.15 31.162 31.165 31.157 31.18 31.152 31.14
31.447 31.497 31.545 31.52 31.547 31.602 31.617 31.595 31.592 31.597 31.617 31.652 31.697 31.715 31.7 31.645 31.637 31.645 31.627 31.585 31.532 31.517 31.445 31.215 31.055 31.107 31.252 30.75 30.392 30.732 30.59 30.247 30.165 30.745 31.107 31.295 31.372 31.295 31.152 31.04 31.102 31.09 31.077 31.07 31.042 31.022 31.012 30.977 30.985 30.982 30.907 30.917 30.912 30.915 30.92 30.907 30.96 30.947 30.96 30.977 30.997 31.002 31.06 31.107 31.092 31.09 31.08 31.157 31.11 31.135 31.087 31.075
31.332 31.417 31.45 31.51 31.535 31.545 31.567 31.617 31.615 31.642 31.642 31.66 31.677 31.712 31.742 31.702 31.66 31.637 31.627 31.61 31.58 31.522 31.515 31.4 31.247 31.042 31.08 30.82 30.842 31.162 31.012 30.76 30.642 30.262 30.615 31.112 31.26 31.282 31.262 31.162 31.047 31.042 31.065 31.047 31.027 31.012 30.977 30.915 30.955 30.932 30.89 30.87 30.857 30.877 30.882 30.857 30.885 30.905 30.922 30.935 30.94 30.987 31.027 31.037 31.07 31.035 31.035 31.042 31.065 31.097 31.047 31.032
31.2 31.262 31.282 31.387 31.445 31.497 31.517 31.607 31.632 31.655 31.68 31.682 31.635 31.697 31.757 31.73 31.74 31.69 31.637 31.642 31.602 31.547 31.537 31.517 31.48 31.292 31.095 31.045 31.11 31.23 31.242 31.177 31.09 30.63 30.282 30.577 30.945 30.995 31.02 30.995 31.012 31.02 30.995 30.99 31.002 31.022 30.987 30.937 30.915 30.91 30.905 30.852 30.807 30.805 30.82 30.785 30.787 30.822 30.875 30.875 30.912 30.947 30.97 30.992 31.037 31.037 31 30.995 30.992 31.002 30.977 30.955
30.97 31.055 31.145 31.217 31.31 31.407 31.465 31.552 31.645 31.68 31.682 31.662 31.632 31.735 31.785 31.747 31.765 31.732 31.705 31.672 31.635 31.617 31.597 31.555 31.537 31.502 31.375 31.16 31.14 31.24 31.385 31.275 31.13 30.957 30.752 30.345 30.567 30.87 30.9 30.95 31.057 31.127 31.067 30.955 30.957 30.987 30.955 30.912 30.897 30.867 30.842 30.817 30.81 30.772 30.73 30.725 30.74 30.77 30.825 30.827 30.837 30.877 30.89 30.882 30.93 30.97 30.97 30.94 30.932 30.912 30.927 30.917
30.707 30.795 30.927 30.987 31.13 31.272 31.387 31.46 31.555 31.615 31.675 31.73 31.745 31.755 31.737 31.74 31.805 31.76 31.737 31.722 31.665 31.665 31.627 31.607 31.575 31.507 31.575 31.452 31.235 31.195 31.367 31.405 31.26 31.145 31.067 30.8 30.442 30.56 30.7 30.845 30.907 31.085 31.145 31.075 30.897 30.895 30.92 30.91 30.86 30.817 30.78 30.777 30.797 30.765 30.732 30.685 30.692 30.692 30.735 30.745 30.785 30.802 30.822 30.825 30.835 30.862 30.862 30.865 30.867 30.862 30.85 30.865
30.66 30.657 30.727 30.802 30.907 31.06 31.25 31.357 31.44 31.542 31.575 31.615 31.68 31.68 31.712 31.765 31.757 31.745 31.727 31.735 31.73 31.687 31.677 31.645 31.637 31.585 31.575 31.585 31.48 31.15 31.195 31.362 31.395 31.295 31.197 31.075 30.88 30.642 30.552 30.652 30.695 30.79 30.955 30.987 31.015 30.875 30.84 30.88 30.84 30.785 30.772 30.765 30.77 30.757 30.755 30.73 30.687 30.645 30.647 30.667 30.71 30.735 30.775 30.752 30.767 30.805 30.782 30.772 30.762 30.752 30.787 30.787
30.557 30.587 30.667 30.695 30.74 30.87 31.035 31.182 31.32 31.445 31.475 31.392 31.435 31.64 31.672 31.712 31.735 31.725 31.72 31.73 31.747 31.697 31.685 31.685 31.665 31.662 31.622 31.597 31.585 31.407 31.167 31.165 31.245 31.397 31.347 31.212 31.077 30.92 30.787 30.692 30.687 30.682 30.78 30.882 31.002 30.962 30.832 30.757 30.792 30.772 30.742 30.702 30.697 30.717 30.717 30.715 30.725 30.675 30.635 30.622 30.615 30.655 30.672 30.687 30.675 30.702 30.705 30.692 30.69 30.677 30.695 30.735
30.34 30.46 30.602 30.647 30.675 30.727 30.817 30.977 31.142 31.265 31.365 31.175 31.207 31.55 31.617 31.627 31.647 31.68 31.667 31.67 31.705 31.687 31.645 31.677 31.735 31.68 31.657 31.63 31.627 31.575 31.46 31.24 31.172 31.295 31.417 31.332 31.16 31.015 30.915 30.827 30.705 30.672 30.67 30.792 30.91 30.94 30.917 30.827 30.72 30.752 30.687 30.677 30.635 30.637 30.647 30.652 30.675 30.647 30.635 30.64 30.582 30.58 30.607 30.557 30.605 30.597 30.627 30.625 30.647 30.662 30.667 30.665
30.152 30.255 30.387 30.48 30.582 30.652 30.712 30.802 30.942 31.127 31.265 30.862 30.95 31.437 31.507 31.537 31.577 31.597 31.59 31.602 31.61 31.615 31.635 31.66 31.69 31.66 31.66 31.65 31.622 31.612 31.562 31.365 31.267 31.21 31.282 31.352 31.28 31.157 31.007 30.897 30.767 30.702 30.65 30.695 30.762 30.835 30.947 30.962 30.802 30.657 30.59 30.637 30.62 30.605 30.575 30.572 30.56 30.595 30.592 30.592 30.545 30.54 30.52 30.51 30.522 30.535 30.532 30.55 30.612 30.632 30.655 30.627
29.927 30.06 30.195 30.292 30.402 30.512 30.61 30.7 30.795 30.967 31.08 30.752 30.892 31.27 31.35 31.417 31.442 31.47 31.512 31.512 31.522 31.552 31.57 31.615 31.647 31.652 31.675 31.632 31.587 31.607 31.555 31.525 31.502 31.297 31.165 31.175 31.32 31.292 31.16 31.002 30.867 30.825 30.707 30.665 30.7 30.722 30.887 30.927 30.837 30.785 30.677 30.642 30.64 30.582 30.557 30.515 30.482 30.53 30.517 30.542 30.515 30.507 30.482 30.472 30.442 30.487 30.445 30.477 30.542 30.57 30.597 30.577
29.812 29.897 29.992 30.112 30.23 30.33 30.447 30.552 30.667 30.767 30.837 30.802 30.94 31.11 31.177 31.237 31.24 31.317 31.335 31.37 31.417 31.467 31.49 31.492 31.55 31.61 31.615 31.635 31.602 31.612 31.59 31.557 31.54 31.465 31.262 31.062 31.152 31.34 31.252 31.145 31.01 30.902 30.802 30.675 30.59 30.592 30.642 30.752 30.767 30.835 30.845 30.787 30.605 30.567 30.535 30.53 30.475 30.487 30.522 30.545 30.502 30.49 30.48 30.437 30.472 30.455 30.465 30.467 30.47 30.507 30.517 30.49
29.735 29.805 29.89 29.975 30.095 30.172 30.262 30.36 30.505 30.612 30.647 30.665 30.787 30.92 30.965 31.02 31.062 31.11 31.14 31.237 31.305 31.32 31.36 31.415 31.472 31.54 31.562 31.59 31.597 31.552 31.55 31.57 31.502 31.44 31.412 31.23 31.02 31.092 31.285 31.302 31.187 31.095 30.987 30.865 30.72 30.592 30.532 30.587 30.682 30.77 30.765 30.822 30.72 30.637 30.56 30.52 30.472 30.505 30.502 30.51 30.535 30.517 30.475 30.42 30.437 30.432 30.457 30.467 30.482 30.482 30.46 30.465
29.635 29.737 29.817 29.865 29.975 30.062 30.125 30.235 30.315 30.39 30.467 30.517 30.562 30.68 30.732 30.78 30.855 30.905 30.93 31.047 31.082 31.132 31.207 31.295 31.377 31.407 31.462 31.51 31.505 31.47 31.49 31.47 31.435 31.352 31.342 31.302 31.042 30.895 31.005 31.207 31.28 31.222 31.05 30.967 30.825 30.747 30.655 30.57 30.562 30.635 30.702 30.765 30.81 30.767 30.662 30.595 30.522 30.465 30.42 30.462 30.472 30.48 30.442 30.402 30.4 30.395 30.447 30.467 30.482 30.487 30.455 30.452
29.642 29.67 29.76 29.827 29.902 29.97 30.057 30.127 30.222 30.247 30.305 30.385 30.422 30.46 30.51 30.592 30.642 30.695 30.767 30.845 30.925 30.967 31.03 31.065 31.147 31.21 31.307 31.402 31.4 31.345 31.35 31.342 31.292 31.262 31.242 31.192 31.12 31.015 30.837 30.885 31.162 31.267 31.132 31.045 30.977 30.872 30.777 30.702 30.672 30.727 30.802 30.795 30.805 30.815 30.767 30.645 30.595 30.57 30.55 30.472 30.447 30.402 30.377 30.367 30.357 30.36 30.412 30.447 30.467 30.457 30.452 30.47
29.697 29.68 29.79 29.827 29.96 30.015 30.067 30.102 30.13 30.122 30.192 30.267 30.312 30.32 30.325 30.395 30.46 30.525 30.567 30.657 30.732 30.785 30.842 30.857 30.905 30.985 31.057 31.127 31.162 31.13 31.175 31.195 31.142 31.107 31.115 31.08 31.072 31.032 30.832 30.71 30.787 31.062 31.135 31.08 30.967 30.91 30.825 30.8 30.815 30.83 30.815 30.667 30.677 30.715 30.722 30.715 30.667 30.655 30.705 30.65 30.585 30.547 30.447 30.37 30.317 30.3 30.367 30.397 30.427 30.397 30.407 30.385
29.742 29.757 29.765 29.812 29.93 30.015 30.045 30.08 30.075 30.1 30.127 30.17 30.18 30.195 30.237 30.267 30.32 30.397 30.435 30.477 30.535 30.577 30.625 30.627 30.662 30.71 30.77 30.83 30.865 30.92 30.922 30.935 30.967 30.962 30.915 30.922 30.885 30.877 30.862 30.76 30.64 30.665 30.852 31.002 30.912 30.857 30.792 30.72 30.655 30.662 30.615 30.545 30.567 30.585 30.697 30.715 30.677 30.652 30.63 30.702 30.632 30.555 30.465 30.487 30.467 30.407 30.347 30.3 30.365 30.372 30.375 30.382
29.725 29.732 29.732 29.79 29.872 29.987 29.99 30.027 30.065 30.087 30.127 30.13 30.127 30.14 30.14 30.182 30.212 30.24 30.317 30.347 30.365 30.407 30.435 30.41 30.415 30.482 30.525 30.565 30.56 30.635 30.712 30.735 30.732 30.745 30.715 30.742 30.695 30.685 30.682 30.73 30.615 30.567 30.532 30.742 30.85 30.805 30.727 30.622 30.597 30.527 30.52 30.467 30.337 30.395 30.505 30.59 30.542 30.385 30.405 30.362 30.317 30.352 30.33 30.292 30.315 30.307 30.417 30.302 30.297 30.32 30.32 30.352
29.647 29.667 29.715 29.747 29.805 29.895 29.927 29.972 30.02 30.082 30.105 30.085 30.117 30.13 30.115 30.1 30.097 30.152 30.195 30.232 30.247 30.255 30.257 30.265 30.262 30.327 30.347 30.345 30.392 30.427 30.462 30.545 30.54 30.527 30.515 30.51 30.505 30.487 30.457 30.485 30.527 30.572 30.432 30.407 30.52 30.74 30.692 30.567 30.52 30.472 30.415 30.412 30.36 30.375 30.387 30.422 30.312 30.255 30.24 30.17 30.127 30.197 30.132 30.022 30.015 30.107 30.217 30.385 30.34 30.297 30.245 30.332
29.662 29.625 29.66 29.707 29.772 29.8 29.817 29.887 29.985 30.025 30.087 30.04 30.037 30.082 30.067 30.065 30.08 30.092 30.105 30.16 30.195 30.162 30.122 30.16 30.19 30.2 30.225 30.26 30.285 30.285 30.327 30.385 30.407 30.385 30.342 30.315 30.31 30.327 30.355 30.372 30.375 30.445 30.37 30.352 30.295 30.53 30.6 30.485 30.432 30.43 30.39 30.357 30.342 30.342 30.265 30.247 30.245 30.227 30.165 30.087 30.057 30.035 29.992 29.97 30.005 30.01 29.972 30.177 30.367 30.425 30.3 30.225
29.665 29.695 29.672 29.675 29.7 29.7 29.767 29.8 29.922 29.942 30 29.997 29.987 29.985 30.007 30.035 30.032 30.05 30 30.032 30.09 30.11 30.07 30.037 30.077 30.11 30.13 30.147 30.172 30.19 30.207 30.25 30.25 30.25 30.21 30.215 30.255 30.3 30.297 30.327 30.295 30.307 30.355 30.415 30.275 30.2 30.347 30.475 30.392 30.38 30.342 30.297 30.315 30.28 30.237 30.237 30.197 30.192 30.165 30.122 30.07 30.03 29.96 29.942 29.902 29.91 29.93 30.027 30.187 30.367 30.357 30.267
29.627 29.67 29.692 29.685 29.677 29.64 29.672 29.707 29.805 29.842 29.915 29.952 29.932 29.93 29.952 29.965 29.95 29.985 29.987 29.967 29.987 29.995 29.99 29.992 30.007 30.085 30.07 30.067 30.095 30.137 30.135 30.175 30.162 30.142 30.182 30.212 30.255 30.247 30.235 30.245 30.22 30.227 30.26 30.267 30.257 30.13 30.07 30.215 30.31 30.345 30.285 30.245 30.247 30.237 30.227 30.175 30.155 30.167 30.167 30.14 30.105 30.01 30.005 29.915 29.915 29.837 29.845 29.87 30.037 30.192 30.285 30.317
29.59 29.637 29.647 29.65 29.672 29.672 29.63 29.655 29.702 29.74 29.83 29.847 29.88 29.895 29.907 29.905 29.88 29.897 29.927 29.93 29.942 29.93 29.942 30.01 30.02 30.032 30.065 30.057 30.077 30.097 30.082 30.097 30.225 30.285 30.212 30.23 30.237 30.197 30.172 30.167 30.18 30.185 30.137 30.137 30.112 30.077 30.02 29.97 30.055 30.29 30.267 30.217 30.177 30.18 30.185 30.152 30.122 30.13 30.147 30.11 30.072 30.002 29.947 29.935 29.897 29.837 29.74 29.88 29.962 30.012 30.132 30.245
29.532 29.587 29.622 29.635 29.64 29.662 29.64 29.665 29.667 29.68 29.73 29.757 29.797 29.832 29.835 29.852 29.882 29.905 29.91 29.905 29.947 29.92 29.902 29.97 30.012 30.032 30.07 30.065 30.09 30.087 30.125 30.237 30.395 30.362 30.305 30.245 30.175 30.157 30.117 30.122 30.142 30.12 30.102 30.095 30.027 30.017 30.045 29.95 29.872 29.967 30.152 30.227 30.162 30.137 30.075 30.07 30.05 30.052 30.062 30.015 30.03 29.95 29.922 29.902 29.897 29.88 29.765 29.827 29.827 29.81 29.937 30.142
