LIDAR/se2789_DTM_2M.asc
ncols 500
nrows 500
xllcorner    427000
yllcorner    489000
cellsize     2
NODATA_value -9999
[rows 0 to 31 of 500, columns 213 to 283 of 500]
41.404 41.449 41.502 41.504 41.557 41.027 41.449 41.652 41.707 41.772 41.867 41.847 41.894 41.932 42.004 42.047 42.114 42.129 42.197 42.247 42.277 42.292 42.369 42.394 42.447 42.474 42.487 42.532 42.534 42.564 42.597 42.592 42.594 42.622 42.634 42.644 42.639 42.617 42.632 42.634 42.629 42.677 42.654 42.682 42.707 42.702 42.749 42.797 42.849 42.942 43.054 43.112 43.149 43.212 43.244 43.217 43.169 43.157 43.152 43.107 43.102 43.082 43.107 43.162 43.179 43.222 43.224 43.267 43.284 43.329 43.329
41.409 41.452 41.484 41.499 41.359 40.822 41.509 41.667 41.714 41.789 41.849 41.874 41.932 41.959 41.994 42.039 42.077 42.132 42.197 42.219 42.267 42.309 42.354 42.417 42.447 42.472 42.509 42.532 42.574 42.587 42.622 42.589 42.584 42.604 42.609 42.619 42.637 42.644 42.639 42.622 42.629 42.687 42.684 42.669 42.702 42.709 42.729 42.777 42.857 42.944 43.029 43.112 43.172 43.217 43.247 43.227 43.194 43.164 43.177 43.164 43.137 43.129 43.142 43.197 43.252 43.239 43.244 43.289 43.317 43.349 43.349
41.394 41.432 41.474 41.527 41.494 41.452 41.624 41.694 41.712 41.762 41.802 41.854 41.912 41.967 41.997 42.034 42.089 42.127 42.179 42.234 42.247 42.337 42.394 42.412 42.464 42.492 42.514 42.549 42.579 42.564 42.582 42.587 42.572 42.597 42.599 42.619 42.634 42.617 42.632 42.614 42.622 42.642 42.642 42.659 42.689 42.727 42.754 42.812 42.857 42.934 43.027 43.142 43.212 43.224 43.234 43.232 43.209 43.189 43.169 43.194 43.194 43.172 43.177 43.232 43.277 43.294 43.302 43.327 43.342 43.392 43.379
41.404 41.424 41.479 41.539 41.552 41.559 41.629 41.732 41.742 41.779 41.804 41.857 41.934 41.999 42.019 42.052 42.114 42.147 42.197 42.254 42.259 42.322 42.372 42.409 42.457 42.517 42.547 42.539 42.582 42.552 42.559 42.572 42.582 42.587 42.629 42.627 42.627 42.629 42.642 42.614 42.617 42.682 42.687 42.704 42.722 42.739 42.764 42.817 42.882 42.979 43.014 43.134 43.232 43.239 43.234 43.217 43.219 43.222 43.182 43.177 43.194 43.214 43.247 43.259 43.289 43.302 43.319 43.344 43.387 43.412 43.314
41.389 41.427 41.462 41.504 41.597 41.609 41.637 41.704 41.747 41.779 41.794 41.844 41.897 41.974 42.012 42.077 42.122 42.159 42.199 42.239 42.297 42.317 42.364 42.422 42.437 42.472 42.507 42.559 42.549 42.597 42.579 42.562 42.579 42.634 42.632 42.639 42.659 42.654 42.644 42.627 42.624 42.699 42.704 42.742 42.747 42.757 42.804 42.852 42.892 42.994 43.057 43.169 43.234 43.232 43.257 43.267 43.244 43.219 43.197 43.227 43.227 43.237 43.252 43.274 43.314 43.287 43.299 43.349 43.362 43.307 42.827
41.397 41.442 41.484 41.552 41.607 41.632 41.652 41.682 41.714 41.764 41.809 41.854 41.922 41.984 42.012 42.022 42.102 42.152 42.202 42.237 42.304 42.349 42.374 42.434 42.469 42.499 42.509 42.552 42.554 42.612 42.617 42.614 42.592 42.677 42.664 42.657 42.667 42.697 42.677 42.672 42.684 42.694 42.709 42.729 42.752 42.804 42.817 42.862 42.909 42.974 43.057 43.154 43.212 43.244 43.297 43.267 43.214 43.242 43.229 43.224 43.222 43.249 43.287 43.297 43.327 43.332 43.342 43.364 43.417 43.069 42.419
41.412 41.429 41.457 41.527 41.587 41.642 41.684 41.709 41.777 41.789 41.837 41.897 41.954 41.989 42.037 42.072 42.112 42.194 42.237 42.264 42.282 42.309 42.352 42.447 42.474 42.524 42.532 42.519 42.562 42.597 42.634 42.644 42.657 42.654 42.692 42.659 42.684 42.712 42.732 42.722 42.757 42.757 42.772 42.754 42.792 42.812 42.829 42.862 42.902 42.944 43.039 43.132 43.229 43.249 43.289 43.299 43.244 43.284 43.252 43.274 43.234 43.282 43.299 43.339 43.344 43.364 43.357 43.394 43.402 43.227 43.042
41.389 41.422 41.509 41.514 41.597 41.639 41.689 41.732 41.787 41.822 41.864 41.897 41.929 41.989 42.032 42.094 42.127 42.182 42.232 42.284 42.297 42.309 42.352 42.419 42.427 42.494 42.537 42.529 42.562 42.582 42.639 42.649 42.632 42.629 42.662 42.664 42.709 42.709 42.737 42.717 42.684 42.719 42.764 42.764 42.804 42.807 42.829 42.867 42.894 42.937 43.017 43.089 43.197 43.252 43.289 43.312 43.307 43.322 43.269 43.299 43.292 43.294 43.327 43.359 43.339 43.359 43.364 43.414 43.439 43.457 43.449
41.387 41.432 41.459 41.502 41.537 41.627 41.649 41.699 41.764 41.794 41.852 41.879 41.897 41.934 42.027 42.059 42.102 42.154 42.202 42.242 42.309 42.349 42.324 42.374 42.392 42.424 42.479 42.529 42.542 42.579 42.602 42.619 42.622 42.609 42.657 42.647 42.669 42.684 42.669 42.699 42.709 42.727 42.754 42.777 42.784 42.784 42.822 42.842 42.874 42.927 42.974 43.062 43.164 43.259 43.312 43.342 43.357 43.324 43.299 43.322 43.344 43.352 43.342 43.347 43.352 43.387 43.404 43.417 43.457 43.499 43.477
41.364 41.404 41.447 41.487 41.552 41.574 41.584 41.669 41.724 41.797 41.827 41.849 41.849 41.927 41.964 42.022 42.052 42.127 42.142 42.229 42.262 42.319 42.327 42.352 42.392 42.399 42.429 42.474 42.489 42.562 42.579 42.574 42.584 42.604 42.622 42.632 42.652 42.649 42.669 42.677 42.679 42.709 42.694 42.709 42.767 42.737 42.754 42.812 42.862 42.877 42.962 43.057 43.139 43.244 43.324 43.359 43.364 43.332 43.327 43.309 43.324 43.329 43.359 43.359 43.387 43.417 43.404 43.434 43.444 43.489 43.494
41.332 41.362 41.414 41.437 41.474 41.504 41.577 41.647 41.694 41.732 41.767 41.797 41.832 41.829 41.899 41.977 42.012 42.067 42.102 42.167 42.229 42.277 42.289 42.309 42.327 42.334 42.364 42.407 42.442 42.462 42.464 42.487 42.499 42.522 42.549 42.592 42.589 42.584 42.617 42.644 42.642 42.647 42.612 42.684 42.729 42.754 42.759 42.804 42.862 42.904 42.992 43.109 43.187 43.274 43.369 43.382 43.374 43.327 43.344 43.319 43.344 43.327 43.327 43.327 43.372 43.407 43.387 43.434 43.447 43.514 43.532
41.247 41.329 41.359 41.392 41.449 41.477 41.492 41.577 41.607 41.667 41.702 41.717 41.772 41.829 41.842 41.907 41.959 41.974 42.024 42.059 42.149 42.182 42.187 42.239 42.274 42.292 42.309 42.314 42.344 42.384 42.399 42.422 42.429 42.437 42.497 42.544 42.552 42.592 42.622 42.614 42.632 42.644 42.639 42.692 42.764 42.772 42.772 42.854 42.912 42.954 43.019 43.137 43.219 43.282 43.374 43.417 43.384 43.382 43.349 43.302 43.347 43.357 43.317 43.324 43.399 43.409 43.427 43.442 43.462 43.497 43.517
41.242 41.312 41.332 41.367 41.422 41.454 41.457 41.519 41.582 41.579 41.627 41.657 41.714 41.754 41.777 41.817 41.867 41.887 41.949 42.007 42.054 42.099 42.157 42.152 42.189 42.179 42.239 42.274 42.294 42.312 42.362 42.392 42.434 42.444 42.509 42.547 42.542 42.574 42.579 42.607 42.652 42.682 42.717 42.739 42.762 42.802 42.819 42.884 42.902 42.962 43.047 43.152 43.249 43.314 43.387 43.417 43.417 43.384 43.367 43.332 43.352 43.352 43.327 43.352 43.384 43.344 43.407 43.444 43.487 43.489 43.532
41.227 41.317 41.349 41.372 41.382 41.402 41.434 41.524 41.552 41.559 41.587 41.627 41.664 41.664 41.747 41.797 41.817 41.857 41.904 41.954 41.974 42.007 42.079 42.124 42.149 42.124 42.169 42.242 42.267 42.304 42.334 42.382 42.439 42.489 42.519 42.519 42.559 42.557 42.564 42.629 42.644 42.664 42.702 42.789 42.827 42.852 42.839 42.919 42.937 42.964 43.034 43.144 43.219 43.284 43.367 43.382 43.387 43.417 43.354 43.327 43.357 43.322 43.337 43.367 43.372 43.377 43.382 43.429 43.492 43.489 43.514
41.242 41.277 41.352 41.377 41.372 41.412 41.417 41.497 41.547 41.577 41.567 41.607 41.652 41.654 41.707 41.757 41.774 41.807 41.869 41.887 41.914 41.962 42.012 42.069 42.132 42.137 42.157 42.222 42.277 42.302 42.327 42.389 42.452 42.464 42.532 42.527 42.554 42.609 42.622 42.639 42.667 42.684 42.749 42.767 42.822 42.829 42.869 42.867 42.929 42.952 42.997 43.117 43.172 43.244 43.329 43.354 43.382 43.367 43.349 43.302 43.292 43.302 43.334 43.347 43.354 43.329 43.367 43.387 43.459 43.472 43.502
41.217 41.254 41.309 41.362 41.397 41.422 41.472 41.477 41.512 41.532 41.552 41.577 41.624 41.652 41.702 41.734 41.744 41.762 41.822 41.847 41.847 41.944 41.974 42.012 42.074 42.104 42.119 42.147 42.239 42.282 42.334 42.394 42.429 42.467 42.517 42.542 42.549 42.587 42.612 42.627 42.652 42.679 42.717 42.744 42.764 42.802 42.879 42.872 42.879 42.922 42.979 43.059 43.149 43.189 43.274 43.337 43.372 43.359 43.324 43.317 43.237 43.254 43.264 43.309 43.309 43.317 43.364 43.399 43.429 43.462 43.489
41.169 41.172 41.224 41.277 41.332 41.377 41.384 41.404 41.434 41.469 41.527 41.574 41.597 41.592 41.642 41.687 41.692 41.752 41.764 41.794 41.814 41.872 41.919 41.949 42.014 42.049 42.079 42.144 42.184 42.199 42.274 42.349 42.394 42.444 42.484 42.507 42.509 42.532 42.569 42.619 42.632 42.664 42.694 42.714 42.732 42.779 42.812 42.832 42.844 42.877 42.927 43.002 43.104 43.179 43.237 43.289 43.304 43.332 43.297 43.269 43.249 43.267 43.217 43.277 43.277 43.272 43.329 43.347 43.412 43.469 43.487
41.157 41.157 41.182 41.229 41.252 41.277 41.304 41.367 41.379 41.424 41.459 41.487 41.522 41.539 41.577 41.642 41.619 41.659 41.677 41.722 41.742 41.792 41.852 41.899 41.927 42.017 42.014 42.089 42.137 42.172 42.247 42.324 42.357 42.404 42.452 42.489 42.507 42.509 42.549 42.592 42.597 42.667 42.672 42.727 42.717 42.767 42.792 42.827 42.864 42.852 42.884 42.967 43.052 43.139 43.224 43.304 43.319 43.317 43.287 43.229 43.217 43.227 43.217 43.217 43.254 43.232 43.277 43.322 43.389 43.427 43.464
41.104 41.132 41.147 41.174 41.222 41.254 41.267 41.319 41.364 41.372 41.402 41.409 41.482 41.494 41.524 41.574 41.594 41.574 41.597 41.637 41.689 41.747 41.789 41.852 41.862 41.939 41.992 42.049 42.099 42.144 42.204 42.242 42.299 42.357 42.399 42.419 42.489 42.492 42.512 42.564 42.569 42.587 42.642 42.694 42.707 42.724 42.747 42.782 42.824 42.827 42.887 42.959 43.052 43.147 43.227 43.314 43.319 43.327 43.314 43.237 43.222 43.224 43.239 43.224 43.244 43.239 43.277 43.307 43.382 43.417 43.439
41.047 41.122 41.162 41.172 41.204 41.192 41.244 41.274 41.297 41.304 41.324 41.387 41.429 41.429 41.464 41.472 41.512 41.517 41.547 41.602 41.632 41.697 41.737 41.777 41.827 41.867 41.922 41.997 42.034 42.107 42.167 42.217 42.269 42.314 42.359 42.417 42.437 42.454 42.492 42.522 42.547 42.597 42.617 42.669 42.704 42.707 42.732 42.774 42.819 42.857 42.902 42.952 43.037 43.159 43.227 43.294 43.309 43.287 43.319 43.282 43.234 43.177 43.232 43.247 43.247 43.282 43.284 43.299 43.354 43.424 43.447
40.994 41.049 41.117 41.102 41.137 41.129 41.192 41.222 41.239 41.279 41.304 41.327 41.354 41.379 41.407 41.414 41.447 41.469 41.524 41.557 41.557 41.629 41.692 41.737 41.772 41.859 41.899 41.942 42.022 42.087 42.104 42.172 42.219 42.292 42.352 42.364 42.417 42.462 42.472 42.522 42.544 42.567 42.594 42.637 42.699 42.694 42.707 42.774 42.807 42.862 42.917 42.934 43.057 43.129 43.187 43.247 43.282 43.287 43.269 43.237 43.234 43.207 43.194 43.222 43.237 43.267 43.282 43.307 43.344 43.389 43.402
40.952 40.972 41.012 41.044 41.039 41.064 41.124 41.184 41.174 41.197 41.229 41.242 41.267 41.299 41.314 41.327 41.344 41.409 41.454 41.477 41.509 41.559 41.642 41.692 41.719 41.794 41.872 41.919 42.002 42.049 42.109 42.194 42.204 42.254 42.332 42.347 42.399 42.442 42.474 42.549 42.559 42.589 42.614 42.669 42.712 42.709 42.762 42.769 42.822 42.847 42.904 42.964 43.052 43.109 43.184 43.229 43.282 43.274 43.237 43.219 43.209 43.192 43.199 43.214 43.252 43.217 43.254 43.297 43.324 43.362 43.412
40.814 40.832 40.887 40.924 40.977 40.994 41.034 41.062 41.067 41.097 41.097 41.137 41.147 41.157 41.197 41.217 41.264 41.269 41.292 41.357 41.364 41.474 41.587 41.627 41.657 41.727 41.812 41.819 41.892 41.977 42.052 42.142 42.194 42.222 42.274 42.324 42.369 42.419 42.424 42.477 42.534 42.602 42.622 42.632 42.692 42.717 42.764 42.784 42.827 42.854 42.852 42.882 43.012 43.067 43.157 43.247 43.244 43.262 43.234 43.232 43.184 43.194 43.174 43.189 43.222 43.209 43.234 43.267 43.317 43.332 43.412
40.719 40.739 40.789 40.824 40.819 40.847 40.864 40.912 40.937 40.954 40.982 40.972 40.989 41.009 41.042 41.049 41.129 41.169 41.187 41.217 41.247 41.342 41.444 41.499 41.522 41.609 41.674 41.702 41.752 41.892 41.969 41.999 42.092 42.124 42.184 42.262 42.289 42.349 42.417 42.464 42.532 42.552 42.559 42.604 42.639 42.664 42.724 42.749 42.749 42.794 42.862 42.864 42.949 43.027 43.089 43.207 43.232 43.252 43.222 43.242 43.182 43.162 43.162 43.177 43.197 43.247 43.254 43.272 43.319 43.367 43.397
40.689 40.659 40.659 40.697 40.694 40.737 40.807 40.824 40.817 40.822 40.844 40.869 40.877 40.907 40.932 40.944 41.002 41.032 41.089 41.134 41.159 41.227 41.302 41.374 41.407 41.444 41.532 41.599 41.684 41.794 41.844 41.857 41.944 42.014 42.109 42.182 42.214 42.257 42.332 42.374 42.447 42.454 42.502 42.542 42.589 42.624 42.654 42.687 42.724 42.737 42.794 42.832 42.872 42.984 43.067 43.157 43.224 43.219 43.224 43.224 43.194 43.169 43.159 43.159 43.202 43.234 43.272 43.297 43.317 43.362 43.389
40.629 40.634 40.594 40.644 40.654 40.674 40.719 40.707 40.724 40.717 40.744 40.767 40.789 40.814 40.829 40.872 40.924 40.949 40.982 41.039 41.102 41.109 41.199 41.262 41.274 41.357 41.392 41.464 41.554 41.647 41.677 41.744 41.827 41.904 41.954 42.019 42.092 42.144 42.227 42.267 42.322 42.389 42.457 42.517 42.524 42.554 42.619 42.649 42.662 42.712 42.747 42.827 42.882 42.972 43.034 43.139 43.202 43.212 43.212 43.194 43.184 43.142 43.149 43.162 43.207 43.229 43.257 43.299 43.309 43.352 43.387
40.584 40.577 40.592 40.589 40.622 40.637 40.649 40.644 40.657 40.674 40.684 40.707 40.694 40.737 40.764 40.774 40.822 40.892 40.912 40.942 41.004 41.042 41.099 41.174 41.162 41.254 41.314 41.347 41.427 41.497 41.579 41.652 41.714 41.792 41.859 41.937 42.017 42.049 42.134 42.172 42.217 42.319 42.354 42.402 42.472 42.502 42.564 42.622 42.634 42.674 42.709 42.792 42.844 42.912 42.999 43.089 43.162 43.227 43.202 43.184 43.182 43.172 43.134 43.179 43.214 43.259 43.269 43.317 43.364 43.379 43.382
40.524 40.527 40.517 40.549 40.534 40.574 40.559 40.574 40.592 40.629 40.644 40.669 40.692 40.712 40.714 40.742 40.749 40.794 40.854 40.889 40.937 40.999 41.049 41.074 41.122 41.147 41.252 41.289 41.347 41.459 41.524 41.574 41.684 41.719 41.784 41.864 41.937 42.002 42.024 42.092 42.137 42.222 42.292 42.374 42.404 42.452 42.519 42.539 42.584 42.602 42.672 42.727 42.782 42.872 42.989 43.094 43.147 43.167 43.217 43.177 43.147 43.144 43.154 43.159 43.187 43.257 43.279 43.319 43.359 43.427 43.442
40.514 40.509 40.487 40.482 40.519 40.547 40.542 40.532 40.564 40.592 40.604 40.637 40.659 40.649 40.667 40.709 40.769 40.764 40.802 40.839 40.892 40.939 40.989 41.034 41.079 41.137 41.164 41.212 41.272 41.397 41.472 41.497 41.602 41.652 41.719 41.752 41.829 41.914 41.947 42.042 42.109 42.137 42.229 42.307 42.369 42.389 42.469 42.517 42.529 42.584 42.624 42.674 42.744 42.882 42.962 43.077 43.139 43.157 43.214 43.187 43.139 43.149 43.159 43.189 43.204 43.259 43.252 43.297 43.347 43.412 43.449
40.474 40.479 40.494 40.489 40.444 40.502 40.507 40.484 40.492 40.527 40.547 40.572 40.604 40.629 40.654 40.677 40.717 40.749 40.772 40.824 40.869 40.922 40.962 40.962 41.042 41.104 41.139 41.182 41.244 41.359 41.412 41.457 41.532 41.594 41.664 41.709 41.787 41.827 41.874 41.984 42.039 42.054 42.187 42.262 42.324 42.354 42.437 42.504 42.504 42.552 42.579 42.637 42.734 42.839 42.932 43.024 43.089 43.124 43.152 43.142 43.122 43.122 43.142 43.177 43.189 43.229 43.249 43.332 43.354 43.382 43.472
40.419 40.402 40.432 40.419 40.394 40.432 40.417 40.434 40.464 40.479 40.517 40.522 40.567 40.594 40.607 40.634 40.689 40.704 40.744 40.792 40.847 40.894 40.927 40.934 40.994 41.039 41.117 41.139 41.239 41.317 41.342 41.432 41.462 41.552 41.619 41.652 41.729 41.834 41.829 41.914 41.974 42.007 42.132 42.209 42.289 42.317 42.379 42.484 42.489 42.522 42.567 42.619 42.689 42.832 42.914 43.022 43.074 43.097 43.099 43.067 43.107 43.097 43.087 43.127 43.159 43.204 43.244 43.292 43.379 43.387 43.427
40.307 40.342 40.369 40.354 40.367 40.359 40.382 40.399 40.407 40.442 40.494 40.527 40.507 40.572 40.612 40.614 40.669 40.682 40.697 40.737 40.812 40.827 40.882 40.929 40.977 40.984 41.047 41.112 41.202 41.252 41.299 41.367 41.414 41.499 41.539 41.589 41.629 41.724 41.797 41.872 41.987 42.032 42.104 42.154 42.267 42.309 42.317 42.397 42.424 42.504 42.514 42.569 42.637 42.779 42.879 42.979 43.032 43.042 43.049 43.039 43.059 43.052 43.034 43.072 43.099 43.159 43.214 43.267 43.322 43.374 43.387
