LIDAR/se2785_DTM_2M.asc
ncols 500
nrows 500
xllcorner    427000
yllcorner    485000
cellsize     2
NODATA_value -9999
[rows 224 to 255 of 500, columns 288 to 359 of 500]
30.581 30.573 30.568 30.533 30.493 30.418 30.406 30.348 30.296 30.236 30.218 30.198 30.12 30.055 30 29.993 29.975 30.003 30.033 30.078 30.085 30.105 30.13 30.143 30.145 30.193 30.22 30.193 30.193 30.243 30.268 30.278 30.325 30.348 30.338 30.34 30.363 30.358 30.37 30.325 30.283 30.245 30.208 30.158 30.178 30.158 30.105 30.068 29.963 29.923 29.92 29.843 29.813 29.703 29.675 29.645 29.658 29.673 29.698 29.7 29.705 29.685 29.643 29.665 29.72 29.708 29.738 29.753 29.75 29.818 29.843 29.86
30.646 30.653 30.613 30.571 30.528 30.511 30.491 30.396 30.321 30.256 30.208 30.166 30.03 30.003 29.958 29.988 29.938 29.96 30.008 30.028 30.033 30.013 30.045 30.073 30.05 30.063 30.095 30.133 30.138 30.173 30.235 30.228 30.248 30.258 30.278 30.29 30.235 30.298 30.283 30.255 30.235 30.17 30.155 30.128 30.098 30.06 29.98 29.953 29.928 29.848 29.845 29.783 29.728 29.655 29.643 29.64 29.605 29.63 29.66 29.65 29.645 29.638 29.65 29.65 29.688 29.688 29.71 29.745 29.745 29.833 29.82 29.818
30.691 30.653 30.628 30.623 30.598 30.566 30.523 30.458 30.338 30.293 30.221 30.181 30.083 30.063 30.005 29.978 29.925 29.93 29.913 29.93 29.945 29.923 29.963 30 29.99 30.003 30.03 30.095 30.113 30.108 30.168 30.19 30.18 30.178 30.218 30.28 30.23 30.228 30.238 30.18 30.188 30.128 30.1 30.043 30.038 29.988 29.908 29.87 29.83 29.743 29.748 29.715 29.648 29.623 29.575 29.61 29.588 29.605 29.608 29.583 29.595 29.608 29.625 29.643 29.673 29.665 29.708 29.723 29.73 29.818 29.83 29.838
30.731 30.706 30.693 30.651 30.653 30.611 30.551 30.501 30.393 30.368 30.258 30.181 30.123 30.04 29.988 29.928 29.933 29.858 29.833 29.855 29.87 29.893 29.87 29.953 30 29.998 29.983 30.038 30.085 30.08 30.085 30.1 30.15 30.13 30.175 30.193 30.205 30.195 30.17 30.115 30.125 30.098 30.068 30 29.953 29.885 29.843 29.795 29.748 29.675 29.645 29.618 29.575 29.548 29.485 29.498 29.508 29.53 29.53 29.51 29.54 29.558 29.578 29.578 29.628 29.668 29.675 29.713 29.748 29.755 29.785 29.81
30.736 30.728 30.743 30.743 30.723 30.663 30.603 30.566 30.461 30.391 30.326 30.256 30.21 30.108 30.058 30.015 29.963 29.885 29.825 29.81 29.835 29.85 29.825 29.913 29.95 29.928 29.93 29.948 29.968 30.02 30.038 30.065 30.05 30.09 30.1 30.133 30.135 30.13 30.115 30.078 30.06 30.02 29.985 29.973 29.903 29.863 29.8 29.743 29.685 29.655 29.583 29.545 29.503 29.495 29.475 29.455 29.413 29.418 29.46 29.48 29.525 29.528 29.593 29.59 29.588 29.65 29.658 29.685 29.728 29.765 29.753 29.848
30.783 30.773 30.796 30.771 30.733 30.668 30.623 30.596 30.556 30.471 30.431 30.306 30.265 30.185 30.058 29.995 29.953 29.908 29.82 29.8 29.81 29.82 29.798 29.825 29.84 29.888 29.908 29.883 29.925 29.968 30.013 29.995 29.993 29.995 30.053 30.05 30.038 30.06 30.038 30.015 29.963 29.97 29.92 29.885 29.843 29.803 29.725 29.638 29.635 29.578 29.535 29.463 29.443 29.423 29.433 29.45 29.448 29.385 29.413 29.41 29.453 29.5 29.523 29.603 29.623 29.598 29.64 29.685 29.703 29.76 29.815 29.845
30.793 30.796 30.783 30.778 30.751 30.678 30.681 30.633 30.573 30.518 30.413 30.328 30.253 30.19 30.095 30.008 29.928 29.898 29.828 29.79 29.74 29.81 29.81 29.808 29.818 29.863 29.855 29.938 29.928 29.955 29.96 29.97 29.975 29.98 29.993 29.983 29.998 30.038 29.98 29.98 29.933 29.913 29.848 29.805 29.798 29.73 29.69 29.638 29.568 29.505 29.448 29.443 29.413 29.413 29.398 29.435 29.405 29.36 29.37 29.4 29.443 29.49 29.483 29.53 29.588 29.585 29.63 29.645 29.695 29.743 29.76 29.785
30.818 30.841 30.828 30.793 30.773 30.728 30.716 30.668 30.583 30.518 30.488 30.386 30.263 30.258 30.16 30.058 29.973 29.925 29.87 29.803 29.795 29.795 29.803 29.835 29.83 29.898 29.865 29.888 29.885 29.898 29.885 29.95 29.943 29.913 29.935 29.948 29.918 29.975 29.93 29.905 29.92 29.885 29.828 29.788 29.743 29.705 29.668 29.62 29.54 29.465 29.408 29.368 29.368 29.368 29.338 29.355 29.37 29.388 29.383 29.395 29.405 29.463 29.493 29.525 29.568 29.578 29.59 29.618 29.635 29.678 29.738 29.795
30.828 30.828 30.861 30.793 30.793 30.791 30.748 30.711 30.658 30.601 30.518 30.411 30.308 30.285 30.22 30.1 30.023 29.96 29.95 29.848 29.81 29.838 29.83 29.838 29.868 29.873 29.843 29.82 29.875 29.84 29.838 29.875 29.848 29.893 29.9 29.905 29.898 29.908 29.938 29.918 29.85 29.833 29.81 29.735 29.68 29.583 29.583 29.538 29.47 29.388 29.34 29.28 29.268 29.29 29.348 29.338 29.343 29.38 29.388 29.4 29.375 29.483 29.518 29.508 29.51 29.56 29.598 29.648 29.663 29.72 29.773 29.833
30.881 30.856 30.858 30.806 30.811 30.801 30.738 30.748 30.688 30.641 30.538 30.463 30.43 30.37 30.253 30.188 30.068 30.018 30.008 29.925 29.91 29.865 29.833 29.83 29.865 29.86 29.835 29.823 29.82 29.82 29.863 29.848 29.89 29.878 29.893 29.918 29.918 29.858 29.888 29.848 29.803 29.77 29.768 29.665 29.608 29.553 29.513 29.46 29.393 29.345 29.28 29.268 29.3 29.278 29.343 29.35 29.32 29.385 29.378 29.388 29.37 29.365 29.37 29.415 29.483 29.52 29.58 29.65 29.648 29.713 29.828 29.77
30.888 30.893 30.876 30.866 30.831 30.793 30.741 30.766 30.696 30.621 30.601 30.498 30.465 30.428 30.345 30.253 30.198 30.09 30.06 30.003 29.953 29.893 29.903 29.873 29.843 29.84 29.9 29.825 29.825 29.883 29.875 29.89 29.928 29.863 29.873 29.888 29.873 29.855 29.863 29.838 29.818 29.79 29.75 29.628 29.54 29.498 29.465 29.463 29.39 29.335 29.28 29.275 29.328 29.253 29.34 29.408 29.375 29.353 29.335 29.308 29.363 29.365 29.4 29.443 29.495 29.54 29.628 29.663 29.393 29.28 29.253 28.578
30.941 30.873 30.868 30.896 30.876 30.831 30.771 30.758 30.726 30.671 30.618 30.541 30.515 30.47 30.373 30.313 30.253 30.145 30.108 30.058 29.973 29.955 29.935 29.92 29.935 29.905 29.933 29.913 29.883 29.945 29.893 29.905 29.9 29.885 29.91 29.888 29.888 29.873 29.888 29.858 29.808 29.775 29.723 29.633 29.57 29.553 29.485 29.415 29.395 29.31 29.275 29.285 29.333 29.245 29.373 29.368 29.323 29.35 29.365 29.358 29.368 29.35 29.385 29.473 29.525 29.55 29.443 28.948 28.86 28.725 28.585 28.62
30.933 30.926 30.893 30.898 30.893 30.881 30.816 30.766 30.763 30.708 30.631 30.596 30.57 30.525 30.43 30.373 30.298 30.215 30.18 30.118 30.03 30.03 29.98 29.973 29.978 29.975 29.933 29.933 29.935 29.923 29.918 29.915 29.92 29.928 29.938 29.858 29.883 29.878 29.805 29.783 29.778 29.72 29.715 29.645 29.538 29.548 29.475 29.42 29.425 29.35 29.27 29.283 29.328 29.258 29.288 29.288 29.338 29.345 29.335 29.36 29.38 29.415 29.48 29.528 29.435 29.208 28.8 28.38 28.625 28.873 28.923 29.163
30.933 30.956 30.943 30.873 30.861 30.881 30.848 30.793 30.793 30.768 30.703 30.638 30.6 30.55 30.488 30.44 30.383 30.265 30.2 30.138 30.1 30.078 30.053 30.025 30.013 30.045 30.005 29.995 29.983 30.023 30.008 30.008 30.043 29.978 29.965 29.898 29.863 29.848 29.818 29.778 29.75 29.695 29.73 29.673 29.54 29.528 29.453 29.428 29.398 29.363 29.278 29.28 29.31 29.358 29.325 29.36 29.35 29.35 29.383 29.468 29.465 29.42 29.155 28.888 28.68 28.455 28.898 29.038 29.29 29.33 29.32 29.398
30.908 30.918 30.931 30.896 30.898 30.881 30.888 30.858 30.813 30.798 30.776 30.686 30.618 30.57 30.535 30.458 30.393 30.308 30.23 30.19 30.145 30.138 30.105 30.115 30.088 30.103 30.06 30.03 30.033 30.045 30.025 29.985 29.975 29.975 29.958 29.938 29.903 29.853 29.82 29.8 29.76 29.68 29.7 29.653 29.565 29.555 29.49 29.463 29.42 29.398 29.323 29.345 29.343 29.315 29.363 29.36 29.36 29.188 29.148 28.835 28.685 28.478 28.388 28.675 28.95 28.973 29.268 29.283 29.28 29.28 29.325 29.355
30.938 30.943 30.961 30.946 30.943 30.936 30.913 30.848 30.831 30.803 30.743 30.686 30.638 30.585 30.53 30.505 30.408 30.325 30.255 30.213 30.17 30.19 30.148 30.13 30.118 30.133 30.07 30.03 30.05 30.083 30.05 30.01 30.04 30.033 30 30.008 29.925 29.863 29.85 29.835 29.815 29.775 29.74 29.655 29.618 29.598 29.51 29.41 29.408 29.425 29.355 29.32 29.315 29.315 29.355 29.415 29.408 28.94 28.715 28.53 28.67 28.83 28.9 29.13 29.23 29.205 29.198 29.225 29.238 29.253 29.308 29.333
31.008 30.993 31.016 30.993 30.958 30.906 30.878 30.868 30.851 30.776 30.716 30.696 30.633 30.57 30.52 30.49 30.418 30.318 30.25 30.208 30.173 30.15 30.16 30.15 30.14 30.145 30.108 30.11 30.123 30.145 30.11 30.065 30.098 30.07 29.978 30.02 29.993 29.91 29.855 29.823 29.763 29.705 29.703 29.653 29.568 29.535 29.48 29.423 29.473 29.473 29.405 29.343 29.313 29.34 29.33 29.31 29.33 29.133 28.948 29.065 29.088 29.043 29.103 29.103 29.11 29.128 29.153 29.188 29.223 29.19 29.213 29.255
31.011 30.993 30.993 30.971 30.901 30.948 30.926 30.866 30.851 30.761 30.698 30.678 30.645 30.608 30.55 30.475 30.4 30.355 30.288 30.233 30.215 30.188 30.17 30.173 30.17 30.158 30.143 30.2 30.17 30.148 30.163 30.133 30.143 30.095 30.043 30.03 29.978 29.93 29.915 29.833 29.745 29.693 29.708 29.635 29.56 29.535 29.505 29.453 29.44 29.423 29.41 29.363 29.33 29.315 29.268 29.243 29.223 29.17 29.138 29.095 29.068 29.055 29.053 29.068 29.08 29.045 29.083 29.103 29.138 29.135 29.15 29.175
31.013 31.011 30.991 30.983 30.901 30.926 30.948 30.873 30.846 30.781 30.716 30.698 30.623 30.568 30.53 30.485 30.39 30.318 30.295 30.23 30.185 30.183 30.16 30.173 30.14 30.185 30.205 30.185 30.16 30.155 30.175 30.173 30.125 30.06 30.065 30.07 30.02 29.943 29.868 29.858 29.795 29.735 29.708 29.645 29.568 29.503 29.47 29.405 29.37 29.38 29.375 29.35 29.335 29.328 29.21 29.188 29.173 29.078 29.06 29.08 29.06 29.025 28.998 29.013 28.998 28.993 29.058 29.065 29.088 29.123 29.123 29.128
31.038 30.963 30.998 30.986 30.961 30.911 30.893 30.863 30.783 30.768 30.698 30.661 30.615 30.59 30.505 30.465 30.383 30.328 30.245 30.205 30.203 30.165 30.173 30.193 30.173 30.16 30.193 30.185 30.19 30.185 30.168 30.238 30.155 30.085 30.078 30.018 29.988 29.908 29.8 29.81 29.788 29.72 29.703 29.625 29.533 29.478 29.443 29.388 29.378 29.373 29.33 29.323 29.34 29.245 29.248 29.195 29.125 29.065 29.048 29.058 29.038 28.998 28.98 28.993 28.983 28.988 29.068 29.058 29.063 29.098 29.125 29.108
31.051 31.051 30.981 30.926 30.936 30.908 30.883 30.886 30.813 30.746 30.681 30.603 30.61 30.545 30.46 30.418 30.39 30.298 30.225 30.203 30.163 30.15 30.113 30.15 30.2 30.163 30.183 30.185 30.203 30.185 30.178 30.123 30.08 30.07 30.073 29.975 29.93 29.903 29.765 29.748 29.745 29.688 29.628 29.628 29.545 29.52 29.45 29.428 29.383 29.375 29.318 29.303 29.308 29.203 29.2 29.13 29.108 29.045 29.055 29.025 29.013 29.018 29.013 28.965 28.998 29 29.013 29.035 28.993 29.013 29.055 29.068
31.011 31.006 30.973 30.943 30.948 30.941 30.851 30.788 30.783 30.711 30.673 30.603 30.583 30.525 30.455 30.36 30.318 30.235 30.173 30.148 30.148 30.138 30.065 30.113 30.14 30.155 30.16 30.118 30.105 30.09 30.09 30.075 30.045 30.053 30.025 29.943 29.908 29.883 29.81 29.775 29.743 29.698 29.63 29.555 29.505 29.498 29.478 29.43 29.385 29.363 29.298 29.278 29.253 29.183 29.178 29.125 29.125 29.083 29.068 29.068 29.005 28.98 29.01 28.995 28.998 28.983 28.978 29.015 28.99 28.93 28.993 29.02
31.011 30.943 30.948 30.948 30.878 30.923 30.811 30.751 30.756 30.718 30.648 30.546 30.495 30.48 30.388 30.32 30.31 30.275 30.163 30.098 30.11 30.095 30.028 30.005 30.053 30.1 30.088 30.088 30.07 30.07 30.063 30.033 30.003 30.023 29.983 29.923 29.868 29.818 29.835 29.753 29.683 29.675 29.638 29.513 29.533 29.495 29.485 29.393 29.375 29.308 29.285 29.238 29.193 29.18 29.16 29.133 29.105 29.098 29.073 29.048 28.978 29 29.008 28.99 28.998 28.973 29.013 29.015 29.003 28.97 29.008 29.01
31.006 30.966 30.958 30.931 30.878 30.878 30.811 30.766 30.696 30.683 30.641 30.536 30.478 30.46 30.375 30.273 30.218 30.14 30.09 30.07 30.035 30.033 30.03 30.008 30.023 30.055 30.02 30.045 30.053 30.025 30.003 29.973 29.963 29.94 29.908 29.85 29.838 29.788 29.765 29.725 29.68 29.66 29.648 29.575 29.54 29.473 29.415 29.358 29.353 29.25 29.223 29.195 29.148 29.163 29.148 29.11 29.113 29.118 29.085 29.07 28.993 28.995 29.038 28.988 28.98 28.963 28.98 29.018 29.003 29.013 29.033 28.958
30.981 30.951 30.948 30.871 30.838 30.811 30.783 30.756 30.693 30.641 30.596 30.516 30.403 30.345 30.31 30.225 30.133 30.068 30.025 29.99 29.935 29.983 29.988 30.005 29.985 29.998 30 30.003 29.948 29.96 29.95 29.933 29.885 29.883 29.865 29.818 29.793 29.775 29.763 29.73 29.665 29.643 29.605 29.5 29.488 29.438 29.385 29.293 29.26 29.24 29.203 29.173 29.135 29.13 29.155 29.12 29.125 29.088 29.058 29.003 29 28.988 29 28.98 29.003 28.955 28.945 28.983 28.955 29.015 29.015 28.96
30.951 30.893 30.936 30.851 30.828 30.793 30.741 30.656 30.563 30.536 30.493 30.421 30.358 30.3 30.248 30.173 30.105 30.035 29.99 29.915 29.89 29.92 29.943 29.915 29.918 29.908 29.933 29.913 29.88 29.89 29.905 29.888 29.85 29.848 29.845 29.783 29.79 29.75 29.723 29.663 29.638 29.598 29.543 29.463 29.395 29.383 29.358 29.305 29.243 29.223 29.195 29.205 29.16 29.133 29.143 29.143 29.113 29.078 29.028 29.015 28.985 29 28.99 28.983 28.998 28.985 28.973 28.993 28.995 29.03 29.05 28.995
30.945 30.89 30.878 30.81 30.768 30.693 30.648 30.565 30.495 30.483 30.425 30.385 30.338 30.298 30.21 30.13 30.05 29.988 29.915 29.823 29.823 29.83 29.868 29.91 29.855 29.82 29.85 29.875 29.875 29.828 29.845 29.85 29.803 29.763 29.78 29.79 29.755 29.708 29.653 29.61 29.59 29.57 29.528 29.483 29.405 29.41 29.373 29.33 29.273 29.238 29.208 29.22 29.195 29.155 29.175 29.13 29.068 29.068 29.045 29.043 29.043 29 29.003 29.02 28.97 28.975 28.998 28.965 28.985 28.985 29.003 28.993
30.923 30.84 30.815 30.785 30.698 30.615 30.593 30.545 30.505 30.475 30.393 30.35 30.288 30.215 30.108 30.08 30.04 29.953 29.883 29.873 29.848 29.84 29.853 29.868 29.798 29.823 29.813 29.818 29.773 29.805 29.8 29.77 29.738 29.708 29.685 29.683 29.675 29.608 29.58 29.61 29.575 29.533 29.51 29.468 29.4 29.353 29.348 29.29 29.275 29.243 29.2 29.195 29.163 29.103 29.153 29.123 29.093 29.08 29.063 29.058 29.043 29.013 28.99 28.99 28.96 28.965 28.958 28.948 28.933 28.988 29.003 29.018
30.858 30.795 30.74 30.67 30.66 30.628 30.593 30.508 30.47 30.408 30.338 30.27 30.233 30.185 30.08 30.02 29.973 29.933 29.898 29.895 29.858 29.83 29.81 29.8 29.788 29.753 29.758 29.728 29.725 29.735 29.708 29.72 29.753 29.693 29.675 29.65 29.61 29.578 29.583 29.533 29.478 29.508 29.445 29.383 29.365 29.308 29.32 29.293 29.27 29.225 29.203 29.198 29.178 29.135 29.148 29.138 29.11 29.105 29.035 29.018 29.04 28.985 28.98 28.988 28.998 28.988 28.998 29 28.983 29 29.01 29.013
30.79 30.77 30.698 30.613 30.58 30.535 30.49 30.428 30.468 30.353 30.32 30.26 30.19 30.165 30.105 30.025 29.915 29.955 29.923 29.888 29.828 29.758 29.765 29.745 29.715 29.713 29.698 29.69 29.74 29.733 29.708 29.683 29.695 29.653 29.613 29.61 29.6 29.565 29.548 29.5 29.445 29.405 29.405 29.35 29.328 29.323 29.335 29.283 29.288 29.235 29.185 29.205 29.213 29.138 29.133 29.093 29.113 29.073 29.018 29.035 29.04 29.028 29.008 29.02 29.01 29.025 29.01 28.993 28.993 28.965 28.965 29.008
30.71 30.668 30.62 30.588 30.6 30.538 30.475 30.41 30.355 30.303 30.25 30.203 30.163 30.105 30.038 29.98 29.935 29.915 29.823 29.8 29.76 29.72 29.71 29.725 29.713 29.688 29.748 29.7 29.693 29.698 29.733 29.688 29.68 29.645 29.588 29.533 29.553 29.525 29.438 29.45 29.43 29.413 29.393 29.348 29.313 29.33 29.295 29.24 29.198 29.185 29.148 29.16 29.178 29.165 29.155 29.123 29.125 29.095 29.118 29.065 29.065 29.09 29.045 29.025 29.003 29.028 29.045 29.028 28.98 28.963 28.983 29.045
30.7 30.653 30.61 30.54 30.535 30.52 30.45 30.393 30.353 30.275 30.208 30.123 30.083 30.06 29.98 29.903 29.89 29.865 29.773 29.715 29.738 29.703 29.695 29.675 29.668 29.665 29.688 29.68 29.68 29.633 29.618 29.623 29.618 29.573 29.553 29.518 29.498 29.448 29.398 29.408 29.383 29.343 29.328 29.323 29.323 29.333 29.233 29.163 29.173 29.175 29.158 29.17 29.155 29.163 29.19 29.153 29.14 29.103 29.14 29.093 29.06 29.085 29.028 29.03 29.005 29.05 29.068 29.055 29.055 29.045 29.04 29.083
