LIDAR/se2886_DTM_2M.asc
ncols 500
nrows 500
xllcorner    428000
yllcorner    486000
cellsize     2
NODATA_value -9999
[rows 320 to 351 of 500, columns 72 to 143 of 500]
29.237 29.217 29.23 29.27 29.277 29.292 29.315 29.305 29.317 29.357 29.412 29.42 29.445 29.47 29.475 29.472 29.477 29.515 29.49 29.48 29.507 29.502 29.495 29.5 29.507 29.49 29.49 29.48 29.467 29.452 29.462 29.442 29.425 29.455 29.44 29.407 29.412 29.4 29.387 29.372 29.382 29.315 29.292 29.307 29.257 29.25 29.26 29.217 29.175 29.162 29.11 29.08 29.075 29.032 29.01 28.992 29.012 28.992 28.95 28.947 28.957 28.937 28.942 28.952 28.912 28.895 28.885 28.862 28.875 28.865 28.842 28.872
29.207 29.237 29.227 29.24 29.255 29.287 29.295 29.327 29.315 29.312 29.387 29.407 29.432 29.467 29.48 29.44 29.457 29.482 29.492 29.487 29.505 29.507 29.495 29.492 29.52 29.507 29.475 29.487 29.462 29.462 29.447 29.445 29.427 29.427 29.435 29.405 29.392 29.42 29.382 29.352 29.36 29.337 29.285 29.302 29.257 29.24 29.212 29.187 29.172 29.152 29.117 29.057 29.037 29.012 28.99 28.952 28.987 28.985 28.93 28.915 28.927 28.91 28.897 28.897 28.922 28.885 28.885 28.895 28.855 28.875 28.865 28.902
29.182 29.207 29.212 29.222 29.265 29.285 29.28 29.325 29.33 29.3 29.352 29.405 29.412 29.452 29.472 29.45 29.477 29.51 29.487 29.477 29.48 29.495 29.495 29.482 29.487 29.512 29.48 29.48 29.472 29.472 29.452 29.455 29.43 29.437 29.467 29.412 29.407 29.387 29.357 29.295 29.32 29.305 29.262 29.255 29.265 29.26 29.217 29.215 29.182 29.135 29.097 29.045 29.015 28.972 28.965 28.93 28.95 28.937 28.902 28.93 28.925 28.9 28.877 28.892 28.915 28.872 28.872 28.915 28.887 28.89 28.902 28.925
29.177 29.18 29.215 29.225 29.227 29.257 29.287 29.282 29.307 29.327 29.355 29.41 29.422 29.432 29.447 29.462 29.43 29.477 29.497 29.497 29.482 29.495 29.507 29.505 29.48 29.502 29.487 29.482 29.475 29.475 29.45 29.435 29.442 29.427 29.435 29.435 29.385 29.36 29.36 29.325 29.305 29.28 29.295 29.245 29.262 29.235 29.21 29.21 29.195 29.107 29.087 29.067 28.972 28.957 28.932 28.892 28.895 28.9 28.92 28.902 28.877 28.88 28.87 28.867 28.892 28.9 28.897 28.877 28.892 28.907 28.91 28.93
29.17 29.17 29.187 29.2 29.172 29.247 29.27 29.285 29.305 29.337 29.322 29.36 29.437 29.415 29.432 29.452 29.462 29.477 29.492 29.502 29.5 29.5 29.512 29.505 29.492 29.482 29.495 29.457 29.46 29.47 29.455 29.43 29.447 29.422 29.427 29.422 29.387 29.352 29.35 29.322 29.275 29.28 29.292 29.25 29.225 29.222 29.207 29.17 29.195 29.11 29.075 29.047 28.977 28.917 28.897 28.912 28.862 28.87 28.892 28.897 28.885 28.887 28.87 28.85 28.872 28.892 28.897 28.88 28.912 28.91 28.95 28.975
29.172 29.182 29.162 29.2 29.17 29.187 29.242 29.282 29.3 29.327 29.332 29.332 29.41 29.432 29.44 29.447 29.462 29.47 29.495 29.527 29.495 29.495 29.517 29.497 29.49 29.467 29.46 29.492 29.457 29.46 29.455 29.422 29.46 29.44 29.417 29.397 29.375 29.327 29.322 29.337 29.292 29.272 29.277 29.235 29.177 29.187 29.182 29.147 29.142 29.102 29.052 29.03 28.977 28.897 28.882 28.882 28.852 28.855 28.885 28.91 28.87 28.842 28.885 28.852 28.872 28.915 28.92 28.915 28.94 28.962 28.96 28.997
29.162 29.175 29.155 29.187 29.197 29.17 29.225 29.282 29.3 29.32 29.35 29.365 29.367 29.43 29.43 29.447 29.477 29.482 29.485 29.532 29.527 29.487 29.482 29.492 29.5 29.48 29.48 29.505 29.46 29.45 29.445 29.455 29.422 29.405 29.407 29.365 29.342 29.335 29.287 29.315 29.27 29.255 29.255 29.232 29.182 29.17 29.165 29.157 29.105 29.085 29.057 28.992 28.927 28.88 28.877 28.87 28.865 28.867 28.865 28.875 28.872 28.84 28.865 28.865 28.872 28.91 28.925 28.96 28.967 28.997 29 29.025
29.112 29.15 29.16 29.165 29.187 29.155 29.207 29.275 29.302 29.312 29.342 29.357 29.345 29.4 29.442 29.435 29.46 29.472 29.475 29.49 29.505 29.51 29.487 29.502 29.505 29.482 29.47 29.487 29.452 29.417 29.43 29.445 29.405 29.402 29.37 29.355 29.335 29.337 29.29 29.282 29.255 29.225 29.232 29.197 29.187 29.16 29.157 29.162 29.085 29.067 29.037 29.002 28.935 28.897 28.87 28.86 28.862 28.865 28.867 28.86 28.887 28.877 28.882 28.92 28.927 28.917 28.945 29.005 28.992 29 29.067 29.067
29.115 29.162 29.165 29.142 29.157 29.155 29.207 29.245 29.285 29.35 29.32 29.367 29.362 29.377 29.445 29.44 29.452 29.47 29.472 29.485 29.502 29.51 29.485 29.515 29.505 29.48 29.455 29.455 29.46 29.427 29.407 29.435 29.41 29.382 29.357 29.36 29.335 29.33 29.292 29.247 29.245 29.222 29.19 29.18 29.17 29.152 29.11 29.107 29.085 29.052 29.002 28.977 28.925 28.897 28.872 28.862 28.855 28.862 28.855 28.877 28.867 28.89 28.92 28.92 28.972 28.96 28.98 29.03 29.042 29.047 29.092 29.135
29.112 29.125 29.18 29.17 29.16 29.195 29.207 29.23 29.29 29.317 29.342 29.35 29.38 29.372 29.395 29.45 29.437 29.452 29.462 29.472 29.472 29.497 29.507 29.482 29.475 29.445 29.43 29.422 29.422 29.455 29.387 29.39 29.39 29.37 29.345 29.327 29.302 29.3 29.265 29.242 29.232 29.235 29.192 29.162 29.152 29.155 29.112 29.077 29.065 29.007 28.967 28.97 28.907 28.892 28.9 28.862 28.845 28.85 28.865 28.85 28.915 28.925 28.937 28.94 28.995 29.025 29.012 29.072 29.112 29.1 29.147 29.222
29.107 29.117 29.16 29.187 29.167 29.182 29.202 29.192 29.25 29.305 29.305 29.32 29.377 29.375 29.36 29.395 29.427 29.43 29.452 29.467 29.462 29.49 29.515 29.487 29.447 29.435 29.442 29.412 29.392 29.427 29.397 29.35 29.375 29.39 29.34 29.345 29.3 29.3 29.265 29.227 29.215 29.182 29.18 29.14 29.12 29.125 29.105 29.065 29.022 28.985 28.94 28.947 28.885 28.87 28.885 28.845 28.837 28.845 28.885 28.885 28.92 28.947 28.97 28.995 29.02 29.075 29.067 29.105 29.152 29.185 29.202 29.282
29.117 29.097 29.142 29.182 29.175 29.177 29.185 29.202 29.215 29.285 29.285 29.307 29.372 29.352 29.332 29.342 29.402 29.397 29.44 29.452 29.462 29.482 29.507 29.492 29.442 29.425 29.427 29.407 29.39 29.405 29.415 29.362 29.372 29.362 29.332 29.322 29.315 29.272 29.232 29.225 29.185 29.145 29.15 29.137 29.105 29.092 29.087 29.042 29.017 29.032 28.965 28.92 28.887 28.875 28.84 28.855 28.845 28.857 28.905 28.895 28.917 28.965 29.002 29.025 29.072 29.107 29.137 29.177 29.24 29.295 29.282 29.325
29.117 29.12 29.12 29.152 29.207 29.172 29.16 29.217 29.225 29.235 29.29 29.297 29.32 29.355 29.355 29.335 29.375 29.407 29.422 29.447 29.455 29.45 29.457 29.47 29.432 29.405 29.387 29.382 29.38 29.355 29.36 29.327 29.325 29.355 29.327 29.295 29.277 29.257 29.205 29.215 29.187 29.142 29.137 29.137 29.087 29.07 29.065 29.037 29.005 28.995 28.98 28.912 28.905 28.862 28.87 28.857 28.83 28.88 28.915 28.952 28.975 28.985 29.03 29.067 29.085 29.145 29.205 29.26 29.305 29.367 29.38 29.432
29.147 29.13 29.127 29.142 29.192 29.197 29.18 29.205 29.222 29.23 29.272 29.285 29.277 29.315 29.315 29.322 29.317 29.412 29.417 29.4 29.41 29.415 29.44 29.437 29.425 29.392 29.377 29.375 29.342 29.34 29.307 29.282 29.277 29.295 29.325 29.31 29.24 29.22 29.205 29.18 29.187 29.152 29.107 29.125 29.097 29.04 29.035 29.017 28.992 28.925 28.945 28.927 28.905 28.87 28.877 28.865 28.86 28.885 28.907 28.977 29.022 29.017 29.072 29.087 29.112 29.195 29.265 29.297 29.365 29.425 29.505 29.547
29.205 29.14 29.15 29.16 29.172 29.197 29.2 29.177 29.23 29.245 29.245 29.27 29.255 29.277 29.272 29.297 29.307 29.37 29.395 29.392 29.395 29.412 29.427 29.425 29.425 29.387 29.375 29.357 29.345 29.29 29.277 29.262 29.282 29.265 29.277 29.267 29.235 29.215 29.2 29.175 29.15 29.132 29.1 29.087 29.07 29.03 29.005 29.005 28.985 28.927 28.92 28.92 28.897 28.867 28.847 28.872 28.885 28.902 28.94 29 29.042 29.085 29.097 29.132 29.177 29.247 29.297 29.38 29.417 29.487 29.58 29.667
29.182 29.192 29.162 29.147 29.15 29.172 29.212 29.182 29.215 29.255 29.225 29.24 29.262 29.285 29.265 29.292 29.282 29.32 29.367 29.362 29.355 29.38 29.405 29.4 29.39 29.365 29.335 29.315 29.307 29.275 29.265 29.247 29.275 29.252 29.247 29.247 29.215 29.2 29.182 29.135 29.112 29.12 29.1 29.045 29.05 29.022 29 28.977 28.97 28.952 28.902 28.895 28.9 28.875 28.865 28.857 28.9 28.922 28.975 28.985 29.037 29.112 29.16 29.202 29.265 29.312 29.352 29.427 29.507 29.577 29.655 29.735
29.217 29.192 29.172 29.162 29.157 29.155 29.202 29.217 29.217 29.24 29.217 29.222 29.257 29.282 29.267 29.272 29.265 29.275 29.275 29.315 29.345 29.322 29.357 29.355 29.357 29.322 29.325 29.3 29.285 29.282 29.257 29.227 29.24 29.247 29.215 29.207 29.205 29.18 29.135 29.13 29.12 29.105 29.095 29.047 29.042 29.02 28.975 28.957 28.957 28.95 28.902 28.882 28.927 28.897 28.872 28.895 28.93 28.977 29.017 29.03 29.055 29.127 29.19 29.262 29.322 29.392 29.427 29.507 29.585 29.685 29.75 29.842
29.207 29.212 29.18 29.177 29.157 29.167 29.18 29.212 29.215 29.192 29.22 29.195 29.232 29.29 29.247 29.242 29.25 29.25 29.247 29.307 29.335 29.325 29.32 29.327 29.305 29.32 29.32 29.29 29.265 29.27 29.232 29.22 29.22 29.232 29.215 29.192 29.2 29.17 29.125 29.135 29.092 29.067 29.04 29.025 29.007 28.997 28.995 28.975 28.965 28.977 28.927 28.87 28.895 28.91 28.912 28.927 28.96 29.025 29.057 29.102 29.125 29.15 29.232 29.3 29.372 29.45 29.53 29.585 29.682 29.792 29.847 29.935
29.19 29.227 29.22 29.167 29.152 29.145 29.162 29.21 29.217 29.205 29.225 29.202 29.21 29.242 29.217 29.23 29.23 29.212 29.202 29.235 29.277 29.295 29.315 29.315 29.31 29.29 29.287 29.277 29.252 29.25 29.245 29.205 29.167 29.19 29.19 29.165 29.132 29.162 29.132 29.097 29.097 29.05 29.037 29.032 28.997 29.005 29.007 28.982 28.955 28.96 28.912 28.887 28.89 28.94 28.955 28.96 28.987 29.05 29.105 29.125 29.212 29.245 29.282 29.342 29.44 29.52 29.597 29.68 29.767 29.885 29.95 30.02
29.195 29.195 29.215 29.175 29.165 29.152 29.162 29.182 29.222 29.195 29.192 29.215 29.205 29.217 29.237 29.217 29.232 29.217 29.187 29.215 29.23 29.272 29.27 29.257 29.29 29.265 29.242 29.277 29.257 29.227 29.2 29.215 29.165 29.16 29.167 29.167 29.127 29.152 29.12 29.09 29.075 29.045 29.02 29.017 29.012 28.975 29.012 29.01 28.94 28.93 28.945 28.895 28.905 28.957 28.995 28.99 29.012 29.067 29.127 29.185 29.237 29.305 29.355 29.42 29.505 29.575 29.675 29.777 29.855 29.937 30.032 30.097
29.202 29.177 29.21 29.197 29.152 29.142 29.12 29.14 29.18 29.215 29.18 29.21 29.21 29.187 29.192 29.225 29.18 29.187 29.167 29.162 29.177 29.225 29.24 29.255 29.25 29.227 29.232 29.232 29.257 29.192 29.17 29.172 29.165 29.132 29.137 29.147 29.115 29.127 29.105 29.067 29.045 29.02 29.005 28.995 29.015 28.957 28.992 29 28.942 28.937 28.935 28.957 28.94 28.98 29.017 29.047 29.04 29.045 29.127 29.215 29.28 29.342 29.43 29.482 29.557 29.675 29.772 29.85 29.942 30.019 30.096 30.183
29.217 29.172 29.172 29.172 29.152 29.117 29.135 29.127 29.157 29.202 29.177 29.177 29.187 29.172 29.167 29.207 29.182 29.167 29.155 29.16 29.157 29.2 29.207 29.222 29.227 29.217 29.22 29.205 29.222 29.172 29.14 29.13 29.142 29.13 29.112 29.15 29.127 29.085 29.09 29.095 29.04 29.025 28.997 28.987 28.995 28.96 28.915 28.975 28.992 28.97 28.96 29.007 28.995 29.005 29.045 29.085 29.06 29.055 29.072 29.222 29.305 29.377 29.48 29.555 29.64 29.74 29.84 29.93 30.012 30.087 30.17 30.254
29.17 29.155 29.172 29.16 29.167 29.122 29.14 29.107 29.135 29.172 29.182 29.155 29.192 29.165 29.145 29.15 29.17 29.15 29.142 29.135 29.14 29.14 29.185 29.197 29.187 29.197 29.192 29.17 29.19 29.202 29.145 29.12 29.14 29.122 29.08 29.067 29.125 29.082 29.072 29.065 29.03 29.01 28.985 28.987 28.98 28.962 28.935 28.937 28.99 28.982 28.992 29.015 29.072 29.055 29.072 29.092 29.127 29.115 29.13 29.18 29.332 29.477 29.57 29.66 29.745 29.832 29.899 30.009 30.089 30.167 30.225 30.331
29.137 29.15 29.125 29.105 29.132 29.11 29.105 29.117 29.122 29.142 29.175 29.162 29.127 29.175 29.137 29.122 29.152 29.142 29.13 29.13 29.127 29.105 29.132 29.205 29.197 29.19 29.19 29.172 29.192 29.157 29.145 29.122 29.12 29.115 29.07 29.047 29.082 29.09 29.042 29.02 29.032 28.992 28.992 28.962 28.937 28.947 28.967 28.97 28.957 29.01 28.985 29.025 29.045 29.077 29.097 29.14 29.167 29.155 29.17 29.237 29.37 29.572 29.737 29.785 29.832 29.913 30.002 30.08 30.192 30.286 30.326 30.384
29.097 29.132 29.102 29.07 29.105 29.105 29.08 29.097 29.1 29.115 29.145 29.162 29.135 29.145 29.155 29.097 29.12 29.14 29.11 29.117 29.097 29.112 29.095 29.165 29.215 29.172 29.157 29.19 29.16 29.157 29.157 29.135 29.092 29.065 29.06 29.015 29.025 29.06 29.01 28.997 29.035 29.012 28.957 28.955 28.937 28.952 28.982 28.975 28.982 29.002 29.027 29.042 29.045 29.112 29.135 29.18 29.232 29.225 29.247 29.32 29.435 29.642 29.81 29.859 29.908 29.989 30.079 30.139 30.243 30.33 30.4 30.427
29.082 29.087 29.095 29.077 29.082 29.09 29.082 29.082 29.12 29.107 29.117 29.137 29.117 29.115 29.16 29.127 29.107 29.12 29.105 29.102 29.097 29.097 29.08 29.122 29.177 29.15 29.17 29.165 29.15 29.127 29.112 29.117 29.085 29.047 29.025 29 29.002 28.992 29.007 29.005 28.982 29.005 28.972 28.97 28.96 28.95 28.957 28.977 28.99 29 29.052 29.072 29.07 29.12 29.167 29.215 29.252 29.307 29.347 29.412 29.517 29.685 29.845 29.904 29.975 30.042 30.121 30.219 30.301 30.373 30.442 30.471
29.097 29.062 29.085 29.07 29.06 29.082 29.09 29.105 29.095 29.1 29.122 29.13 29.112 29.112 29.13 29.147 29.09 29.11 29.102 29.085 29.097 29.095 29.077 29.095 29.115 29.137 29.145 29.155 29.16 29.122 29.105 29.107 29.082 29.027 29.01 29 28.997 28.98 28.992 28.972 28.982 28.987 28.955 28.94 28.955 28.947 28.977 29.005 29.027 29.017 29.067 29.102 29.107 29.147 29.212 29.262 29.292 29.375 29.445 29.512 29.596 29.728 29.881 29.993 30.056 30.106 30.158 30.258 30.345 30.389 30.447 30.489
29.1 29.062 29.072 29.085 29.047 29.057 29.072 29.087 29.097 29.105 29.11 29.112 29.122 29.117 29.107 29.137 29.095 29.09 29.095 29.087 29.08 29.08 29.05 29.062 29.08 29.135 29.127 29.117 29.112 29.09 29.042 29.065 29.062 29.005 29.01 28.992 28.977 28.955 28.97 28.975 28.952 28.98 28.992 28.955 28.947 28.967 28.975 28.997 29.04 29.045 29.075 29.127 29.137 29.187 29.227 29.302 29.342 29.415 29.512 29.573 29.673 29.802 29.915 30.034 30.115 30.158 30.207 30.285 30.377 30.417 30.458 30.51
29.14 29.082 29.027 29.057 29.065 29.047 29.055 29.1 29.085 29.092 29.087 29.095 29.112 29.137 29.102 29.095 29.115 29.077 29.067 29.097 29.07 29.08 29.052 29.065 29.06 29.092 29.13 29.09 29.1 29.07 29.052 29 29.052 29.027 28.975 28.975 28.967 28.937 28.955 28.965 28.96 28.93 28.925 28.987 28.975 28.985 29.007 29.027 29.07 29.085 29.102 29.152 29.212 29.24 29.277 29.357 29.42 29.474 29.545 29.651 29.751 29.861 29.985 30.113 30.191 30.221 30.267 30.323 30.379 30.438 30.47 30.497
29.112 29.097 29.057 29.055 29.095 29.052 29.042 29.06 29.07 29.075 29.092 29.097 29.102 29.115 29.115 29.085 29.075 29.062 29.055 29.087 29.082 29.055 29.055 29.06 29.035 29.047 29.097 29.072 29.037 29.04 29.042 29 29.002 28.99 28.97 28.937 28.967 28.952 28.922 28.95 28.98 28.945 28.965 28.98 29.007 29.015 29.025 29.042 29.075 29.12 29.13 29.165 29.235 29.277 29.312 29.351 29.459 29.514 29.588 29.697 29.811 29.923 30.029 30.138 30.208 30.281 30.304 30.334 30.393 30.441 30.479 30.476
29.095 29.132 29.082 29.042 29.06 29.055 29.04 29.052 29.07 29.042 29.06 29.095 29.092 29.09 29.107 29.09 29.067 29.062 29.045 29.025 29.072 29.04 29.002 29.032 29 29 29.032 29.062 29.027 29.01 29.012 28.985 28.972 28.972 28.947 28.942 28.945 28.927 28.957 28.922 28.967 28.97 28.98 29.002 29.02 29.022 29.055 29.06 29.072 29.115 29.16 29.195 29.262 29.307 29.339 29.387 29.503 29.553 29.638 29.744 29.861 29.954 30.051 30.149 30.234 30.293 30.326 30.356 30.393 30.424 30.435 30.438
29.097 29.122 29.082 29.045 29.045 29.057 29.03 29.015 29.027 29.047 29.05 29.065 29.047 29.05 29.082 29.092 29.04 29.032 29.045 29.032 29.015 29.022 29.005 28.992 28.992 28.987 28.975 29.027 29.025 28.99 28.965 28.97 28.945 28.932 28.957 28.972 28.957 28.947 28.96 28.965 28.975 28.992 28.987 29.005 29.015 29.01 29.035 29.095 29.125 29.155 29.225 29.25 29.267 29.333 29.375 29.443 29.501 29.603 29.692 29.784 29.888 29.972 30.058 30.159 30.229 30.303 30.349 30.363 30.387 30.392 30.391 30.417
