LIDAR/se2888_DTM_2M.asc
ncols 500
nrows 500
xllcorner    428000
yllcorner    488000
cellsize     2
NODATA_value -9999
[rows 448 to 479 of 500, columns 213 to 283 of 500]
31.409 31.377 31.337 31.277 31.259 31.179 31.144 31.082 31.062 31.027 30.977 30.947 30.907 30.867 30.832 30.797 30.767 30.714 30.684 30.687 30.657 30.612 30.564 30.597 30.569 30.554 30.519 30.554 30.504 30.497 30.489 30.467 30.462 30.422 30.419 30.402 30.362 30.269 30.202 30.159 30.104 30.057 30.004 29.919 29.864 29.767 29.677 29.627 29.572 29.504 29.449 29.394 29.397 29.419 29.427 29.484 29.524 29.619 29.659 29.709 29.737 29.787 29.797 29.754 29.777 29.727 29.697 29.607 29.539 29.469 29.389
31.432 31.394 31.344 31.317 31.277 31.217 31.169 31.112 31.077 31.052 31.007 30.982 30.929 30.887 30.877 30.829 30.769 30.757 30.712 30.699 30.672 30.662 30.622 30.614 30.619 30.624 30.599 30.577 30.574 30.564 30.564 30.537 30.532 30.509 30.499 30.477 30.407 30.367 30.282 30.214 30.174 30.072 30.029 29.962 29.887 29.809 29.732 29.667 29.582 29.532 29.442 29.412 29.362 29.402 29.422 29.494 29.507 29.559 29.644 29.667 29.719 29.762 29.787 29.784 29.762 29.737 29.724 29.649 29.587 29.464 29.372
31.457 31.429 31.389 31.322 31.304 31.237 31.209 31.147 31.134 31.082 31.047 31.017 30.954 30.954 30.902 30.854 30.817 30.784 30.742 30.707 30.692 30.687 30.659 30.654 30.634 30.649 30.609 30.617 30.587 30.577 30.592 30.562 30.532 30.524 30.497 30.497 30.454 30.452 30.367 30.277 30.227 30.167 30.092 30.022 29.969 29.879 29.794 29.737 29.627 29.572 29.502 29.462 29.407 29.422 29.447 29.472 29.517 29.542 29.609 29.652 29.709 29.774 29.772 29.787 29.734 29.712 29.687 29.657 29.552 29.487 29.417
31.484 31.452 31.424 31.357 31.329 31.274 31.217 31.192 31.149 31.104 31.089 31.019 31.012 30.962 30.912 30.894 30.879 30.844 30.809 30.762 30.767 30.712 30.709 30.694 30.687 30.684 30.687 30.679 30.664 30.622 30.629 30.622 30.612 30.589 30.559 30.554 30.494 30.469 30.437 30.372 30.222 30.192 30.129 30.084 30.002 29.924 29.854 29.792 29.724 29.639 29.582 29.507 29.434 29.472 29.472 29.474 29.507 29.542 29.582 29.642 29.679 29.732 29.747 29.742 29.729 29.697 29.679 29.624 29.574 29.529 29.434
31.472 31.442 31.417 31.364 31.329 31.284 31.239 31.219 31.187 31.124 31.112 31.069 31.014 30.977 30.967 30.922 30.914 30.882 30.857 30.819 30.799 30.759 30.764 30.729 30.747 30.744 30.754 30.739 30.724 30.737 30.717 30.702 30.677 30.652 30.612 30.609 30.557 30.512 30.467 30.444 30.322 30.244 30.192 30.134 30.047 29.977 29.934 29.857 29.772 29.697 29.639 29.547 29.524 29.507 29.499 29.482 29.529 29.557 29.579 29.639 29.689 29.707 29.727 29.727 29.752 29.687 29.672 29.622 29.589 29.537 29.457
31.459 31.452 31.432 31.392 31.354 31.307 31.274 31.234 31.197 31.144 31.127 31.087 31.059 31.022 30.997 30.969 30.972 30.892 30.839 30.829 30.827 30.804 30.809 30.814 30.787 30.782 30.799 30.772 30.764 30.749 30.747 30.759 30.744 30.732 30.667 30.664 30.619 30.567 30.529 30.482 30.417 30.299 30.214 30.189 30.122 30.029 29.994 29.914 29.827 29.752 29.679 29.654 29.599 29.574 29.557 29.492 29.517 29.557 29.574 29.639 29.649 29.702 29.744 29.762 29.727 29.689 29.702 29.649 29.619 29.549 29.477
31.514 31.474 31.432 31.392 31.352 31.352 31.309 31.279 31.262 31.194 31.164 31.132 31.107 31.059 31.054 31.007 30.994 30.969 30.912 30.882 30.867 30.842 30.844 30.852 30.852 30.852 30.839 30.827 30.837 30.827 30.827 30.819 30.792 30.779 30.727 30.694 30.659 30.612 30.599 30.527 30.479 30.407 30.279 30.209 30.124 30.069 29.992 29.912 29.857 29.799 29.752 29.692 29.667 29.584 29.587 29.557 29.552 29.577 29.614 29.647 29.652 29.694 29.697 29.712 29.729 29.689 29.704 29.684 29.614 29.552 29.472
31.517 31.472 31.439 31.404 31.384 31.379 31.312 31.302 31.289 31.274 31.224 31.192 31.159 31.097 31.067 31.052 31.024 31.004 30.959 30.929 30.924 30.917 30.909 30.909 30.909 30.887 30.904 30.889 30.892 30.894 30.892 30.874 30.874 30.839 30.799 30.777 30.747 30.677 30.629 30.562 30.532 30.459 30.332 30.272 30.167 30.117 30.077 30.004 29.924 29.874 29.829 29.794 29.722 29.669 29.624 29.604 29.572 29.612 29.624 29.652 29.664 29.672 29.677 29.702 29.739 29.714 29.684 29.692 29.634 29.579 29.512
31.537 31.489 31.447 31.419 31.437 31.389 31.342 31.304 31.302 31.244 31.234 31.224 31.187 31.142 31.107 31.057 31.044 31.014 31.002 30.964 30.932 30.962 30.949 30.947 30.942 30.939 30.932 30.932 30.944 30.929 30.929 30.954 30.937 30.922 30.862 30.829 30.799 30.749 30.692 30.617 30.584 30.502 30.439 30.317 30.237 30.172 30.107 30.064 30.034 29.949 29.897 29.847 29.827 29.784 29.682 29.687 29.662 29.662 29.664 29.667 29.672 29.667 29.704 29.707 29.712 29.694 29.664 29.659 29.639 29.567 29.554
31.594 31.547 31.522 31.467 31.467 31.414 31.382 31.317 31.307 31.297 31.267 31.239 31.207 31.174 31.144 31.087 31.094 31.042 31.054 30.999 30.977 30.979 30.977 31.007 30.979 30.974 30.974 30.997 31.022 30.997 31.002 30.989 30.992 30.949 30.917 30.867 30.839 30.814 30.767 30.684 30.629 30.584 30.519 30.434 30.272 30.199 30.169 30.112 30.059 30.007 29.969 29.902 29.864 29.809 29.747 29.742 29.722 29.689 29.677 29.642 29.672 29.697 29.697 29.684 29.732 29.704 29.674 29.679 29.647 29.582 29.519
31.629 31.587 31.577 31.549 31.519 31.462 31.447 31.412 31.382 31.352 31.342 31.274 31.257 31.219 31.182 31.134 31.139 31.112 31.072 31.042 31.037 30.977 31.022 31.047 31.047 31.027 31.034 31.024 31.007 31.039 31.032 31.017 31.014 30.974 30.944 30.934 30.897 30.839 30.804 30.739 30.692 30.614 30.542 30.497 30.382 30.297 30.252 30.194 30.107 30.064 29.997 29.932 29.904 29.854 29.844 29.784 29.807 29.764 29.724 29.674 29.697 29.709 29.712 29.699 29.714 29.679 29.684 29.662 29.649 29.629 29.554
31.634 31.637 31.597 31.547 31.519 31.514 31.494 31.462 31.414 31.394 31.389 31.344 31.314 31.277 31.214 31.179 31.172 31.169 31.144 31.129 31.104 31.069 31.099 31.089 31.094 31.089 31.092 31.114 31.094 31.109 31.089 31.074 31.082 31.022 30.977 30.974 30.924 30.877 30.814 30.774 30.684 30.642 30.587 30.564 30.484 30.347 30.287 30.239 30.147 30.099 30.032 29.992 29.977 29.907 29.887 29.857 29.862 29.822 29.792 29.739 29.719 29.684 29.724 29.689 29.719 29.674 29.674 29.652 29.667 29.622 29.537
31.702 31.707 31.647 31.589 31.564 31.572 31.537 31.497 31.494 31.454 31.419 31.387 31.357 31.289 31.259 31.224 31.224 31.189 31.174 31.164 31.164 31.154 31.154 31.154 31.162 31.159 31.164 31.172 31.152 31.152 31.177 31.149 31.129 31.087 31.057 31.037 30.972 30.912 30.842 30.792 30.727 30.727 30.657 30.604 30.534 30.419 30.324 30.307 30.209 30.184 30.137 30.082 30.039 30.019 29.957 29.902 29.917 29.874 29.847 29.797 29.767 29.749 29.742 29.679 29.707 29.689 29.637 29.637 29.644 29.597 29.547
31.747 31.717 31.669 31.632 31.594 31.582 31.554 31.527 31.489 31.477 31.454 31.444 31.412 31.352 31.274 31.282 31.274 31.242 31.244 31.222 31.214 31.227 31.217 31.209 31.202 31.249 31.204 31.184 31.169 31.179 31.177 31.147 31.152 31.144 31.124 31.082 31.042 30.952 30.892 30.862 30.782 30.742 30.684 30.617 30.594 30.517 30.392 30.352 30.287 30.252 30.199 30.199 30.147 30.089 30.049 29.997 29.987 29.937 29.894 29.852 29.812 29.792 29.757 29.724 29.734 29.704 29.667 29.687 29.647 29.617 29.579
31.739 31.719 31.727 31.684 31.684 31.642 31.594 31.569 31.559 31.484 31.474 31.457 31.399 31.359 31.357 31.334 31.324 31.304 31.294 31.292 31.274 31.259 31.277 31.267 31.292 31.279 31.289 31.277 31.267 31.249 31.242 31.227 31.174 31.174 31.149 31.104 31.079 31.022 30.964 30.919 30.864 30.782 30.757 30.689 30.607 30.574 30.534 30.417 30.332 30.287 30.234 30.222 30.199 30.144 30.092 30.054 30.034 29.987 29.939 29.914 29.862 29.854 29.802 29.774 29.742 29.739 29.672 29.677 29.647 29.612 29.624
31.752 31.762 31.784 31.747 31.717 31.679 31.637 31.629 31.599 31.524 31.489 31.469 31.434 31.427 31.404 31.369 31.372 31.362 31.332 31.329 31.309 31.299 31.304 31.307 31.314 31.307 31.299 31.327 31.309 31.282 31.284 31.272 31.242 31.227 31.209 31.177 31.112 31.069 31.012 30.972 30.929 30.894 30.829 30.759 30.709 30.649 30.604 30.504 30.387 30.319 30.289 30.252 30.212 30.184 30.124 30.104 30.069 30.037 30.004 29.959 29.937 29.889 29.819 29.802 29.762 29.769 29.692 29.682 29.627 29.604 29.602
31.769 31.769 31.757 31.749 31.752 31.719 31.689 31.662 31.584 31.567 31.564 31.509 31.484 31.454 31.444 31.427 31.404 31.392 31.364 31.359 31.374 31.362 31.359 31.347 31.369 31.354 31.327 31.369 31.379 31.354 31.344 31.322 31.299 31.282 31.252 31.177 31.154 31.102 31.049 31.019 30.962 30.924 30.892 30.822 30.774 30.724 30.684 30.632 30.537 30.399 30.359 30.319 30.292 30.239 30.182 30.144 30.114 30.077 30.027 30.042 29.964 29.914 29.869 29.824 29.814 29.772 29.707 29.694 29.662 29.637 29.619
31.807 31.787 31.762 31.759 31.719 31.699 31.692 31.649 31.629 31.604 31.579 31.547 31.494 31.474 31.472 31.469 31.464 31.449 31.429 31.424 31.417 31.387 31.382 31.387 31.392 31.382 31.384 31.427 31.407 31.402 31.379 31.379 31.344 31.334 31.289 31.234 31.207 31.177 31.089 31.069 31.037 30.984 30.912 30.862 30.844 30.769 30.732 30.689 30.632 30.492 30.437 30.389 30.352 30.302 30.219 30.207 30.154 30.112 30.094 30.054 30.029 29.972 29.952 29.862 29.817 29.784 29.732 29.697 29.657 29.617 29.584
31.954 31.894 31.877 31.829 31.794 31.722 31.727 31.652 31.637 31.609 31.609 31.569 31.512 31.497 31.497 31.502 31.469 31.452 31.467 31.464 31.444 31.437 31.442 31.439 31.422 31.439 31.447 31.434 31.427 31.414 31.412 31.412 31.372 31.377 31.342 31.287 31.272 31.202 31.124 31.124 31.074 31.014 30.982 30.907 30.869 30.817 30.782 30.759 30.692 30.634 30.499 30.424 30.389 30.359 30.282 30.254 30.247 30.162 30.147 30.074 30.067 30.029 29.977 29.932 29.864 29.817 29.774 29.709 29.674 29.617 29.584
31.984 31.959 31.984 31.947 31.874 31.839 31.782 31.739 31.664 31.617 31.587 31.587 31.574 31.577 31.554 31.524 31.517 31.499 31.494 31.467 31.459 31.449 31.484 31.472 31.479 31.479 31.474 31.469 31.479 31.479 31.472 31.462 31.422 31.409 31.394 31.342 31.282 31.232 31.199 31.184 31.142 31.072 31.037 30.994 30.932 30.842 30.829 30.802 30.762 30.689 30.569 30.489 30.457 30.412 30.377 30.304 30.267 30.217 30.162 30.127 30.079 30.027 29.984 29.954 29.874 29.879 29.807 29.752 29.719 29.659 29.627
31.957 31.957 31.969 31.952 31.929 31.902 31.874 31.837 31.759 31.719 31.644 31.604 31.577 31.584 31.562 31.547 31.522 31.527 31.522 31.514 31.504 31.472 31.494 31.504 31.502 31.497 31.512 31.517 31.492 31.502 31.507 31.494 31.474 31.452 31.414 31.364 31.327 31.294 31.272 31.212 31.189 31.129 31.082 31.052 30.992 30.897 30.889 30.849 30.797 30.719 30.664 30.592 30.527 30.499 30.442 30.394 30.347 30.282 30.214 30.137 30.119 30.074 29.987 29.949 29.894 29.869 29.827 29.794 29.737 29.662 29.637
31.979 31.957 31.982 31.969 31.934 31.937 31.912 31.869 31.854 31.802 31.779 31.712 31.637 31.594 31.589 31.587 31.574 31.557 31.522 31.537 31.532 31.539 31.524 31.499 31.527 31.524 31.504 31.514 31.547 31.544 31.547 31.512 31.507 31.497 31.467 31.427 31.402 31.372 31.292 31.262 31.234 31.202 31.147 31.089 31.044 30.989 30.929 30.889 30.842 30.812 30.737 30.717 30.609 30.509 30.482 30.402 30.354 30.312 30.227 30.214 30.157 30.097 30.042 29.974 29.962 29.879 29.857 29.839 29.797 29.739 29.644
32.032 32.017 32.017 31.999 31.932 31.927 31.932 31.929 31.889 31.847 31.844 31.822 31.779 31.752 31.699 31.654 31.609 31.589 31.592 31.572 31.562 31.564 31.552 31.507 31.532 31.547 31.544 31.537 31.584 31.564 31.562 31.552 31.562 31.544 31.522 31.489 31.467 31.437 31.402 31.334 31.309 31.272 31.199 31.134 31.114 31.049 31.012 30.969 30.929 30.869 30.834 30.774 30.712 30.599 30.529 30.454 30.412 30.392 30.317 30.257 30.194 30.122 30.077 30.054 29.954 29.922 29.897 29.847 29.774 29.712 29.672
32.039 32.059 32.037 32.047 32.009 31.972 31.949 31.919 31.899 31.899 31.882 31.862 31.834 31.807 31.764 31.744 31.707 31.634 31.619 31.604 31.587 31.599 31.569 31.557 31.602 31.602 31.589 31.582 31.609 31.602 31.597 31.569 31.589 31.599 31.587 31.539 31.487 31.462 31.437 31.397 31.327 31.294 31.264 31.204 31.172 31.117 31.079 31.037 30.984 30.952 30.892 30.852 30.819 30.704 30.602 30.512 30.487 30.439 30.382 30.304 30.269 30.184 30.129 30.047 29.997 29.949 29.912 29.849 29.794 29.732 29.687
32.029 32.012 32.039 32.082 32.024 31.992 31.992 31.944 31.962 31.957 31.954 31.934 31.844 31.757 31.779 31.769 31.732 31.692 31.652 31.634 31.632 31.667 31.647 31.622 31.632 31.609 31.622 31.629 31.637 31.627 31.652 31.632 31.617 31.632 31.604 31.587 31.567 31.524 31.499 31.477 31.392 31.349 31.294 31.267 31.232 31.177 31.077 31.104 31.029 31.004 30.949 30.872 30.869 30.772 30.727 30.654 30.532 30.457 30.414 30.354 30.297 30.237 30.139 30.114 30.042 29.982 29.917 29.877 29.814 29.749 29.687
32.199 32.129 32.034 32.052 32.002 32.057 32.052 32.019 31.989 31.982 31.957 31.914 31.867 31.824 31.779 31.759 31.742 31.734 31.714 31.687 31.687 31.687 31.702 31.692 31.692 31.657 31.652 31.662 31.694 31.672 31.677 31.689 31.684 31.672 31.707 31.672 31.644 31.597 31.602 31.552 31.484 31.457 31.402 31.352 31.287 31.259 31.152 31.127 31.074 31.039 30.989 30.939 30.899 30.847 30.787 30.742 30.609 30.537 30.457 30.384 30.317 30.284 30.204 30.142 30.087 29.992 29.947 29.914 29.822 29.789 29.719
32.214 32.189 32.192 32.237 32.107 32.049 31.967 31.987 31.989 31.987 31.954 31.922 31.882 31.922 31.857 31.812 31.784 31.762 31.769 31.734 31.739 31.712 31.714 31.709 31.744 31.707 31.724 31.712 31.747 31.727 31.727 31.749 31.744 31.727 31.747 31.724 31.727 31.684 31.657 31.624 31.577 31.527 31.477 31.427 31.389 31.344 31.299 31.207 31.154 31.104 31.052 31.014 30.947 30.914 30.822 30.782 30.734 30.639 30.517 30.459 30.379 30.302 30.262 30.187 30.129 30.087 29.999 29.959 29.884 29.834 29.774
32.239 32.154 32.169 32.209 32.159 32.082 31.947 31.994 31.977 32.022 32.022 32.009 31.982 31.964 31.927 31.864 31.812 31.767 31.797 31.779 31.774 31.764 31.772 31.769 31.777 31.742 31.754 31.794 31.782 31.799 31.789 31.807 31.812 31.799 31.824 31.802 31.772 31.752 31.734 31.709 31.652 31.622 31.562 31.532 31.459 31.437 31.349 31.297 31.207 31.192 31.144 31.092 31.024 30.962 30.914 30.859 30.807 30.732 30.622 30.542 30.477 30.382 30.327 30.247 30.222 30.152 30.039 29.987 29.927 29.874 29.782
32.189 32.157 32.159 32.187 32.134 32.032 31.964 32.059 32.049 32.077 32.064 32.062 32.034 31.999 31.984 31.929 31.872 31.804 31.827 31.819 31.782 31.797 31.787 31.797 31.814 31.812 31.794 31.807 31.814 31.839 31.829 31.847 31.859 31.842 31.862 31.852 31.832 31.827 31.792 31.767 31.739 31.704 31.644 31.579 31.532 31.492 31.429 31.352 31.279 31.262 31.207 31.149 31.082 31.009 30.962 30.914 30.869 30.807 30.722 30.549 30.532 30.452 30.369 30.294 30.237 30.177 30.127 30.054 29.979 29.897 29.832
32.219 32.187 32.197 32.169 32.117 32.014 32.054 32.094 32.092 32.097 32.102 32.124 32.074 32.034 31.977 31.954 31.937 31.899 31.927 31.892 31.869 31.847 31.827 31.869 31.877 31.882 31.859 31.849 31.859 31.877 31.869 31.902 31.912 31.917 31.939 31.904 31.897 31.904 31.857 31.857 31.814 31.789 31.742 31.669 31.604 31.569 31.507 31.452 31.409 31.352 31.274 31.212 31.149 31.124 31.057 30.989 30.934 30.857 30.817 30.697 30.577 30.484 30.419 30.382 30.307 30.202 30.187 30.097 30.014 29.944 29.894
32.252 32.244 32.244 32.142 32.057 32.097 32.104 32.104 32.142 32.124 32.164 32.147 32.084 32.039 32.007 32.009 31.977 31.959 31.947 31.937 31.912 31.912 31.889 31.934 31.919 31.929 31.922 31.914 31.919 31.917 31.924 31.964 31.959 31.964 31.982 31.977 31.967 31.952 31.952 31.934 31.912 31.849 31.812 31.794 31.724 31.657 31.607 31.552 31.504 31.442 31.377 31.299 31.252 31.179 31.137 31.054 31.009 30.952 30.882 30.807 30.732 30.617 30.497 30.464 30.374 30.277 30.212 30.132 30.047 29.989 29.962
32.274 32.262 32.214 32.119 32.114 32.177 32.152 32.164 32.142 32.162 32.197 32.177 32.097 32.057 32.047 32.024 32.022 32.037 32.014 32.024 31.987 31.999 31.969 31.967 31.984 31.967 31.954 31.987 31.967 31.984 31.997 32.037 32.027 32.037 32.062 32.052 32.029 32.032 32.027 32.002 31.987 31.959 31.909 31.887 31.822 31.752 31.682 31.669 31.619 31.519 31.482 31.412 31.362 31.252 31.199 31.119 31.074 31.009 30.937 30.884 30.799 30.734 30.627 30.519 30.452 30.369 30.289 30.199 30.122 30.057 30.019
