LIDAR/se2885_DTM_2M.asc
ncols 500
nrows 500
xllcorner    428000
yllcorner    485000
cellsize     2
NODATA_value -9999
[rows 96 to 127 of 500, columns 72 to 143 of 500]
30.675 30.678 30.638 30.583 30.553 30.52 30.533 30.525 30.52 30.515 30.518 30.463 30.463 30.41 30.425 30.403 30.385 30.34 30.315 30.298 30.29 30.273 30.238 30.218 30.15 30.115 30.088 30.06 29.997 29.92 29.85 29.777 29.762 29.682 29.672 29.637 29.65 29.642 29.672 29.745 29.782 29.837 29.812 29.827 29.822 29.797 29.765 29.797 29.782 29.772 29.767 29.742 29.77 29.72 29.682 29.68 29.712 29.662 29.66 29.622 29.602 29.535 29.467 29.425 29.415 29.365 29.282 29.255 29.22 29.192 29.225 29.287
30.553 30.568 30.558 30.528 30.51 30.518 30.51 30.508 30.53 30.49 30.503 30.463 30.44 30.443 30.405 30.395 30.373 30.355 30.318 30.303 30.273 30.215 30.213 30.173 30.148 30.125 30.055 30.04 29.942 29.905 29.862 29.777 29.732 29.687 29.687 29.685 29.707 29.677 29.722 29.77 29.817 29.84 29.872 29.895 29.87 29.847 29.842 29.82 29.815 29.78 29.792 29.807 29.775 29.745 29.712 29.712 29.687 29.685 29.67 29.675 29.582 29.547 29.497 29.447 29.44 29.38 29.295 29.26 29.217 29.19 29.212 29.245
30.495 30.493 30.483 30.485 30.48 30.498 30.513 30.493 30.493 30.5 30.518 30.478 30.428 30.45 30.428 30.393 30.345 30.323 30.28 30.263 30.248 30.208 30.198 30.148 30.165 30.113 30.04 30.015 29.96 29.91 29.832 29.785 29.755 29.765 29.74 29.712 29.747 29.755 29.78 29.807 29.822 29.862 29.89 29.912 29.897 29.875 29.857 29.835 29.817 29.812 29.805 29.795 29.777 29.757 29.74 29.72 29.712 29.692 29.67 29.59 29.535 29.545 29.52 29.475 29.382 29.34 29.32 29.31 29.225 29.225 29.222 29.262
30.45 30.47 30.463 30.475 30.48 30.458 30.46 30.47 30.46 30.488 30.493 30.475 30.415 30.418 30.42 30.415 30.323 30.31 30.288 30.28 30.245 30.21 30.195 30.12 30.115 30.098 30.038 30.003 29.93 29.89 29.83 29.797 29.767 29.76 29.76 29.73 29.76 29.825 29.827 29.815 29.852 29.87 29.922 29.955 29.93 29.91 29.9 29.837 29.847 29.845 29.822 29.8 29.8 29.77 29.765 29.762 29.75 29.702 29.722 29.637 29.595 29.575 29.532 29.465 29.427 29.347 29.337 29.317 29.262 29.255 29.227 29.282
30.427 30.445 30.422 30.432 30.455 30.475 30.445 30.475 30.47 30.46 30.47 30.447 30.44 30.422 30.427 30.372 30.365 30.337 30.277 30.265 30.215 30.18 30.177 30.127 30.1 30.067 30.005 29.96 29.937 29.857 29.82 29.802 29.79 29.742 29.755 29.81 29.79 29.85 29.872 29.89 29.927 29.96 29.932 29.98 29.965 29.945 29.917 29.857 29.86 29.865 29.827 29.807 29.785 29.797 29.785 29.747 29.77 29.73 29.717 29.71 29.627 29.565 29.527 29.515 29.44 29.367 29.335 29.327 29.28 29.245 29.23 29.282
30.332 30.377 30.377 30.397 30.427 30.45 30.43 30.412 30.457 30.477 30.495 30.467 30.472 30.45 30.42 30.4 30.407 30.36 30.29 30.277 30.22 30.18 30.15 30.107 30.105 30.025 29.972 29.962 29.93 29.857 29.835 29.8 29.787 29.79 29.782 29.832 29.812 29.855 29.897 29.977 29.965 29.985 29.965 29.95 29.987 29.977 29.942 29.895 29.842 29.872 29.885 29.8 29.76 29.807 29.787 29.775 29.755 29.747 29.725 29.707 29.682 29.595 29.575 29.552 29.472 29.372 29.39 29.352 29.295 29.282 29.275 29.285
30.33 30.34 30.35 30.365 30.412 30.422 30.395 30.405 30.452 30.487 30.487 30.485 30.48 30.48 30.427 30.39 30.357 30.355 30.32 30.255 30.21 30.232 30.18 30.125 30.09 30.045 29.992 29.985 29.917 29.85 29.817 29.817 29.81 29.805 29.785 29.857 29.892 29.92 29.932 29.957 29.982 30.005 29.987 29.972 30.002 29.962 29.922 29.897 29.87 29.897 29.855 29.81 29.785 29.797 29.785 29.807 29.815 29.802 29.74 29.73 29.71 29.667 29.597 29.535 29.487 29.427 29.37 29.345 29.327 29.305 29.32 29.287
30.302 30.332 30.347 30.317 30.337 30.35 30.405 30.445 30.437 30.41 30.47 30.48 30.485 30.442 30.415 30.42 30.377 30.36 30.32 30.29 30.277 30.235 30.207 30.142 30.12 30.057 30.025 29.962 29.877 29.83 29.81 29.805 29.805 29.85 29.85 29.907 29.917 29.942 29.955 29.96 29.995 29.995 29.987 30 30.005 29.985 29.935 29.882 29.885 29.88 29.84 29.835 29.815 29.8 29.812 29.8 29.842 29.827 29.777 29.747 29.697 29.667 29.595 29.555 29.517 29.455 29.395 29.392 29.34 29.327 29.325 29.327
30.29 30.335 30.34 30.312 30.34 30.412 30.432 30.42 30.395 30.415 30.45 30.447 30.495 30.452 30.44 30.402 30.36 30.352 30.33 30.285 30.26 30.23 30.23 30.165 30.127 30.06 29.977 29.955 29.885 29.832 29.805 29.822 29.807 29.84 29.857 29.907 29.962 29.987 29.987 29.982 30 29.997 29.97 30.012 30.03 29.995 29.982 29.96 29.907 29.905 29.852 29.845 29.842 29.802 29.812 29.815 29.825 29.8 29.797 29.785 29.717 29.675 29.642 29.555 29.54 29.492 29.38 29.407 29.375 29.372 29.315 29.33
30.26 30.29 30.295 30.28 30.305 30.362 30.407 30.395 30.377 30.385 30.435 30.432 30.425 30.437 30.45 30.405 30.37 30.335 30.34 30.265 30.252 30.25 30.2 30.162 30.087 30.062 29.97 29.925 29.892 29.855 29.822 29.817 29.825 29.867 29.875 29.885 29.96 30.04 30.04 30.032 30.027 30.017 30.022 30.025 30.01 29.977 29.982 29.977 29.95 29.92 29.865 29.87 29.83 29.837 29.817 29.857 29.842 29.805 29.812 29.805 29.782 29.72 29.63 29.595 29.537 29.512 29.437 29.402 29.422 29.372 29.31 29.3
30.227 30.285 30.305 30.277 30.265 30.327 30.345 30.36 30.342 30.36 30.38 30.392 30.357 30.407 30.412 30.41 30.375 30.335 30.317 30.272 30.272 30.23 30.197 30.122 30.117 30.067 29.992 29.912 29.872 29.827 29.805 29.817 29.825 29.855 29.887 29.907 29.97 30.025 30.065 30.067 30.047 30.045 30.04 30.042 30.015 29.97 29.955 29.967 29.972 29.917 29.882 29.875 29.867 29.837 29.852 29.857 29.855 29.85 29.83 29.81 29.785 29.752 29.667 29.6 29.555 29.522 29.482 29.437 29.437 29.39 29.345 29.3
30.237 30.25 30.297 30.287 30.255 30.272 30.297 30.32 30.367 30.36 30.367 30.382 30.412 30.437 30.402 30.39 30.382 30.33 30.325 30.275 30.247 30.235 30.21 30.137 30.082 30.067 29.967 29.887 29.857 29.835 29.827 29.82 29.802 29.845 29.91 29.975 30.012 30.05 30.087 30.112 30.097 30.077 30.062 30.047 30.04 30.002 29.985 29.982 29.945 29.947 29.89 29.895 29.905 29.86 29.892 29.835 29.875 29.867 29.842 29.812 29.79 29.782 29.692 29.627 29.592 29.582 29.52 29.442 29.447 29.422 29.332 29.34
30.222 30.247 30.25 30.285 30.282 30.27 30.28 30.287 30.322 30.322 30.355 30.342 30.367 30.37 30.402 30.365 30.357 30.272 30.297 30.27 30.277 30.225 30.197 30.15 30.1 30.057 29.99 29.942 29.9 29.86 29.825 29.817 29.82 29.847 29.915 29.997 30.007 30.022 30.082 30.057 30.107 30.117 30.082 30.06 30.04 30.035 30.032 29.995 29.975 29.972 29.915 29.917 29.917 29.905 29.877 29.865 29.86 29.86 29.852 29.812 29.83 29.797 29.73 29.662 29.632 29.597 29.547 29.435 29.44 29.425 29.39 29.342
30.21 30.215 30.225 30.255 30.24 30.285 30.237 30.262 30.275 30.312 30.355 30.347 30.35 30.32 30.37 30.352 30.327 30.315 30.26 30.23 30.24 30.24 30.185 30.16 30.102 30.065 30.022 29.992 29.892 29.885 29.82 29.847 29.827 29.837 29.93 29.975 30.017 30.047 30.1 30.115 30.107 30.117 30.082 30.072 30.047 30.045 30.057 30.007 30.01 29.962 29.967 29.947 29.932 29.91 29.927 29.877 29.872 29.885 29.887 29.852 29.852 29.812 29.755 29.71 29.672 29.61 29.532 29.465 29.427 29.465 29.39 29.312
30.217 30.187 30.187 30.207 30.202 30.237 30.23 30.217 30.225 30.28 30.272 30.285 30.335 30.297 30.317 30.282 30.3 30.275 30.237 30.207 30.242 30.28 30.2 30.142 30.132 30.085 30.06 30.002 29.917 29.91 29.852 29.837 29.832 29.822 29.91 29.965 30.042 30.095 30.117 30.137 30.122 30.14 30.13 30.097 30.072 30.047 30.012 30.017 30.035 30.002 29.975 29.95 29.935 29.937 29.92 29.897 29.892 29.89 29.9 29.915 29.87 29.822 29.77 29.737 29.682 29.627 29.572 29.517 29.44 29.42 29.395 29.302
30.215 30.192 30.187 30.187 30.207 30.207 30.23 30.177 30.22 30.22 30.252 30.257 30.27 30.295 30.275 30.275 30.282 30.242 30.23 30.21 30.207 30.25 30.237 30.152 30.132 30.087 30.075 29.98 29.995 29.947 29.875 29.877 29.87 29.872 29.92 29.96 30.027 30.055 30.102 30.157 30.145 30.137 30.13 30.112 30.062 30.07 30.04 30.017 30.01 30.01 29.975 29.972 29.925 29.932 29.91 29.905 29.935 29.92 29.9 29.897 29.872 29.867 29.78 29.755 29.712 29.607 29.57 29.552 29.467 29.427 29.405 29.305
30.197 30.202 30.21 30.18 30.207 30.18 30.175 30.222 30.197 30.187 30.22 30.26 30.247 30.25 30.245 30.25 30.23 30.195 30.217 30.212 30.207 30.197 30.22 30.187 30.162 30.12 30.077 30.02 29.997 29.965 29.91 29.887 29.882 29.897 29.897 29.947 30.02 30.042 30.09 30.142 30.18 30.172 30.177 30.137 30.095 30.062 30.067 30.035 30.032 30.02 29.987 29.977 29.955 29.96 29.952 29.92 29.92 29.93 29.915 29.902 29.9 29.885 29.82 29.785 29.727 29.685 29.585 29.54 29.462 29.435 29.412 29.332
30.215 30.197 30.222 30.187 30.177 30.19 30.175 30.197 30.175 30.187 30.205 30.205 30.197 30.225 30.237 30.21 30.207 30.182 30.22 30.182 30.192 30.205 30.2 30.227 30.185 30.175 30.142 30.06 30.017 30.005 29.955 29.895 29.875 29.885 29.882 29.94 30.017 30.075 30.107 30.117 30.155 30.185 30.162 30.16 30.112 30.09 30.067 30.057 30.015 30.02 30.007 29.985 29.977 29.96 29.972 29.935 29.93 29.93 29.922 29.915 29.86 29.862 29.835 29.835 29.775 29.705 29.587 29.535 29.432 29.405 29.427 29.38
30.227 30.22 30.23 30.202 30.197 30.202 30.17 30.182 30.175 30.175 30.18 30.172 30.172 30.167 30.197 30.19 30.172 30.182 30.18 30.185 30.197 30.23 30.24 30.21 30.207 30.257 30.215 30.13 30.08 30.022 29.937 29.92 29.88 29.877 29.932 29.937 29.995 30.055 30.077 30.142 30.135 30.15 30.155 30.125 30.135 30.087 30.092 30.087 30.055 30.03 30.045 30 29.95 29.96 29.987 29.952 29.93 29.925 29.932 29.912 29.882 29.902 29.852 29.825 29.765 29.74 29.577 29.525 29.442 29.415 29.437 29.395
30.237 30.237 30.202 30.195 30.222 30.215 30.167 30.14 30.162 30.172 30.177 30.162 30.12 30.167 30.142 30.14 30.135 30.17 30.177 30.202 30.247 30.212 30.257 30.235 30.237 30.22 30.205 30.117 30.112 30.042 30 29.932 29.912 29.92 29.905 29.912 29.995 30.06 30.07 30.077 30.127 30.15 30.17 30.117 30.112 30.09 30.095 30.082 30.06 30.027 30.017 30 29.972 29.982 29.977 29.987 29.967 29.912 29.93 29.905 29.922 29.905 29.86 29.817 29.767 29.735 29.607 29.565 29.46 29.412 29.387 29.37
30.217 30.217 30.207 30.222 30.182 30.165 30.135 30.16 30.157 30.17 30.16 30.157 30.112 30.175 30.142 30.115 30.107 30.17 30.157 30.217 30.247 30.245 30.275 30.262 30.287 30.25 30.217 30.152 30.127 30.09 30.042 30.012 29.942 29.947 29.945 29.962 29.977 30.022 30.05 30.072 30.12 30.135 30.16 30.145 30.127 30.1 30.135 30.075 30.075 30.042 30.005 29.987 30.005 30.01 29.98 29.987 29.987 29.927 29.945 29.955 29.92 29.862 29.85 29.83 29.767 29.72 29.61 29.55 29.5 29.44 29.387 29.375
30.19 30.21 30.215 30.222 30.167 30.187 30.222 30.23 30.185 30.172 30.147 30.157 30.145 30.16 30.17 30.125 30.13 30.137 30.165 30.19 30.232 30.265 30.277 30.29 30.325 30.262 30.252 30.19 30.152 30.105 30.117 30.065 29.99 29.957 29.957 29.97 29.965 29.995 30.04 30.052 30.092 30.082 30.13 30.137 30.145 30.095 30.117 30.09 30.055 30.055 30.032 29.97 30.035 30.01 30.01 29.967 29.977 29.947 29.96 29.937 29.917 29.937 29.852 29.797 29.737 29.692 29.63 29.55 29.475 29.41 29.387 29.4
30.127 30.162 30.195 30.192 30.197 30.205 30.215 30.232 30.222 30.207 30.197 30.195 30.175 30.175 30.157 30.122 30.12 30.107 30.142 30.192 30.235 30.292 30.275 30.32 30.365 30.322 30.28 30.242 30.172 30.132 30.105 30.077 30.012 30.007 30.04 30.022 29.982 30.025 30.035 30.015 30.045 30.06 30.077 30.107 30.087 30.107 30.077 30.03 30.045 30.037 30.027 29.975 29.97 29.99 29.962 29.972 29.967 29.96 29.947 29.925 29.9 29.89 29.832 29.787 29.735 29.692 29.65 29.545 29.472 29.41 29.352 29.365
30.162 30.147 30.162 30.23 30.217 30.205 30.2 30.235 30.245 30.23 30.24 30.222 30.21 30.22 30.21 30.152 30.15 30.122 30.145 30.212 30.272 30.355 30.38 30.365 30.327 30.347 30.312 30.287 30.247 30.207 30.155 30.135 30.082 30.057 30.057 30.02 30.022 30.007 30.04 30.022 30.05 30.075 30.07 30.06 30.055 30.1 30.075 30.07 30.042 30.027 30.032 29.982 29.95 29.952 29.942 29.96 29.957 29.957 29.947 29.905 29.87 29.845 29.817 29.805 29.75 29.7 29.61 29.532 29.497 29.387 29.355 29.32
30.19 30.177 30.145 30.242 30.225 30.255 30.247 30.272 30.285 30.292 30.262 30.27 30.27 30.285 30.207 30.197 30.197 30.195 30.207 30.295 30.325 30.39 30.407 30.427 30.365 30.41 30.367 30.325 30.317 30.275 30.207 30.165 30.167 30.115 30.065 30.062 30.045 30.022 30.06 30.072 30.08 30.065 30.06 30.06 30.07 30.075 30.035 30.032 30.042 30 29.985 29.97 29.937 29.917 29.922 29.927 29.93 29.945 29.925 29.9 29.865 29.845 29.802 29.785 29.735 29.665 29.632 29.545 29.472 29.385 29.325 29.292
30.197 30.205 30.19 30.235 30.242 30.255 30.297 30.3 30.35 30.362 30.33 30.33 30.33 30.34 30.307 30.262 30.277 30.3 30.277 30.317 30.372 30.442 30.472 30.457 30.46 30.445 30.442 30.41 30.352 30.332 30.285 30.215 30.167 30.14 30.1 30.075 30.072 30.05 30.075 30.052 30.062 30.045 30.042 30.025 30.042 30.035 30.04 29.997 30.022 29.987 29.965 29.945 29.965 29.935 29.917 29.94 29.89 29.915 29.88 29.857 29.872 29.827 29.797 29.742 29.72 29.647 29.62 29.577 29.487 29.415 29.332 29.29
30.212 30.19 30.217 30.245 30.287 30.31 30.34 30.367 30.392 30.42 30.397 30.385 30.362 30.372 30.36 30.317 30.347 30.375 30.37 30.397 30.467 30.535 30.545 30.54 30.532 30.472 30.5 30.495 30.445 30.402 30.32 30.292 30.23 30.207 30.155 30.13 30.115 30.102 30.042 30.045 30.065 30.057 30.06 30.047 30.01 30.007 29.997 30.002 30.007 29.982 29.97 29.93 29.967 29.915 29.905 29.9 29.907 29.875 29.862 29.827 29.842 29.845 29.832 29.762 29.725 29.702 29.595 29.557 29.497 29.405 29.31 29.287
30.167 30.162 30.217 30.27 30.325 30.36 30.39 30.402 30.427 30.435 30.45 30.44 30.425 30.43 30.417 30.43 30.447 30.47 30.502 30.487 30.55 30.587 30.6 30.607 30.607 30.57 30.54 30.502 30.497 30.462 30.422 30.365 30.312 30.252 30.21 30.177 30.137 30.117 30.087 30.057 30.06 30.067 30.09 30.047 30.01 30.02 30.037 30.027 30.012 29.967 29.912 29.902 29.95 29.94 29.905 29.89 29.895 29.857 29.885 29.857 29.84 29.815 29.795 29.747 29.717 29.68 29.592 29.545 29.497 29.43 29.327 29.27
30.157 30.202 30.2 30.252 30.325 30.415 30.402 30.43 30.47 30.5 30.487 30.505 30.487 30.505 30.517 30.517 30.53 30.547 30.575 30.577 30.615 30.607 30.667 30.69 30.67 30.617 30.602 30.592 30.585 30.56 30.502 30.425 30.367 30.337 30.285 30.212 30.165 30.152 30.12 30.062 30.052 30.07 30.057 30.072 30.017 30.02 30.015 29.995 29.992 29.952 29.912 29.895 29.917 29.93 29.88 29.9 29.895 29.845 29.872 29.84 29.822 29.802 29.775 29.75 29.727 29.665 29.577 29.555 29.515 29.465 29.337 29.237
30.187 30.25 30.267 30.3 30.317 30.43 30.492 30.465 30.51 30.547 30.572 30.53 30.535 30.562 30.555 30.567 30.585 30.59 30.615 30.667 30.7 30.71 30.74 30.742 30.712 30.665 30.637 30.682 30.655 30.617 30.57 30.51 30.44 30.405 30.315 30.265 30.22 30.205 30.155 30.1 30.065 30.072 30.07 30.072 30.047 30.04 30.007 29.975 29.97 29.92 29.927 29.895 29.882 29.917 29.857 29.9 29.912 29.892 29.87 29.822 29.812 29.835 29.79 29.732 29.722 29.647 29.612 29.552 29.497 29.425 29.337 29.222
30.182 30.227 30.317 30.335 30.352 30.437 30.482 30.507 30.55 30.56 30.582 30.58 30.54 30.595 30.59 30.627 30.642 30.647 30.692 30.7 30.72 30.767 30.76 30.752 30.73 30.707 30.675 30.725 30.695 30.67 30.602 30.552 30.49 30.43 30.35 30.29 30.227 30.175 30.147 30.12 30.095 30.075 30.077 30.082 30.08 30.027 30.042 29.985 29.94 29.912 29.945 29.905 29.885 29.865 29.862 29.875 29.89 29.907 29.885 29.86 29.807 29.802 29.787 29.715 29.722 29.647 29.63 29.525 29.477 29.422 29.29 29.212
30.177 30.197 30.302 30.312 30.367 30.43 30.505 30.512 30.565 30.56 30.557 30.585 30.627 30.642 30.625 30.642 30.677 30.715 30.76 30.762 30.765 30.822 30.812 30.797 30.787 30.782 30.745 30.742 30.722 30.692 30.67 30.565 30.52 30.47 30.4 30.322 30.24 30.17 30.14 30.122 30.127 30.1 30.065 30.055 30.065 30.025 30 29.977 29.947 29.912 29.92 29.892 29.88 29.86 29.887 29.867 29.87 29.88 29.845 29.837 29.822 29.792 29.775 29.73 29.677 29.637 29.62 29.537 29.47 29.415 29.305 29.22
