LIDAR/se2885_DTM_2M.asc
ncols 500
nrows 500
xllcorner    428000
yllcorner    485000
cellsize     2
NODATA_value -9999
[rows 0 to 31 of 500, columns 0 to 71 of 500]
30.305 30.265 30.295 30.285 30.305 30.288 30.28 30.293 30.258 30.275 30.285 30.288 30.263 30.25 30.243 30.235 30.243 30.265 30.283 30.318 30.298 30.263 30.195 30.143 30.123 30.088 30.095 30.148 30.148 30.183 30.223 30.24 30.27 30.268 30.255 30.25 30.265 30.248 30.275 30.278 30.3 30.27 30.273 30.265 30.243 30.235 30.283 30.273 30.283 30.26 30.248 30.223 30.198 30.17 30.18 30.2 30.208 30.233 30.215 30.223 30.21 30.193 30.215 30.203 30.158 30.11 30.12 30.14 30.165 30.173 30.16 30.138
30.358 30.333 30.378 30.408 30.345 30.325 30.323 30.338 30.33 30.31 30.315 30.328 30.32 30.308 30.325 30.283 30.273 30.3 30.333 30.373 30.353 30.328 30.278 30.183 30.138 30.14 30.135 30.138 30.195 30.238 30.293 30.303 30.278 30.288 30.303 30.285 30.328 30.32 30.29 30.285 30.308 30.288 30.305 30.293 30.28 30.268 30.293 30.285 30.268 30.29 30.253 30.208 30.183 30.16 30.155 30.198 30.233 30.24 30.245 30.23 30.233 30.228 30.225 30.215 30.175 30.135 30.138 30.165 30.18 30.165 30.173 30.15
30.425 30.42 30.403 30.443 30.435 30.425 30.41 30.378 30.375 30.348 30.383 30.368 30.405 30.418 30.413 30.383 30.375 30.38 30.41 30.428 30.41 30.368 30.333 30.26 30.228 30.163 30.135 30.18 30.228 30.288 30.298 30.35 30.325 30.338 30.35 30.348 30.323 30.333 30.29 30.278 30.305 30.308 30.28 30.288 30.3 30.278 30.308 30.263 30.265 30.273 30.258 30.235 30.22 30.2 30.185 30.188 30.24 30.215 30.255 30.275 30.278 30.27 30.253 30.235 30.198 30.198 30.17 30.193 30.208 30.19 30.188 30.18
30.49 30.46 30.475 30.478 30.478 30.468 30.463 30.478 30.443 30.423 30.438 30.428 30.458 30.453 30.465 30.44 30.448 30.443 30.448 30.463 30.455 30.395 30.378 30.325 30.28 30.198 30.178 30.198 30.23 30.293 30.295 30.35 30.35 30.378 30.365 30.348 30.34 30.348 30.313 30.318 30.328 30.313 30.29 30.285 30.32 30.325 30.308 30.285 30.273 30.285 30.29 30.275 30.238 30.215 30.23 30.235 30.25 30.278 30.273 30.305 30.308 30.288 30.253 30.235 30.228 30.208 30.2 30.21 30.22 30.2 30.2 30.218
30.528 30.535 30.55 30.528 30.53 30.528 30.498 30.54 30.52 30.508 30.525 30.475 30.53 30.53 30.513 30.49 30.505 30.518 30.49 30.483 30.483 30.505 30.43 30.368 30.328 30.23 30.195 30.183 30.208 30.295 30.293 30.323 30.363 30.39 30.365 30.383 30.348 30.348 30.33 30.323 30.31 30.283 30.273 30.288 30.31 30.295 30.313 30.293 30.295 30.318 30.303 30.275 30.253 30.218 30.233 30.228 30.243 30.298 30.288 30.3 30.3 30.263 30.295 30.27 30.245 30.22 30.235 30.218 30.185 30.215 30.208 30.25
30.605 30.635 30.618 30.583 30.558 30.608 30.6 30.61 30.585 30.545 30.57 30.528 30.585 30.59 30.573 30.558 30.555 30.578 30.553 30.535 30.52 30.508 30.48 30.403 30.353 30.263 30.213 30.21 30.225 30.238 30.298 30.328 30.34 30.36 30.365 30.308 30.3 30.298 30.33 30.32 30.295 30.263 30.295 30.3 30.283 30.3 30.303 30.325 30.305 30.308 30.305 30.275 30.248 30.235 30.255 30.233 30.263 30.305 30.278 30.283 30.293 30.278 30.31 30.31 30.285 30.238 30.27 30.255 30.223 30.233 30.26 30.273
30.633 30.64 30.65 30.638 30.648 30.655 30.65 30.65 30.628 30.585 30.63 30.633 30.585 30.63 30.62 30.608 30.59 30.608 30.598 30.563 30.565 30.5 30.51 30.45 30.408 30.313 30.248 30.22 30.213 30.268 30.29 30.31 30.323 30.33 30.365 30.335 30.338 30.32 30.368 30.31 30.323 30.31 30.315 30.328 30.338 30.328 30.313 30.31 30.308 30.26 30.3 30.295 30.255 30.245 30.233 30.245 30.25 30.275 30.3 30.3 30.303 30.315 30.325 30.333 30.313 30.305 30.295 30.253 30.238 30.245 30.275 30.273
30.678 30.688 30.7 30.678 30.708 30.703 30.713 30.69 30.655 30.645 30.675 30.67 30.635 30.668 30.663 30.655 30.618 30.633 30.633 30.61 30.593 30.56 30.5 30.485 30.44 30.338 30.263 30.215 30.22 30.265 30.33 30.348 30.345 30.335 30.358 30.36 30.358 30.34 30.365 30.355 30.345 30.348 30.343 30.343 30.36 30.353 30.325 30.308 30.313 30.285 30.303 30.3 30.288 30.255 30.235 30.26 30.24 30.275 30.278 30.333 30.34 30.34 30.335 30.325 30.315 30.338 30.305 30.3 30.26 30.248 30.235 30.255
30.693 30.743 30.74 30.705 30.74 30.738 30.713 30.72 30.708 30.695 30.723 30.728 30.67 30.678 30.688 30.655 30.64 30.66 30.633 30.638 30.62 30.578 30.568 30.538 30.445 30.37 30.3 30.253 30.275 30.313 30.33 30.335 30.353 30.375 30.393 30.403 30.39 30.373 30.328 30.378 30.368 30.378 30.383 30.373 30.343 30.353 30.335 30.33 30.323 30.288 30.32 30.313 30.285 30.263 30.223 30.203 30.238 30.288 30.298 30.323 30.348 30.36 30.338 30.353 30.32 30.33 30.308 30.343 30.303 30.303 30.263 30.238
30.713 30.735 30.753 30.763 30.768 30.753 30.76 30.76 30.738 30.74 30.735 30.728 30.713 30.695 30.695 30.708 30.703 30.663 30.66 30.678 30.653 30.595 30.61 30.55 30.495 30.393 30.308 30.285 30.275 30.293 30.36 30.4 30.433 30.45 30.463 30.428 30.413 30.395 30.383 30.403 30.43 30.39 30.398 30.36 30.338 30.328 30.315 30.318 30.343 30.34 30.32 30.318 30.315 30.268 30.245 30.225 30.24 30.293 30.318 30.338 30.335 30.325 30.355 30.333 30.34 30.325 30.3 30.303 30.303 30.31 30.295 30.25
30.758 30.73 30.79 30.808 30.768 30.763 30.79 30.788 30.78 30.795 30.748 30.74 30.743 30.715 30.72 30.745 30.735 30.7 30.705 30.708 30.688 30.658 30.59 30.58 30.543 30.455 30.385 30.318 30.305 30.31 30.355 30.378 30.405 30.453 30.448 30.463 30.45 30.465 30.443 30.425 30.433 30.415 30.393 30.395 30.355 30.34 30.368 30.325 30.36 30.368 30.32 30.318 30.285 30.265 30.26 30.225 30.218 30.285 30.32 30.345 30.333 30.32 30.338 30.35 30.343 30.32 30.338 30.31 30.288 30.293 30.258 30.268
30.738 30.74 30.73 30.775 30.79 30.788 30.805 30.788 30.82 30.823 30.755 30.785 30.785 30.745 30.755 30.765 30.738 30.713 30.728 30.693 30.688 30.705 30.665 30.638 30.578 30.47 30.455 30.363 30.315 30.315 30.355 30.363 30.395 30.458 30.485 30.498 30.49 30.483 30.483 30.45 30.44 30.43 30.398 30.385 30.408 30.38 30.363 30.343 30.38 30.36 30.35 30.31 30.26 30.283 30.26 30.253 30.248 30.263 30.303 30.345 30.35 30.335 30.353 30.345 30.275 30.32 30.315 30.3 30.298 30.275 30.24 30.29
30.758 30.768 30.763 30.793 30.81 30.85 30.845 30.81 30.835 30.828 30.808 30.813 30.828 30.805 30.805 30.783 30.785 30.765 30.748 30.73 30.72 30.69 30.695 30.65 30.62 30.558 30.495 30.418 30.323 30.32 30.338 30.388 30.405 30.455 30.498 30.518 30.513 30.495 30.488 30.455 30.46 30.44 30.46 30.438 30.43 30.44 30.415 30.393 30.383 30.373 30.353 30.29 30.27 30.295 30.285 30.25 30.255 30.268 30.295 30.293 30.3 30.315 30.338 30.3 30.265 30.283 30.3 30.325 30.318 30.293 30.305 30.303
30.81 30.783 30.828 30.818 30.845 30.88 30.885 30.863 30.863 30.833 30.815 30.825 30.853 30.818 30.803 30.805 30.8 30.798 30.79 30.778 30.773 30.735 30.73 30.678 30.64 30.548 30.513 30.42 30.348 30.3 30.335 30.388 30.398 30.408 30.493 30.513 30.518 30.523 30.503 30.473 30.468 30.43 30.47 30.45 30.453 30.45 30.443 30.428 30.413 30.398 30.363 30.328 30.323 30.293 30.295 30.273 30.263 30.288 30.315 30.328 30.328 30.325 30.305 30.313 30.318 30.253 30.263 30.313 30.308 30.28 30.268 30.293
30.768 30.798 30.815 30.83 30.868 30.88 30.878 30.865 30.875 30.868 30.845 30.838 30.86 30.835 30.83 30.843 30.883 30.855 30.813 30.773 30.745 30.758 30.743 30.71 30.653 30.6 30.508 30.475 30.413 30.323 30.345 30.39 30.418 30.42 30.468 30.503 30.513 30.533 30.488 30.453 30.46 30.465 30.485 30.475 30.443 30.455 30.43 30.433 30.433 30.405 30.37 30.345 30.303 30.258 30.28 30.285 30.253 30.233 30.295 30.308 30.33 30.313 30.275 30.32 30.34 30.315 30.273 30.285 30.273 30.278 30.28 30.285
30.783 30.825 30.78 30.81 30.8 30.815 30.873 30.88 30.87 30.865 30.88 30.875 30.9 30.87 30.86 30.848 30.895 30.84 30.84 30.803 30.748 30.765 30.733 30.715 30.693 30.653 30.613 30.498 30.448 30.388 30.378 30.35 30.395 30.438 30.47 30.478 30.5 30.525 30.498 30.468 30.498 30.483 30.493 30.5 30.498 30.47 30.46 30.44 30.433 30.423 30.39 30.355 30.285 30.275 30.245 30.285 30.288 30.288 30.293 30.333 30.313 30.333 30.295 30.313 30.355 30.323 30.32 30.323 30.29 30.31 30.32 30.275
30.785 30.845 30.813 30.833 30.82 30.82 30.895 30.905 30.868 30.868 30.905 30.915 30.918 30.903 30.878 30.863 30.883 30.885 30.845 30.845 30.793 30.755 30.77 30.768 30.713 30.675 30.633 30.563 30.498 30.418 30.4 30.408 30.4 30.425 30.468 30.46 30.518 30.495 30.49 30.518 30.525 30.485 30.488 30.485 30.498 30.52 30.485 30.44 30.43 30.385 30.378 30.355 30.298 30.26 30.275 30.26 30.285 30.295 30.303 30.313 30.303 30.293 30.305 30.298 30.345 30.343 30.31 30.305 30.305 30.293 30.293 30.308
30.788 30.823 30.825 30.848 30.845 30.815 30.858 30.895 30.878 30.89 30.91 30.938 30.925 30.908 30.908 30.903 30.898 30.885 30.875 30.853 30.793 30.768 30.755 30.75 30.745 30.698 30.658 30.6 30.518 30.45 30.383 30.378 30.378 30.418 30.483 30.463 30.495 30.488 30.515 30.528 30.488 30.488 30.51 30.478 30.523 30.493 30.48 30.418 30.42 30.365 30.353 30.333 30.31 30.255 30.25 30.275 30.288 30.283 30.29 30.265 30.325 30.313 30.325 30.328 30.34 30.348 30.29 30.285 30.283 30.278 30.263 30.273
30.82 30.775 30.858 30.845 30.828 30.825 30.808 30.87 30.885 30.89 30.87 30.913 30.908 30.89 30.928 30.883 30.883 30.908 30.865 30.865 30.843 30.798 30.763 30.778 30.748 30.705 30.683 30.615 30.533 30.458 30.418 30.378 30.383 30.41 30.468 30.503 30.478 30.463 30.485 30.533 30.503 30.508 30.508 30.49 30.458 30.47 30.463 30.45 30.408 30.363 30.333 30.303 30.31 30.258 30.235 30.3 30.318 30.313 30.313 30.305 30.285 30.315 30.318 30.315 30.348 30.343 30.315 30.298 30.313 30.335 30.3 30.305
30.783 30.76 30.823 30.828 30.833 30.833 30.835 30.85 30.873 30.9 30.883 30.873 30.908 30.92 30.945 30.925 30.89 30.883 30.89 30.893 30.858 30.81 30.808 30.8 30.783 30.728 30.723 30.66 30.568 30.508 30.428 30.405 30.403 30.405 30.448 30.463 30.498 30.513 30.495 30.488 30.505 30.488 30.49 30.493 30.49 30.488 30.453 30.443 30.4 30.365 30.328 30.283 30.3 30.24 30.233 30.29 30.32 30.285 30.273 30.28 30.273 30.31 30.34 30.318 30.318 30.31 30.303 30.295 30.323 30.338 30.31 30.31
30.758 30.765 30.795 30.82 30.82 30.823 30.808 30.848 30.825 30.9 30.898 30.898 30.918 30.938 30.943 30.928 30.913 30.893 30.888 30.88 30.853 30.83 30.803 30.788 30.763 30.763 30.708 30.663 30.633 30.558 30.49 30.428 30.418 30.415 30.433 30.478 30.505 30.523 30.498 30.49 30.515 30.535 30.488 30.478 30.478 30.473 30.453 30.443 30.4 30.373 30.323 30.293 30.298 30.263 30.248 30.258 30.305 30.318 30.293 30.313 30.31 30.295 30.285 30.31 30.278 30.295 30.27 30.308 30.328 30.305 30.31 30.325
30.74 30.755 30.803 30.825 30.805 30.795 30.793 30.845 30.838 30.89 30.873 30.888 30.883 30.893 30.928 30.925 30.903 30.91 30.925 30.895 30.838 30.818 30.818 30.785 30.773 30.75 30.73 30.668 30.628 30.573 30.505 30.445 30.41 30.428 30.44 30.503 30.503 30.543 30.55 30.518 30.535 30.535 30.5 30.478 30.518 30.493 30.448 30.433 30.37 30.348 30.338 30.31 30.303 30.288 30.305 30.29 30.308 30.338 30.335 30.333 30.295 30.3 30.293 30.258 30.298 30.308 30.285 30.305 30.265 30.33 30.365 30.318
30.71 30.763 30.795 30.81 30.79 30.793 30.79 30.833 30.84 30.888 30.868 30.888 30.88 30.875 30.918 30.908 30.96 30.958 30.93 30.878 30.875 30.828 30.795 30.785 30.753 30.75 30.718 30.698 30.62 30.555 30.53 30.458 30.418 30.408 30.423 30.473 30.515 30.533 30.565 30.545 30.51 30.548 30.498 30.488 30.52 30.49 30.45 30.428 30.4 30.37 30.388 30.34 30.338 30.318 30.31 30.29 30.333 30.33 30.378 30.368 30.335 30.31 30.293 30.288 30.3 30.31 30.303 30.31 30.303 30.333 30.313 30.323
30.768 30.843 30.8 30.805 30.815 30.79 30.8 30.808 30.833 30.863 30.893 30.888 30.925 30.945 30.948 30.925 30.955 30.948 30.923 30.89 30.888 30.865 30.82 30.785 30.763 30.755 30.728 30.7 30.623 30.57 30.578 30.52 30.455 30.453 30.45 30.493 30.498 30.558 30.563 30.603 30.548 30.54 30.515 30.493 30.463 30.47 30.43 30.405 30.405 30.375 30.37 30.355 30.355 30.36 30.363 30.343 30.365 30.368 30.393 30.393 30.355 30.345 30.34 30.32 30.273 30.303 30.28 30.32 30.318 30.33 30.31 30.323
30.84 30.843 30.815 30.788 30.843 30.813 30.825 30.795 30.855 30.895 30.888 30.905 30.948 30.935 30.923 30.928 30.938 30.918 30.923 30.913 30.855 30.84 30.83 30.82 30.79 30.773 30.728 30.698 30.645 30.605 30.628 30.54 30.505 30.518 30.488 30.518 30.555 30.608 30.615 30.613 30.58 30.545 30.53 30.493 30.478 30.48 30.433 30.385 30.373 30.375 30.363 30.385 30.38 30.418 30.428 30.408 30.388 30.423 30.455 30.415 30.36 30.363 30.355 30.34 30.325 30.308 30.295 30.293 30.29 30.303 30.333 30.323
30.82 30.82 30.825 30.77 30.845 30.835 30.813 30.785 30.843 30.853 30.878 30.888 30.935 30.955 30.903 30.89 30.928 30.92 30.895 30.878 30.858 30.835 30.835 30.823 30.82 30.778 30.753 30.71 30.668 30.653 30.618 30.555 30.52 30.535 30.53 30.573 30.585 30.59 30.605 30.613 30.608 30.558 30.548 30.528 30.493 30.478 30.433 30.38 30.38 30.373 30.38 30.413 30.438 30.46 30.483 30.488 30.46 30.465 30.473 30.448 30.418 30.383 30.388 30.378 30.333 30.305 30.27 30.258 30.275 30.255 30.273 30.325
30.718 30.728 30.743 30.763 30.825 30.865 30.823 30.833 30.81 30.795 30.85 30.865 30.91 30.93 30.925 30.943 30.93 30.903 30.908 30.86 30.893 30.88 30.85 30.813 30.84 30.788 30.77 30.733 30.675 30.663 30.618 30.573 30.59 30.573 30.548 30.538 30.595 30.615 30.62 30.64 30.645 30.6 30.555 30.505 30.455 30.455 30.418 30.368 30.388 30.393 30.42 30.455 30.488 30.528 30.538 30.553 30.538 30.555 30.555 30.528 30.52 30.46 30.435 30.393 30.36 30.34 30.273 30.253 30.265 30.268 30.263 30.305
30.635 30.67 30.718 30.743 30.798 30.86 30.82 30.82 30.818 30.803 30.82 30.86 30.88 30.9 30.943 30.948 30.933 30.913 30.905 30.895 30.883 30.85 30.838 30.828 30.838 30.823 30.785 30.73 30.708 30.67 30.658 30.605 30.603 30.568 30.53 30.555 30.588 30.623 30.605 30.623 30.63 30.608 30.575 30.5 30.465 30.455 30.423 30.383 30.41 30.443 30.45 30.483 30.513 30.56 30.603 30.608 30.598 30.603 30.615 30.58 30.585 30.533 30.463 30.405 30.38 30.363 30.28 30.26 30.24 30.233 30.248 30.265
30.7 30.713 30.728 30.74 30.753 30.798 30.835 30.84 30.803 30.8 30.82 30.85 30.88 30.88 30.888 30.928 30.935 30.925 30.898 30.888 30.873 30.865 30.853 30.815 30.798 30.795 30.798 30.735 30.758 30.713 30.675 30.615 30.605 30.57 30.555 30.568 30.58 30.603 30.61 30.595 30.605 30.59 30.57 30.513 30.468 30.438 30.44 30.4 30.435 30.45 30.493 30.525 30.605 30.633 30.655 30.695 30.7 30.683 30.683 30.683 30.648 30.59 30.52 30.44 30.408 30.35 30.293 30.253 30.23 30.25 30.243 30.238
30.718 30.675 30.693 30.72 30.765 30.79 30.818 30.845 30.813 30.785 30.798 30.853 30.853 30.885 30.89 30.875 30.893 30.92 30.91 30.883 30.873 30.868 30.855 30.84 30.848 30.81 30.83 30.795 30.765 30.725 30.678 30.633 30.603 30.59 30.55 30.545 30.565 30.548 30.568 30.58 30.568 30.55 30.513 30.453 30.428 30.453 30.43 30.43 30.448 30.475 30.533 30.593 30.675 30.72 30.71 30.72 30.775 30.785 30.765 30.738 30.725 30.655 30.585 30.533 30.44 30.355 30.348 30.293 30.28 30.235 30.258 30.265
30.7 30.628 30.648 30.695 30.748 30.783 30.798 30.825 30.79 30.805 30.788 30.855 30.868 30.873 30.895 30.915 30.883 30.875 30.895 30.883 30.86 30.855 30.873 30.803 30.828 30.813 30.813 30.803 30.77 30.74 30.693 30.675 30.635 30.598 30.543 30.54 30.563 30.543 30.535 30.528 30.568 30.55 30.493 30.473 30.475 30.468 30.438 30.433 30.49 30.52 30.57 30.65 30.738 30.773 30.768 30.793 30.853 30.865 30.818 30.748 30.783 30.743 30.658 30.593 30.48 30.425 30.385 30.335 30.283 30.283 30.258 30.25
30.698 30.658 30.665 30.7 30.765 30.813 30.828 30.828 30.805 30.803 30.788 30.823 30.84 30.878 30.895 30.91 30.893 30.883 30.883 30.848 30.855 30.86 30.885 30.83 30.828 30.82 30.81 30.818 30.773 30.73 30.738 30.7 30.645 30.603 30.58 30.545 30.545 30.548 30.558 30.545 30.54 30.558 30.525 30.49 30.45 30.453 30.48 30.468 30.498 30.555 30.598 30.683 30.78 30.815 30.825 30.883 30.898 30.89 30.883 30.84 30.805 30.788 30.733 30.64 30.518 30.495 30.408 30.348 30.285 30.27 30.27 30.258
