LIDAR/se2885_DTM_2M.asc
ncols 500
nrows 500
xllcorner    428000
yllcorner    485000
cellsize     2
NODATA_value -9999
[rows 416 to 447 of 500, columns 360 to 431 of 500]
27.904 27.872 27.882 27.882 27.892 27.864 27.872 27.879 27.889 27.884 27.892 27.952 27.947 27.929 27.942 27.937 27.954 27.999 27.974 27.947 27.977 27.997 27.974 28.017 27.989 27.969 28.022 28.007 28.007 28.054 28.012 27.989 28.002 28.024 28.014 28.027 28.014 27.989 27.997 27.952 27.984 27.952 27.994 28.047 28.057 28.097 28.139 28.219 28.254 28.344 28.392 28.384 28.409 28.407 28.479 28.542 28.587 28.614 28.652 28.654 28.582 28.557 28.512 28.462 28.442 28.459 28.452 28.464 28.482 28.477 28.447 28.419
27.777 27.792 27.822 27.824 27.812 27.782 27.799 27.777 27.797 27.817 27.834 27.877 27.909 27.894 27.864 27.879 27.907 27.942 27.939 27.932 27.959 27.989 28.019 28.032 27.989 27.984 28.057 28.007 28.022 27.989 27.979 28.002 28.004 27.994 27.949 27.982 28.009 27.977 28.002 27.974 27.979 27.957 27.984 28.017 28.039 28.072 28.152 28.192 28.272 28.359 28.404 28.427 28.432 28.397 28.472 28.504 28.547 28.589 28.584 28.592 28.534 28.502 28.469 28.424 28.437 28.459 28.474 28.484 28.494 28.477 28.472 28.434
27.664 27.689 27.719 27.694 27.714 27.709 27.712 27.717 27.727 27.757 27.754 27.794 27.834 27.819 27.837 27.869 27.894 27.939 27.939 27.934 27.979 28.032 28.029 28.037 28.012 28.024 28.047 28.044 28.037 27.999 28.004 28.002 27.999 27.982 27.944 27.959 27.984 27.952 27.929 27.957 27.974 27.949 27.937 27.997 28.027 28.042 28.109 28.144 28.247 28.324 28.359 28.409 28.399 28.434 28.454 28.509 28.559 28.557 28.577 28.572 28.547 28.459 28.437 28.417 28.402 28.462 28.487 28.474 28.474 28.462 28.449 28.444
27.592 27.577 27.607 27.647 27.649 27.654 27.654 27.612 27.629 27.702 27.754 27.739 27.764 27.797 27.774 27.792 27.829 27.879 27.897 27.942 27.962 28.022 28.027 28.024 28.037 28.039 28.039 28.019 28.037 28.039 28.002 28.004 27.969 27.942 27.937 27.914 27.902 27.907 27.904 27.902 27.932 27.919 27.954 27.997 28.007 28.047 28.079 28.127 28.219 28.302 28.372 28.419 28.392 28.434 28.464 28.527 28.562 28.594 28.599 28.557 28.512 28.454 28.397 28.397 28.404 28.437 28.494 28.474 28.487 28.474 28.467 28.464
27.579 27.577 27.554 27.587 27.604 27.554 27.542 27.594 27.644 27.632 27.662 27.697 27.689 27.744 27.727 27.752 27.792 27.834 27.852 27.879 27.977 27.964 27.997 28.024 28.047 28.034 28.049 28.024 28.024 27.984 28.004 28.002 27.967 27.909 27.917 27.862 27.872 27.859 27.869 27.859 27.874 27.899 27.909 27.972 27.977 27.972 28.034 28.067 28.137 28.234 28.384 28.394 28.424 28.439 28.477 28.529 28.577 28.627 28.619 28.564 28.519 28.442 28.382 28.407 28.422 28.452 28.499 28.484 28.474 28.494 28.477 28.452
27.642 27.604 27.634 27.582 27.494 27.434 27.472 27.594 27.639 27.644 27.659 27.704 27.669 27.689 27.707 27.722 27.717 27.742 27.804 27.824 27.902 27.937 27.977 28.009 28.014 28.012 28.059 28.044 28.004 27.982 27.974 27.952 27.952 27.897 27.894 27.887 27.847 27.857 27.829 27.827 27.859 27.872 27.879 27.912 27.937 27.924 27.942 27.984 28.057 28.132 28.309 28.344 28.379 28.424 28.454 28.537 28.599 28.634 28.619 28.579 28.519 28.427 28.382 28.427 28.412 28.462 28.479 28.482 28.502 28.517 28.469 28.464
27.647 27.609 27.622 27.592 27.429 27.437 27.537 27.614 27.639 27.652 27.649 27.652 27.654 27.647 27.654 27.692 27.702 27.719 27.762 27.807 27.869 27.904 27.954 27.984 27.974 27.989 27.987 27.982 27.977 27.959 27.932 27.917 27.932 27.879 27.854 27.844 27.814 27.829 27.819 27.807 27.824 27.827 27.799 27.849 27.872 27.902 27.927 27.974 28.027 28.094 28.224 28.302 28.324 28.374 28.447 28.527 28.614 28.657 28.644 28.607 28.544 28.459 28.409 28.422 28.432 28.467 28.492 28.512 28.502 28.494 28.474 28.464
27.652 27.592 27.579 27.567 27.492 27.577 27.599 27.637 27.684 27.672 27.657 27.637 27.669 27.624 27.629 27.722 27.699 27.722 27.752 27.794 27.792 27.862 27.874 27.907 27.934 27.909 27.904 27.907 27.934 27.929 27.922 27.907 27.879 27.887 27.872 27.834 27.839 27.824 27.777 27.767 27.774 27.784 27.789 27.832 27.827 27.857 27.882 27.944 27.932 28.002 28.164 28.282 28.289 28.329 28.392 28.497 28.622 28.629 28.639 28.634 28.579 28.464 28.404 28.414 28.437 28.484 28.497 28.509 28.517 28.482 28.509 28.472
27.617 27.584 27.582 27.594 27.604 27.667 27.637 27.622 27.657 27.639 27.667 27.632 27.614 27.622 27.654 27.757 27.709 27.682 27.704 27.724 27.749 27.819 27.824 27.857 27.877 27.889 27.877 27.884 27.889 27.874 27.874 27.869 27.864 27.862 27.874 27.852 27.827 27.862 27.789 27.772 27.774 27.769 27.787 27.802 27.812 27.824 27.872 27.889 27.909 27.979 28.069 28.212 28.222 28.277 28.344 28.477 28.577 28.614 28.627 28.634 28.624 28.507 28.462 28.437 28.427 28.467 28.487 28.497 28.487 28.504 28.482 28.474
27.619 27.614 27.649 27.614 27.617 27.634 27.629 27.649 27.642 27.654 27.644 27.599 27.602 27.637 27.677 27.684 27.684 27.679 27.667 27.692 27.727 27.767 27.809 27.842 27.809 27.829 27.817 27.807 27.827 27.839 27.814 27.824 27.832 27.814 27.817 27.847 27.849 27.834 27.744 27.774 27.767 27.742 27.777 27.802 27.807 27.819 27.847 27.879 27.904 27.947 28.027 28.169 28.192 28.224 28.299 28.424 28.534 28.627 28.649 28.637 28.612 28.562 28.479 28.444 28.449 28.472 28.484 28.469 28.484 28.507 28.482 28.472
27.682 27.662 27.629 27.647 27.637 27.627 27.632 27.662 27.612 27.614 27.604 27.612 27.564 27.607 27.669 27.662 27.629 27.624 27.649 27.652 27.687 27.692 27.757 27.737 27.737 27.762 27.797 27.782 27.737 27.777 27.812 27.779 27.762 27.752 27.779 27.772 27.792 27.809 27.782 27.784 27.749 27.774 27.754 27.792 27.797 27.789 27.812 27.839 27.859 27.947 27.994 28.152 28.182 28.222 28.292 28.427 28.509 28.602 28.619 28.632 28.629 28.579 28.499 28.479 28.469 28.464 28.487 28.494 28.502 28.497 28.497 28.489
27.729 27.677 27.657 27.654 27.674 27.649 27.649 27.644 27.612 27.582 27.562 27.544 27.472 27.534 27.642 27.649 27.577 27.594 27.602 27.617 27.634 27.669 27.674 27.707 27.707 27.747 27.774 27.757 27.734 27.739 27.774 27.759 27.764 27.762 27.767 27.744 27.769 27.772 27.757 27.744 27.744 27.754 27.759 27.764 27.774 27.789 27.764 27.832 27.869 27.909 27.957 28.124 28.214 28.229 28.297 28.402 28.469 28.562 28.597 28.629 28.657 28.604 28.537 28.509 28.487 28.457 28.497 28.507 28.502 28.527 28.519 28.507
27.699 27.687 27.674 27.687 27.702 27.662 27.662 27.652 27.617 27.607 27.574 27.522 27.512 27.502 27.564 27.602 27.549 27.582 27.582 27.584 27.587 27.602 27.662 27.679 27.702 27.707 27.729 27.747 27.724 27.727 27.759 27.732 27.737 27.732 27.749 27.727 27.732 27.724 27.729 27.727 27.712 27.717 27.737 27.742 27.719 27.777 27.794 27.822 27.844 27.877 27.944 28.062 28.217 28.267 28.307 28.367 28.452 28.504 28.572 28.604 28.632 28.602 28.562 28.544 28.522 28.529 28.517 28.547 28.542 28.564 28.549 28.534
27.709 27.664 27.639 27.669 27.709 27.647 27.669 27.677 27.619 27.617 27.584 27.529 27.552 27.527 27.527 27.599 27.604 27.582 27.579 27.567 27.587 27.622 27.604 27.677 27.674 27.662 27.704 27.704 27.737 27.722 27.732 27.744 27.667 27.672 27.697 27.699 27.694 27.664 27.682 27.699 27.699 27.684 27.704 27.682 27.677 27.724 27.752 27.762 27.849 27.867 27.914 28.027 28.197 28.294 28.327 28.389 28.417 28.467 28.529 28.587 28.614 28.609 28.599 28.552 28.547 28.564 28.559 28.574 28.614 28.612 28.577 28.574
27.734 27.682 27.682 27.654 27.694 27.667 27.667 27.632 27.627 27.617 27.632 27.594 27.564 27.594 27.567 27.549 27.569 27.557 27.567 27.582 27.589 27.634 27.627 27.619 27.652 27.632 27.652 27.672 27.677 27.744 27.724 27.739 27.704 27.677 27.682 27.649 27.674 27.662 27.659 27.659 27.642 27.639 27.679 27.707 27.649 27.689 27.729 27.747 27.789 27.849 27.877 28.019 28.167 28.262 28.297 28.314 28.377 28.439 28.529 28.549 28.587 28.624 28.607 28.569 28.569 28.572 28.604 28.632 28.662 28.644 28.627 28.612
27.752 27.714 27.699 27.674 27.684 27.684 27.659 27.627 27.604 27.612 27.642 27.584 27.564 27.604 27.587 27.589 27.612 27.582 27.579 27.559 27.532 27.602 27.582 27.599 27.639 27.642 27.624 27.662 27.674 27.722 27.712 27.724 27.699 27.687 27.677 27.692 27.669 27.604 27.637 27.639 27.674 27.622 27.619 27.637 27.627 27.647 27.689 27.719 27.757 27.819 27.882 27.982 28.082 28.199 28.239 28.259 28.329 28.407 28.474 28.529 28.567 28.582 28.597 28.567 28.592 28.617 28.622 28.662 28.699 28.667 28.657 28.627
27.729 27.719 27.694 27.692 27.692 27.647 27.657 27.574 27.609 27.604 27.492 27.464 27.529 27.617 27.654 27.642 27.614 27.582 27.589 27.562 27.524 27.542 27.599 27.582 27.594 27.624 27.637 27.637 27.639 27.669 27.722 27.739 27.707 27.704 27.699 27.689 27.632 27.617 27.637 27.624 27.637 27.617 27.637 27.622 27.647 27.619 27.639 27.684 27.734 27.814 27.862 27.937 28.049 28.154 28.177 28.217 28.307 28.374 28.444 28.474 28.532 28.579 28.574 28.572 28.604 28.647 28.669 28.699 28.709 28.704 28.674 28.627
27.807 27.787 27.702 27.717 27.742 27.692 27.647 27.637 27.652 27.519 27.397 27.522 27.612 27.664 27.677 27.657 27.622 27.634 27.614 27.607 27.579 27.564 27.597 27.624 27.652 27.679 27.647 27.639 27.647 27.669 27.709 27.699 27.697 27.684 27.677 27.657 27.657 27.617 27.582 27.592 27.614 27.562 27.597 27.597 27.587 27.582 27.579 27.622 27.694 27.824 27.877 27.897 27.939 28.039 28.129 28.162 28.249 28.322 28.387 28.457 28.489 28.549 28.564 28.564 28.612 28.647 28.682 28.709 28.714 28.699 28.692 28.649
27.894 27.822 27.789 27.782 27.739 27.714 27.699 27.649 27.617 27.614 27.604 27.552 27.584 27.629 27.634 27.712 27.649 27.639 27.662 27.634 27.577 27.569 27.617 27.639 27.682 27.704 27.679 27.667 27.657 27.662 27.654 27.687 27.657 27.659 27.644 27.604 27.637 27.602 27.612 27.614 27.637 27.594 27.609 27.649 27.607 27.582 27.597 27.579 27.634 27.749 27.799 27.837 27.849 27.957 28.079 28.112 28.184 28.289 28.364 28.427 28.459 28.497 28.569 28.589 28.609 28.682 28.712 28.707 28.707 28.684 28.702 28.684
27.949 27.877 27.844 27.829 27.777 27.759 27.692 27.644 27.617 27.632 27.634 27.604 27.597 27.622 27.654 27.687 27.672 27.639 27.649 27.639 27.587 27.597 27.602 27.662 27.679 27.702 27.682 27.674 27.669 27.697 27.659 27.709 27.662 27.649 27.629 27.624 27.634 27.584 27.574 27.652 27.659 27.629 27.617 27.619 27.607 27.594 27.647 27.617 27.679 27.709 27.737 27.759 27.794 27.859 27.984 28.059 28.164 28.232 28.304 28.354 28.444 28.469 28.537 28.572 28.602 28.659 28.732 28.744 28.734 28.702 28.689 28.707
28.014 27.967 27.939 27.879 27.822 27.762 27.734 27.682 27.687 27.692 27.667 27.564 27.624 27.654 27.644 27.654 27.689 27.689 27.649 27.629 27.607 27.634 27.637 27.669 27.729 27.737 27.739 27.707 27.687 27.674 27.694 27.672 27.644 27.632 27.682 27.657 27.634 27.642 27.597 27.624 27.642 27.644 27.622 27.652 27.669 27.599 27.607 27.627 27.649 27.644 27.694 27.744 27.734 27.824 27.957 28.032 28.102 28.182 28.244 28.297 28.389 28.447 28.517 28.569 28.612 28.677 28.709 28.714 28.709 28.704 28.694 28.724
28.052 28.029 27.962 27.937 27.899 27.829 27.819 27.759 27.709 27.722 27.674 27.652 27.649 27.684 27.702 27.712 27.709 27.692 27.654 27.672 27.652 27.647 27.649 27.677 27.682 27.719 27.757 27.724 27.689 27.674 27.687 27.657 27.637 27.647 27.682 27.669 27.652 27.689 27.622 27.634 27.599 27.632 27.614 27.612 27.627 27.652 27.637 27.604 27.634 27.659 27.699 27.719 27.729 27.812 27.924 27.994 27.999 28.114 28.214 28.282 28.364 28.459 28.514 28.579 28.617 28.637 28.697 28.712 28.707 28.717 28.717 28.742
28.132 28.107 28.062 28.029 27.964 27.912 27.869 27.829 27.777 27.754 27.759 27.674 27.667 27.697 27.729 27.724 27.709 27.692 27.662 27.682 27.662 27.624 27.662 27.664 27.649 27.632 27.659 27.677 27.654 27.647 27.659 27.642 27.634 27.654 27.684 27.694 27.692 27.664 27.667 27.679 27.689 27.682 27.629 27.607 27.632 27.657 27.652 27.637 27.639 27.659 27.697 27.734 27.764 27.829 27.914 27.957 27.967 28.064 28.202 28.272 28.357 28.427 28.489 28.544 28.582 28.624 28.659 28.712 28.727 28.744 28.724 28.749
28.182 28.157 28.104 28.059 28.037 27.979 27.917 27.869 27.817 27.762 27.752 27.717 27.679 27.684 27.679 27.719 27.714 27.669 27.644 27.667 27.662 27.639 27.659 27.667 27.597 27.634 27.667 27.667 27.662 27.649 27.659 27.654 27.624 27.652 27.679 27.704 27.694 27.694 27.702 27.704 27.719 27.679 27.679 27.677 27.647 27.659 27.624 27.634 27.647 27.649 27.682 27.742 27.759 27.804 27.867 27.914 27.989 28.072 28.184 28.227 28.324 28.389 28.419 28.509 28.582 28.642 28.677 28.724 28.782 28.852 28.909 28.927
28.242 28.192 28.154 28.134 28.042 28.019 27.962 27.942 27.877 27.794 27.764 27.724 27.697 27.662 27.659 27.679 27.687 27.649 27.667 27.629 27.619 27.624 27.634 27.654 27.612 27.594 27.617 27.624 27.624 27.652 27.627 27.649 27.654 27.664 27.654 27.697 27.684 27.709 27.699 27.684 27.677 27.682 27.699 27.682 27.657 27.659 27.669 27.652 27.657 27.659 27.722 27.732 27.777 27.817 27.857 27.929 28.034 28.149 28.169 28.229 28.294 28.349 28.434 28.529 28.634 28.739 28.817 28.882 28.917 29.024 29.024 28.959
28.284 28.249 28.189 28.159 28.072 28.029 27.989 27.947 27.909 27.869 27.784 27.769 27.707 27.647 27.679 27.674 27.687 27.687 27.659 27.602 27.602 27.619 27.622 27.637 27.637 27.562 27.554 27.629 27.617 27.639 27.622 27.682 27.657 27.652 27.632 27.677 27.662 27.632 27.622 27.642 27.662 27.677 27.717 27.704 27.727 27.689 27.699 27.719 27.719 27.717 27.769 27.767 27.819 27.839 27.899 27.967 28.084 28.184 28.202 28.257 28.372 28.487 28.584 28.674 28.789 28.857 28.879 28.954 29.019 29.082 29.039 28.962
28.309 28.274 28.242 28.182 28.152 28.109 28.039 28.002 27.939 27.907 27.817 27.782 27.717 27.672 27.679 27.674 27.654 27.674 27.637 27.594 27.594 27.582 27.607 27.672 27.634 27.589 27.594 27.637 27.629 27.679 27.634 27.662 27.647 27.667 27.607 27.609 27.622 27.619 27.632 27.629 27.692 27.697 27.724 27.772 27.777 27.797 27.759 27.774 27.759 27.799 27.804 27.802 27.842 27.882 27.954 28.049 28.204 28.232 28.334 28.472 28.519 28.599 28.647 28.777 28.849 28.937 28.939 28.939 28.967 29.014 29.004 28.942
28.344 28.292 28.302 28.224 28.199 28.157 28.082 28.007 27.962 27.922 27.829 27.777 27.737 27.679 27.679 27.662 27.694 27.682 27.657 27.649 27.604 27.592 27.647 27.677 27.617 27.554 27.534 27.574 27.574 27.624 27.654 27.642 27.637 27.627 27.607 27.619 27.634 27.629 27.632 27.647 27.692 27.699 27.754 27.799 27.819 27.822 27.824 27.842 27.854 27.849 27.864 27.849 27.949 27.999 28.039 28.172 28.317 28.337 28.382 28.437 28.514 28.537 28.594 28.727 28.812 28.924 28.972 28.969 28.989 28.982 28.989 29.014
28.392 28.347 28.332 28.329 28.274 28.189 28.132 28.044 27.974 27.939 27.847 27.784 27.737 27.682 27.692 27.669 27.704 27.722 27.707 27.629 27.602 27.624 27.644 27.597 27.599 27.587 27.577 27.564 27.564 27.567 27.627 27.649 27.639 27.652 27.622 27.612 27.667 27.677 27.677 27.727 27.764 27.767 27.802 27.829 27.842 27.847 27.904 27.909 27.904 27.904 27.949 27.942 28.014 28.092 28.104 28.189 28.244 28.304 28.352 28.399 28.462 28.552 28.582 28.627 28.809 28.877 29.004 29.049 28.987 29.002 29.109 29.147
28.444 28.454 28.384 28.347 28.287 28.192 28.147 28.052 27.997 27.967 27.887 27.834 27.762 27.719 27.699 27.694 27.722 27.759 27.734 27.659 27.652 27.614 27.607 27.602 27.609 27.614 27.629 27.587 27.597 27.617 27.632 27.644 27.667 27.632 27.637 27.659 27.707 27.719 27.757 27.779 27.812 27.852 27.887 27.924 27.932 27.979 28.064 28.084 28.077 28.039 28.029 28.012 28.029 28.072 28.122 28.149 28.134 28.289 28.384 28.454 28.507 28.554 28.602 28.612 28.729 28.869 28.997 29.027 29.039 29.077 29.137 29.189
28.509 28.489 28.434 28.387 28.332 28.219 28.149 28.089 28.057 27.997 27.939 27.869 27.814 27.749 27.724 27.734 27.727 27.767 27.744 27.712 27.679 27.654 27.592 27.579 27.582 27.572 27.599 27.604 27.614 27.637 27.642 27.619 27.627 27.622 27.684 27.719 27.742 27.769 27.799 27.819 27.832 27.954 28.072 28.077 28.072 28.087 28.119 28.132 28.122 28.089 28.134 28.114 28.147 28.127 28.104 28.142 28.247 28.279 28.329 28.492 28.592 28.594 28.602 28.642 28.704 28.857 29.009 29.072 29.104 29.207 29.214 29.129
28.467 28.457 28.427 28.389 28.337 28.292 28.207 28.137 28.079 28.054 27.982 27.919 27.857 27.812 27.757 27.744 27.734 27.769 27.762 27.747 27.672 27.619 27.564 27.562 27.377 27.534 27.652 27.607 27.567 27.629 27.642 27.652 27.702 27.694 27.734 27.764 27.817 27.824 27.822 27.899 27.987 27.992 28.077 28.092 28.117 28.092 28.077 28.097 28.187 28.184 28.224 28.152 28.147 28.139 28.192 28.277 28.307 28.367 28.484 28.604 28.717 28.704 28.644 28.657 28.702 28.712 28.919 29.074 29.127 29.232 29.299 29.197
