LIDAR/se2889_DTM_2M.asc
ncols 500
nrows 500
xllcorner    428000
yllcorner    489000
cellsize     2
NODATA_value -9999
[rows 256 to 287 of 500, columns 71 to 141 of 500]
40.059 40.211 40.786 41.581 41.809 41.584 41.524 41.539 41.489 41.474 41.464 41.524 41.539 41.544 41.546 41.521 41.471 41.449 41.464 41.441 41.444 41.431 41.416 41.406 41.386 41.406 41.409 41.399 41.426 41.464 40.941 40.009 39.249 38.879 38.706 38.696 38.676 38.634 38.584 38.546 38.584 38.814 39.646 40.731 41.351 41.386 40.959 40.901 40.881 40.931 40.926 40.851 40.911 40.916 40.864 40.844 40.871 40.884 40.896 40.931 40.976 41.011 41.076 41.166 41.226 41.286 41.354 41.821 42.544 43.159 43.254
40.071 40.504 41.329 41.676 41.644 41.531 41.506 41.469 41.446 41.461 41.466 41.514 41.531 41.551 41.491 41.491 41.446 41.439 41.439 41.411 41.426 41.409 41.391 41.389 41.399 41.394 41.386 41.439 41.384 41.029 39.984 39.296 38.904 38.806 38.791 38.791 38.721 38.659 38.616 38.636 38.776 39.521 40.339 41.214 41.666 41.514 41.026 40.944 40.894 40.961 40.956 40.904 40.944 40.946 40.851 40.869 40.919 40.941 40.954 40.961 41.014 40.991 41.049 41.166 41.264 41.306 41.324 41.451 41.949 42.704 43.194
40.286 40.981 41.651 41.734 41.576 41.494 41.454 41.434 41.434 41.461 41.471 41.471 41.484 41.466 41.444 41.439 41.449 41.421 41.391 41.364 41.369 41.371 41.376 41.376 41.396 41.394 41.416 41.451 40.991 40.139 39.351 39.031 38.871 38.876 38.864 38.804 38.734 38.686 38.684 38.759 39.349 40.409 40.941 41.444 41.831 41.371 41.059 40.994 40.971 40.979 40.989 40.979 40.974 40.969 40.961 40.954 40.961 40.994 41.041 41.049 41.001 41.054 41.074 41.161 41.291 41.334 41.344 41.396 41.584 42.156 42.889
40.849 41.556 41.776 41.554 41.484 41.496 41.449 41.369 41.404 41.471 41.486 41.461 41.444 41.401 41.364 41.379 41.389 41.369 41.326 41.294 41.306 41.359 41.341 41.366 41.404 41.411 41.476 41.139 40.191 39.444 39.111 38.961 38.916 38.921 38.906 38.826 38.751 38.781 38.794 39.244 40.204 41.051 41.324 41.341 41.424 41.174 41.081 41.056 41.041 41.014 41.011 41.029 41.029 41.064 41.079 41.049 41.011 41.054 41.059 41.104 41.076 41.086 41.121 41.176 41.281 41.324 41.346 41.384 41.476 41.724 42.429
41.244 41.669 41.566 41.439 41.409 41.404 41.364 41.351 41.411 41.486 41.444 41.426 41.409 41.351 41.341 41.349 41.316 41.309 41.276 41.264 41.304 41.309 41.311 41.346 41.384 41.464 41.149 40.294 39.544 39.151 39.036 38.991 38.989 38.974 38.924 38.841 38.874 38.909 39.194 39.956 40.806 41.181 41.311 41.206 41.156 41.119 41.129 41.096 41.069 41.024 41.021 41.069 41.066 41.034 41.074 41.066 41.049 41.096 41.114 41.109 41.121 41.111 41.161 41.186 41.256 41.321 41.361 41.401 41.504 41.624 41.999
41.534 41.576 41.419 41.311 41.351 41.339 41.329 41.371 41.434 41.459 41.431 41.399 41.346 41.326 41.326 41.271 41.249 41.259 41.249 41.254 41.259 41.284 41.291 41.354 41.416 41.299 40.329 39.631 39.246 39.074 39.106 39.099 39.046 39.006 38.919 38.911 38.931 39.106 39.874 40.799 41.229 41.284 41.226 41.174 41.126 41.134 41.169 41.126 41.119 41.064 41.084 41.084 41.054 41.129 41.109 41.071 41.094 41.104 41.169 41.151 41.146 41.171 41.189 41.224 41.279 41.311 41.361 41.411 41.481 41.569 41.716
41.476 41.426 41.329 41.291 41.276 41.289 41.331 41.389 41.411 41.396 41.381 41.386 41.321 41.274 41.284 41.249 41.231 41.214 41.221 41.239 41.224 41.239 41.296 41.361 41.346 40.384 39.659 39.346 39.179 39.196 39.144 39.124 39.066 38.991 38.956 38.984 39.094 39.786 40.741 41.266 41.294 41.324 41.269 41.226 41.186 41.156 41.156 41.156 41.166 41.159 41.136 41.136 41.156 41.171 41.181 41.186 41.181 41.154 41.196 41.174 41.189 41.206 41.221 41.236 41.284 41.329 41.381 41.449 41.534 41.616 41.669
41.416 41.404 41.371 41.311 41.264 41.239 41.301 41.364 41.339 41.364 41.344 41.289 41.224 41.244 41.224 41.206 41.206 41.214 41.229 41.239 41.219 41.249 41.261 41.224 40.616 39.721 39.391 39.269 39.219 39.231 39.184 39.144 39.086 39.059 39.076 39.146 39.764 40.811 41.386 41.534 41.409 41.349 41.301 41.219 41.211 41.199 41.134 41.184 41.186 41.209 41.136 41.129 41.146 41.146 41.156 41.214 41.221 41.229 41.201 41.221 41.196 41.251 41.256 41.306 41.366 41.376 41.431 41.481 41.559 41.611 41.679
41.371 41.349 41.301 41.271 41.236 41.261 41.336 41.376 41.359 41.339 41.241 41.179 41.221 41.264 41.189 41.164 41.194 41.194 41.209 41.206 41.216 41.171 41.064 40.669 39.841 39.501 39.309 39.276 39.296 39.254 39.159 39.151 39.151 39.164 39.214 39.731 40.794 41.416 41.511 41.491 41.426 41.394 41.334 41.279 41.234 41.179 41.106 41.116 41.154 41.189 41.166 41.179 41.184 41.156 41.206 41.234 41.249 41.254 41.259 41.289 41.231 41.256 41.286 41.356 41.381 41.424 41.466 41.494 41.564 41.639 41.664
41.326 41.271 41.236 41.216 41.256 41.281 41.341 41.351 41.331 41.306 41.256 41.171 41.171 41.211 41.159 41.139 41.144 41.164 41.186 41.179 41.174 40.824 40.456 40.014 39.521 39.399 39.361 39.341 39.301 39.291 39.256 39.219 39.246 39.284 39.796 40.824 41.399 41.531 41.521 41.476 41.431 41.416 41.369 41.336 41.291 41.241 41.191 41.129 41.074 41.114 41.166 41.181 41.249 41.234 41.194 41.194 41.244 41.309 41.291 41.311 41.306 41.299 41.351 41.386 41.441 41.421 41.456 41.509 41.536 41.584 41.596
41.229 41.211 41.231 41.221 41.229 41.311 41.329 41.306 41.279 41.254 41.211 41.134 41.134 41.169 41.146 41.116 41.119 41.134 41.149 41.171 41.154 40.584 40.021 39.616 39.406 39.419 39.391 39.339 39.324 39.296 39.276 39.274 39.316 39.824 40.784 41.484 41.586 41.586 41.574 41.499 41.464 41.431 41.389 41.304 41.294 41.249 41.214 41.199 41.154 41.074 41.136 41.181 41.204 41.266 41.236 41.201 41.224 41.279 41.331 41.334 41.334 41.301 41.364 41.399 41.466 41.509 41.481 41.481 41.519 41.549 41.599
41.189 41.181 41.206 41.194 41.224 41.259 41.266 41.249 41.229 41.204 41.166 41.129 41.154 41.119 41.129 41.084 41.091 41.089 41.121 41.091 40.914 40.189 39.651 39.496 39.431 39.461 39.419 39.396 39.329 39.291 39.364 39.389 39.819 40.761 41.456 41.566 41.599 41.584 41.546 41.534 41.489 41.454 41.324 41.249 41.284 41.294 41.244 41.256 41.229 41.156 41.134 41.156 41.171 41.199 41.249 41.216 41.226 41.266 41.319 41.359 41.339 41.331 41.379 41.461 41.479 41.506 41.486 41.456 41.561 41.609 41.629
41.136 41.141 41.191 41.204 41.159 41.196 41.199 41.186 41.169 41.149 41.121 41.124 41.091 41.086 41.111 41.054 41.064 41.051 40.951 40.666 40.269 39.796 39.571 39.509 39.479 39.459 39.419 39.404 39.369 39.411 39.444 39.844 40.831 41.351 41.531 41.546 41.549 41.531 41.506 41.506 41.506 41.381 41.246 41.229 41.216 41.286 41.276 41.261 41.241 41.214 41.169 41.109 41.124 41.149 41.196 41.229 41.294 41.304 41.331 41.366 41.319 41.346 41.384 41.426 41.471 41.509 41.481 41.489 41.534 41.641 41.671
41.121 41.164 41.156 41.071 41.091 41.051 41.114 41.119 41.114 41.114 41.091 41.039 41.014 40.986 41.019 41.034 40.994 40.799 40.531 40.264 39.821 39.626 39.556 39.544 39.531 39.469 39.439 39.426 39.391 39.499 39.759 40.724 41.366 41.439 41.491 41.536 41.516 41.506 41.504 41.496 41.374 41.261 41.209 41.234 41.204 41.219 41.289 41.289 41.279 41.226 41.174 41.144 41.131 41.106 41.164 41.231 41.291 41.361 41.314 41.319 41.316 41.376 41.374 41.406 41.429 41.476 41.474 41.509 41.556 41.631 41.706
41.106 41.149 41.109 41.069 41.046 41.016 41.009 41.039 41.066 41.059 40.991 40.979 40.976 40.939 40.916 40.929 40.769 40.494 40.181 39.849 39.696 39.651 39.614 39.586 39.576 39.504 39.469 39.439 39.471 39.614 40.484 41.269 41.376 41.411 41.476 41.511 41.499 41.501 41.491 41.381 41.281 41.219 41.201 41.189 41.184 41.196 41.224 41.239 41.216 41.199 41.216 41.169 41.136 41.129 41.146 41.186 41.271 41.324 41.336 41.336 41.311 41.359 41.419 41.454 41.496 41.494 41.489 41.504 41.551 41.639 41.719
41.099 41.101 41.094 41.096 41.049 40.991 40.931 40.919 40.939 40.939 40.919 40.921 40.916 40.894 40.874 40.766 40.531 40.266 39.929 39.751 39.671 39.656 39.654 39.609 39.556 39.541 39.471 39.471 39.589 40.141 41.111 41.396 41.399 41.424 41.461 41.434 41.441 41.456 41.406 41.309 41.251 41.194 41.176 41.164 41.169 41.189 41.244 41.241 41.219 41.244 41.231 41.176 41.179 41.159 41.184 41.179 41.216 41.291 41.364 41.409 41.381 41.384 41.464 41.521 41.519 41.531 41.514 41.529 41.561 41.619 41.664
41.071 41.081 41.076 40.999 40.954 40.974 40.961 40.869 40.789 40.784 40.844 40.864 40.854 40.856 40.769 40.526 40.236 39.939 39.829 39.741 39.731 39.691 39.631 39.631 39.604 39.546 39.476 39.529 39.761 40.636 41.341 41.441 41.461 41.436 41.406 41.389 41.419 41.374 41.324 41.276 41.229 41.199 41.186 41.184 41.229 41.249 41.231 41.201 41.206 41.229 41.249 41.209 41.231 41.209 41.194 41.216 41.226 41.214 41.321 41.409 41.436 41.459 41.464 41.484 41.469 41.506 41.511 41.566 41.586 41.679 41.676
41.016 41.016 40.979 40.861 40.829 40.876 40.846 40.754 40.704 40.641 40.644 40.784 40.794 40.734 40.581 40.276 40.016 39.841 39.819 39.809 39.771 39.721 39.671 39.649 39.611 39.549 39.526 39.624 39.931 40.824 41.364 41.451 41.396 41.349 41.351 41.379 41.364 41.289 41.281 41.246 41.216 41.206 41.224 41.211 41.271 41.276 41.246 41.254 41.214 41.216 41.221 41.224 41.261 41.219 41.221 41.206 41.209 41.254 41.314 41.384 41.431 41.461 41.479 41.449 41.461 41.516 41.514 41.549 41.569 41.604 41.651
40.969 40.944 40.851 40.749 40.724 40.739 40.724 40.736 40.704 40.586 40.451 40.499 40.581 40.531 40.341 40.061 39.909 39.866 39.884 39.829 39.776 39.726 39.694 39.656 39.629 39.571 39.569 39.689 40.001 40.839 41.341 41.421 41.391 41.276 41.294 41.349 41.304 41.244 41.204 41.206 41.204 41.189 41.216 41.209 41.234 41.286 41.259 41.256 41.214 41.191 41.189 41.204 41.224 41.234 41.256 41.239 41.256 41.266 41.301 41.326 41.381 41.436 41.439 41.441 41.454 41.489 41.496 41.524 41.531 41.556 41.614
40.871 40.809 40.739 40.686 40.649 40.639 40.659 40.699 40.686 40.606 40.391 40.324 40.291 40.281 40.141 39.961 39.901 39.896 39.864 39.786 39.734 39.734 39.734 39.689 39.654 39.574 39.584 39.694 40.056 40.731 41.246 41.384 41.374 41.266 41.264 41.309 41.341 41.271 41.169 41.149 41.199 41.191 41.199 41.196 41.256 41.261 41.241 41.239 41.221 41.194 41.176 41.216 41.239 41.261 41.271 41.301 41.326 41.269 41.296 41.334 41.331 41.364 41.384 41.414 41.421 41.439 41.469 41.511 41.514 41.546 41.589
40.804 40.706 40.694 40.661 40.599 40.586 40.579 40.596 40.634 40.621 40.454 40.246 40.136 40.101 40.009 39.944 39.969 39.879 39.854 39.834 39.784 39.741 39.749 39.729 39.676 39.646 39.591 39.711 40.014 40.614 41.086 41.329 41.376 41.281 41.239 41.294 41.361 41.379 41.251 41.229 41.239 41.189 41.191 41.231 41.266 41.271 41.239 41.221 41.216 41.176 41.171 41.184 41.211 41.241 41.266 41.291 41.316 41.339 41.271 41.299 41.311 41.301 41.321 41.386 41.426 41.479 41.499 41.514 41.551 41.556 41.534
40.711 40.639 40.626 40.594 40.569 40.544 40.516 40.561 40.584 40.584 40.479 40.286 40.104 40.021 39.994 40.006 39.954 39.906 39.884 39.819 39.761 39.761 39.764 39.734 39.714 39.671 39.591 39.656 39.911 40.459 41.044 41.259 41.286 41.231 41.236 41.274 41.341 41.364 41.369 41.324 41.306 41.291 41.244 41.221 41.239 41.259 41.246 41.251 41.246 41.219 41.206 41.199 41.221 41.236 41.251 41.281 41.301 41.316 41.329 41.294 41.314 41.284 41.211 41.226 41.376 41.451 41.471 41.461 41.474 41.519 41.516
40.574 40.569 40.519 40.511 40.496 40.496 40.489 40.504 40.549 40.531 40.384 40.234 40.084 40.019 39.991 40.011 39.939 39.899 39.856 39.806 39.749 39.776 39.749 39.711 39.724 39.699 39.634 39.649 39.809 40.164 40.699 41.164 41.219 41.224 41.219 41.191 41.264 41.336 41.344 41.321 41.326 41.339 41.304 41.279 41.239 41.241 41.264 41.261 41.224 41.229 41.239 41.224 41.239 41.241 41.259 41.279 41.306 41.336 41.371 41.329 41.331 41.326 41.219 41.176 41.211 41.386 41.434 41.446 41.464 41.454 41.481
40.524 40.489 40.461 40.466 40.464 40.449 40.451 40.479 40.514 40.396 40.236 40.136 40.086 40.054 40.041 39.994 39.931 39.886 39.849 39.821 39.779 39.726 39.744 39.691 39.694 39.701 39.686 39.661 39.721 39.921 40.314 40.909 41.164 41.151 41.184 41.154 41.194 41.259 41.279 41.301 41.316 41.294 41.304 41.274 41.244 41.251 41.274 41.261 41.249 41.246 41.246 41.246 41.219 41.269 41.291 41.244 41.279 41.346 41.334 41.341 41.316 41.344 41.334 41.266 41.216 41.241 41.379 41.446 41.471 41.439 41.464
40.446 40.416 40.376 40.396 40.406 40.396 40.429 40.461 40.419 40.259 40.149 40.151 40.094 40.051 40.029 40.011 39.951 39.861 39.834 39.796 39.746 39.711 39.731 39.709 39.676 39.719 39.704 39.676 39.681 39.779 39.979 40.406 40.946 41.151 41.176 41.169 41.179 41.201 41.246 41.241 41.306 41.304 41.306 41.309 41.276 41.276 41.306 41.269 41.279 41.271 41.269 41.274 41.251 41.301 41.304 41.279 41.286 41.344 41.369 41.366 41.376 41.381 41.381 41.379 41.279 41.219 41.324 41.411 41.429 41.431 41.446
40.379 40.336 40.344 40.329 40.341 40.386 40.434 40.401 40.296 40.181 40.169 40.151 40.076 40.066 40.049 40.019 39.914 39.876 39.821 39.804 39.729 39.694 39.711 39.696 39.654 39.709 39.736 39.729 39.704 39.701 39.809 39.949 40.331 40.889 41.054 41.144 41.166 41.184 41.196 41.181 41.246 41.324 41.319 41.311 41.304 41.306 41.269 41.254 41.291 41.286 41.281 41.274 41.239 41.271 41.269 41.226 41.219 41.301 41.366 41.351 41.399 41.396 41.411 41.429 41.296 41.239 41.349 41.379 41.384 41.399 41.451
40.271 40.274 40.266 40.269 40.286 40.424 40.464 40.319 40.211 40.189 40.194 40.151 40.121 40.104 40.074 40.006 40.006 40.019 40.014 39.969 39.919 39.886 39.831 39.779 39.761 39.726 39.731 39.756 39.776 39.749 39.749 39.816 39.969 40.306 40.731 41.026 41.131 41.156 41.151 41.146 41.196 41.281 41.339 41.304 41.344 41.356 41.281 41.206 41.281 41.269 41.266 41.281 41.269 41.281 41.249 41.221 41.239 41.266 41.336 41.364 41.386 41.404 41.381 41.399 41.344 41.336 41.366 41.366 41.361 41.369 41.354
40.194 40.196 40.209 40.236 40.356 40.406 40.339 40.241 40.194 40.214 40.199 40.184 40.171 40.121 40.146 40.179 40.171 40.181 40.199 40.179 40.124 40.029 39.959 39.906 39.879 39.824 39.769 39.754 39.764 39.746 39.751 39.786 39.831 39.971 40.276 40.761 41.056 41.124 41.154 41.181 41.171 41.254 41.326 41.271 41.354 41.356 41.289 41.264 41.249 41.249 41.254 41.296 41.301 41.286 41.231 41.234 41.246 41.254 41.291 41.336 41.351 41.354 41.349 41.316 41.319 41.331 41.341 41.351 41.369 41.391 41.354
40.154 40.146 40.191 40.316 40.449 40.376 40.279 40.224 40.221 40.214 40.196 40.184 40.151 40.174 40.246 40.281 40.311 40.259 40.166 40.249 40.334 40.154 39.951 39.949 40.006 39.951 39.876 39.849 39.779 39.796 39.819 39.804 39.791 39.901 40.009 40.254 40.721 40.964 41.101 41.156 41.121 41.159 41.204 41.266 41.299 41.299 41.301 41.269 41.244 41.219 41.266 41.286 41.311 41.306 41.261 41.236 41.231 41.254 41.244 41.316 41.314 41.321 41.306 41.301 41.284 41.306 41.316 41.294 41.349 41.376 41.344
40.141 40.169 40.296 40.431 40.406 40.269 40.226 40.236 40.224 40.236 40.201 40.169 40.169 40.271 40.329 40.336 40.364 40.234 40.221 40.416 40.539 40.299 40.051 39.969 40.061 40.036 39.996 39.919 39.864 39.791 39.831 39.831 39.831 39.854 39.936 40.016 40.234 40.701 40.974 41.059 41.101 41.144 41.166 41.206 41.234 41.259 41.304 41.314 41.274 41.221 41.301 41.289 41.276 41.301 41.309 41.286 41.276 41.249 41.271 41.274 41.281 41.326 41.286 41.306 41.279 41.266 41.274 41.271 41.284 41.276 41.279
40.114 40.304 40.474 40.414 40.326 40.274 40.241 40.259 40.241 40.204 40.199 40.214 40.291 40.384 40.376 40.339 40.289 40.241 40.344 40.464 40.504 40.361 40.249 40.154 40.066 40.041 40.036 39.999 39.944 39.879 39.841 39.844 39.851 39.839 39.864 39.936 40.011 40.219 40.639 41.021 41.109 41.119 41.129 41.154 41.201 41.254 41.226 41.309 41.254 41.241 41.286 41.269 41.281 41.311 41.271 41.259 41.299 41.246 41.249 41.244 41.269 41.301 41.274 41.251 41.239 41.259 41.286 41.291 41.274 41.279 41.259
40.294 40.479 40.424 40.354 40.299 40.291 40.281 40.246 40.226 40.201 40.256 40.351 40.389 40.409 40.376 40.331 40.241 40.226 40.231 40.316 40.376 40.361 40.294 40.249 40.216 40.084 40.056 40.059 40.041 39.996 39.911 39.856 39.856 39.889 39.904 39.904 39.961 40.071 40.191 40.599 41.019 41.089 41.059 41.111 41.141 41.189 41.224 41.311 41.259 41.261 41.231 41.211 41.186 41.256 41.209 41.196 41.179 41.179 41.189 41.209 41.239 41.251 41.201 41.181 41.196 41.231 41.266 41.304 41.281 41.294 41.266
