LIDAR/se2889_DTM_2M.asc
ncols 500
nrows 500
xllcorner    428000
yllcorner    489000
cellsize     2
NODATA_value -9999
[rows 416 to 447 of 500, columns 284 to 354 of 500]
31.254 31.336 31.326 31.341 31.324 31.311 31.279 31.274 31.254 31.269 31.344 31.506 31.761 32.026 32.286 32.524 32.678 32.828 32.911 32.931 32.853 32.783 32.681 32.466 32.183 31.868 31.478 31.173 30.883 30.701 30.611 30.483 30.451 30.401 30.398 30.588 31.053 31.608 31.993 32.328 32.583 32.653 32.656 32.616 32.571 32.531 32.536 32.491 32.478 32.451 32.401 32.373 32.321 32.401 32.381 32.338 32.351 32.318 32.248 32.231 32.198 32.256 32.002 30.774 29.444 28.072 26.886 26.181 26.137 26.102 26.066
31.139 31.261 31.264 31.276 31.239 31.254 31.256 31.289 31.236 31.206 31.311 31.486 31.739 32.041 32.309 32.536 32.806 32.968 33.051 33.098 33.071 33.001 32.893 32.721 32.463 32.208 31.838 31.523 31.223 30.941 30.643 30.456 30.303 30.266 30.248 30.266 30.311 30.666 31.018 31.543 32.021 32.368 32.598 32.636 32.561 32.531 32.528 32.506 32.448 32.456 32.453 32.323 32.326 32.283 32.286 32.343 32.393 32.306 32.251 32.243 32.198 32.198 31.511 30.223 28.918 27.636 26.531 26.23 26.242 26.173 26.154
31.106 31.079 31.131 31.161 31.204 31.239 31.244 31.236 31.271 31.246 31.291 31.451 31.644 31.936 32.189 32.479 32.783 33.021 33.173 33.226 33.233 33.216 33.088 32.913 32.708 32.483 32.151 31.891 31.578 31.293 30.983 30.616 30.346 30.143 30.066 30.118 30.048 29.968 30.078 30.561 31.031 31.721 32.208 32.521 32.551 32.571 32.521 32.513 32.471 32.493 32.356 32.366 32.351 32.288 32.298 32.283 32.296 32.303 32.326 32.276 32.248 32.054 30.821 29.515 28.231 26.965 26.285 26.181 26.249 26.191 26.831
31.111 31.041 30.981 31.009 31.156 31.196 31.214 31.169 31.191 31.231 31.249 31.334 31.481 31.659 31.954 32.249 32.596 32.928 33.163 33.291 33.333 33.348 33.248 33.063 32.901 32.693 32.426 32.161 31.881 31.613 31.336 30.968 30.723 30.313 30.046 29.953 29.896 29.718 29.698 29.751 30.068 30.701 31.426 32.006 32.326 32.458 32.536 32.503 32.493 32.471 32.403 32.356 32.371 32.348 32.316 32.251 32.226 32.226 32.266 32.296 32.256 31.452 30.13 28.798 27.498 26.411 26.204 26.21 26.379 26.977 27.773
31.086 31.021 30.976 30.891 31.034 31.091 31.094 31.091 31.116 31.161 31.191 31.221 31.294 31.409 31.626 31.929 32.306 32.721 33.023 33.263 33.313 33.326 33.301 33.196 33.013 32.803 32.623 32.438 32.126 31.906 31.596 31.298 31.043 30.661 30.231 29.918 29.736 29.643 29.593 29.453 29.471 29.718 30.286 30.991 31.663 31.988 32.343 32.473 32.518 32.493 32.433 32.366 32.268 32.411 32.366 32.236 32.211 32.166 32.168 32.208 31.961 30.719 29.379 28.06 26.761 26.235 26.185 26.259 27.038 28.148 29.03
31.014 30.964 30.946 30.874 30.856 30.906 30.964 30.994 30.989 31.071 31.109 31.166 31.196 31.244 31.369 31.581 31.921 32.371 32.778 33.056 33.216 33.253 33.256 33.203 33.091 32.888 32.703 32.533 32.328 32.073 31.786 31.513 31.203 30.836 30.446 30.021 29.626 29.428 29.378 29.311 29.263 29.243 29.386 29.886 30.543 31.233 31.938 32.238 32.346 32.393 32.413 32.416 32.363 32.403 32.356 32.233 32.256 32.208 32.136 32.143 31.291 29.937 28.618 27.294 26.3 26.187 26.223 26.63 28.358 29.67 30.406
30.929 30.924 30.889 30.854 30.789 30.756 30.801 30.914 30.929 30.986 31.076 31.069 31.126 31.144 31.236 31.326 31.593 31.986 32.356 32.731 33.001 33.146 33.143 33.126 33.066 32.903 32.733 32.588 32.333 32.143 31.843 31.618 31.293 30.926 30.556 30.123 29.688 29.378 29.253 29.228 29.203 29.128 28.993 29.111 29.506 30.153 30.946 31.526 31.788 32.168 32.276 32.373 32.381 32.313 32.283 32.273 32.283 32.236 32.188 31.847 30.555 29.2 27.844 26.568 26.198 26.194 26.292 27.722 29.85 31.492 31.748
30.919 30.871 30.839 30.831 30.766 30.674 30.766 30.874 30.876 30.889 31.014 31.061 31.046 31.056 31.074 31.139 31.243 31.551 31.976 32.343 32.718 32.956 33.016 32.971 32.931 32.843 32.676 32.486 32.251 32.098 31.836 31.636 31.358 30.963 30.573 30.111 29.651 29.288 29.156 29.121 29.113 29.043 28.931 28.878 28.921 29.283 29.891 30.446 30.923 31.478 31.876 32.031 32.268 32.203 32.233 32.218 32.236 32.246 32.155 31.199 29.801 28.42 27.066 26.204 26.182 26.232 26.92 29.08 31.206 31.961 31.991
30.836 30.816 30.769 30.789 30.759 30.704 30.689 30.759 30.751 30.841 30.974 31.136 31.116 31.056 30.951 30.961 31.038 31.236 31.616 31.988 32.358 32.661 32.801 32.816 32.778 32.718 32.533 32.336 32.143 31.938 31.713 31.508 31.223 30.856 30.456 29.996 29.551 29.123 29.023 29.013 28.963 28.933 28.858 28.808 28.748 28.873 29.133 29.378 29.883 30.543 31.148 31.523 31.998 32.103 32.151 31.916 31.706 32.253 31.758 30.343 29.014 27.643 26.389 26.176 26.206 26.396 28.205 30.479 31.971 31.991 31.958
30.749 30.751 30.721 30.709 30.689 30.674 30.626 30.611 30.666 30.814 30.994 31.281 31.266 31.136 30.871 30.791 30.828 30.986 31.313 31.668 32.021 32.373 32.531 32.628 32.591 32.541 32.378 32.203 31.998 31.761 31.546 31.333 31.056 30.661 30.193 29.796 29.361 29.073 28.978 28.931 28.918 28.843 28.768 28.688 28.703 28.673 28.691 28.783 29.071 29.673 30.246 30.541 31.036 31.618 31.773 31.501 30.928 31.601 30.443 29.38 28.099 26.806 26.153 26.187 26.238 27.27 29.648 31.7 32.063 32.056 32.008
30.639 30.676 30.699 30.671 30.621 30.619 30.599 30.541 30.549 30.631 30.876 31.286 31.394 31.094 30.879 30.699 30.683 30.771 31.048 31.426 31.743 32.048 32.301 32.376 32.368 32.358 32.233 32.061 31.838 31.628 31.378 31.126 30.778 30.386 29.951 29.511 29.143 28.933 28.906 28.898 28.858 28.723 28.646 28.573 28.541 28.536 28.538 28.493 28.603 28.968 29.358 29.746 30.088 30.651 31.016 30.883 30.386 29.768 29.093 28.201 26.972 26.199 26.169 26.215 26.543 28.615 31.06 32.056 31.968 32.016 31.996
30.536 30.549 30.586 30.619 30.591 30.546 30.534 30.504 30.494 30.459 30.716 31.089 31.251 31.106 30.921 30.684 30.596 30.586 30.818 31.203 31.503 31.823 32.051 32.161 32.183 32.123 32.006 31.853 31.638 31.443 31.208 30.906 30.523 30.073 29.618 29.291 29.006 28.861 28.836 28.833 28.766 28.591 28.546 28.473 28.426 28.368 28.396 28.426 28.428 28.583 28.863 29.211 29.466 29.841 30.153 30.008 29.616 28.953 28.236 27.298 26.213 26.186 26.291 26.245 27.352 29.525 31.666 32.016 31.958 31.931 31.946
30.474 30.451 30.454 30.501 30.521 30.506 30.471 30.479 30.419 30.374 30.436 30.696 30.884 31.094 30.809 30.674 30.526 30.406 30.556 30.908 31.221 31.506 31.783 31.926 31.921 31.898 31.798 31.638 31.496 31.208 30.928 30.591 30.176 29.728 29.331 29.128 28.946 28.816 28.778 28.738 28.663 28.606 28.483 28.448 28.376 28.326 28.313 28.338 28.366 28.338 28.386 28.623 28.841 29.031 29.161 29.063 28.903 28.368 27.623 26.493 26.051 26.222 26.256 26.409 27.723 29.713 31.611 32.058 31.991 31.953 32.001
30.401 30.396 30.391 30.424 30.449 30.444 30.419 30.411 30.391 30.341 30.296 30.339 30.616 30.766 30.734 30.614 30.506 30.301 30.338 30.558 30.953 31.203 31.468 31.648 31.696 31.641 31.561 31.446 31.283 31.008 30.673 30.283 29.761 29.401 29.156 29.013 28.881 28.746 28.703 28.646 28.561 28.541 28.468 28.436 28.408 28.356 28.343 28.298 28.301 28.226 28.266 28.331 28.433 28.441 28.516 28.381 28.296 27.866 27.041 26.273 26.628 26.497 26.366 26.561 27.976 29.681 31.533 31.968 31.961 31.888 31.946
30.299 30.321 30.304 30.309 30.366 30.356 30.364 30.349 30.326 30.264 30.196 30.154 30.256 30.514 30.734 30.766 30.566 30.248 30.116 30.246 30.588 30.916 31.163 31.361 31.391 31.378 31.301 31.186 31.011 30.733 30.408 29.971 29.518 29.148 28.958 28.918 28.826 28.678 28.621 28.583 28.541 28.576 28.591 28.483 28.413 28.403 28.363 28.303 28.286 28.228 28.153 28.226 28.223 28.198 28.111 28.071 27.971 27.453 26.501 26.836 26.787 26.656 26.595 27.228 28.223 29.503 31.413 32.088 31.968 31.966 31.953
30.214 30.214 30.191 30.189 30.236 30.224 30.236 30.229 30.186 30.161 30.119 30.066 29.981 30.104 30.474 30.789 30.626 30.088 29.923 29.973 30.193 30.573 30.866 31.021 31.106 31.093 31.001 30.951 30.773 30.416 30.103 29.703 29.278 28.923 28.788 28.796 28.761 28.606 28.553 28.571 28.521 28.413 28.506 28.451 28.306 28.318 28.336 28.331 28.268 28.238 28.113 28.058 27.961 28.028 27.981 27.901 27.763 26.951 26.476 26.767 26.914 26.814 27.008 27.678 28.273 29.473 30.346 31.416 32.018 32.018 31.953
30.126 30.104 30.071 30.069 30.126 30.109 30.056 30.061 30.084 30.064 30.021 29.961 29.889 29.794 29.964 30.296 30.211 29.933 29.748 29.771 29.901 30.241 30.528 30.733 30.798 30.836 30.781 30.671 30.433 30.118 29.768 29.411 29.036 28.801 28.688 28.643 28.611 28.516 28.538 28.608 28.403 28.103 27.848 27.886 28.088 28.231 28.291 28.341 28.281 28.271 28.121 28.038 27.958 28.021 27.948 27.871 27.361 26.361 26.288 26.574 26.849 26.995 27.261 27.728 28.621 29.593 30.416 31.143 31.781 32.003 31.961
30.034 30.016 29.981 29.989 29.961 29.954 29.904 29.904 29.901 29.896 29.864 29.846 29.751 29.694 29.599 29.779 29.848 29.776 29.663 29.611 29.706 29.961 30.221 30.436 30.518 30.536 30.473 30.313 30.051 29.756 29.483 29.146 28.878 28.663 28.546 28.468 28.443 28.431 28.576 28.708 28.473 28.041 27.503 27.558 27.886 28.196 28.306 28.301 28.196 28.136 28.093 28.061 28.093 28.166 28.036 27.656 26.753 26.163 26.376 26.633 26.893 27.108 27.341 27.691 28.561 29.356 30.501 31.273 31.653 31.848 31.916
29.951 29.979 29.931 29.894 29.851 29.856 29.851 29.801 29.759 29.736 29.759 29.759 29.686 29.576 29.524 29.451 29.633 29.651 29.558 29.468 29.543 29.671 29.916 30.106 30.238 30.218 30.151 29.973 29.721 29.416 29.188 28.941 28.771 28.661 28.471 28.378 28.368 28.351 28.471 28.606 28.541 28.171 27.876 27.903 27.948 28.263 28.246 28.158 28.048 28.023 28.001 28.081 28.211 28.151 27.841 27.301 26.461 26.291 26.411 26.606 26.888 27.183 27.441 27.636 28.236 28.928 29.968 30.836 31.331 31.573 31.768
29.896 29.909 29.869 29.791 29.761 29.781 29.756 29.714 29.676 29.641 29.621 29.591 29.591 29.491 29.396 29.289 29.316 29.466 29.468 29.428 29.386 29.508 29.686 29.831 29.911 29.921 29.806 29.618 29.418 29.123 28.976 28.818 28.716 28.571 28.458 28.333 28.321 28.376 28.413 28.488 28.506 28.443 28.636 28.618 28.223 28.191 28.108 28.061 28.046 28.026 28.066 28.133 28.086 27.826 27.456 26.893 26.283 26.236 26.396 26.591 26.901 27.403 27.581 27.611 27.858 28.436 29.238 29.976 30.481 30.913 31.331
29.879 29.841 29.819 29.774 29.716 29.709 29.659 29.606 29.601 29.524 29.491 29.436 29.434 29.449 29.354 29.191 29.123 29.221 29.371 29.421 29.318 29.326 29.436 29.528 29.598 29.631 29.473 29.283 29.136 28.978 28.791 28.701 28.606 28.541 28.496 28.426 28.391 28.423 28.423 28.426 28.403 28.458 28.588 28.596 28.206 28.128 28.076 28.018 27.998 28.051 28.093 28.098 28.006 27.606 27.163 26.488 26.236 26.236 26.238 26.393 27.058 27.578 27.666 27.596 27.606 27.873 28.331 28.891 29.521 30.031 30.473
29.799 29.761 29.744 29.689 29.636 29.601 29.556 29.516 29.444 29.396 29.369 29.326 29.336 29.311 29.296 29.196 29.086 29.113 29.241 29.291 29.351 29.288 29.261 29.311 29.338 29.353 29.196 29.008 28.873 28.826 28.678 28.586 28.513 28.488 28.451 28.401 28.363 28.378 28.403 28.376 28.381 28.288 28.203 28.191 28.123 28.071 28.078 28.123 28.088 28.068 28.041 27.913 27.646 27.336 26.773 26.288 26.146 26.138 26.171 26.498 27.353 27.653 27.788 27.711 27.626 27.561 27.721 27.956 28.473 28.971 29.493
29.754 29.706 29.656 29.614 29.541 29.486 29.474 29.429 29.384 29.324 29.319 29.274 29.251 29.231 29.184 29.119 29.066 29.038 29.141 29.176 29.251 29.203 29.061 29.116 29.126 29.068 28.961 28.808 28.718 28.678 28.616 28.546 28.506 28.453 28.391 28.406 28.346 28.356 28.346 28.278 28.296 28.188 28.098 28.108 28.018 28.116 28.183 28.143 28.051 28.051 27.936 27.706 27.413 27.063 26.553 26.368 26.306 26.186 26.246 26.823 27.546 27.731 27.808 27.748 27.698 27.538 27.418 27.431 27.661 28.033 28.388
29.679 29.651 29.594 29.536 29.489 29.404 29.386 29.346 29.276 29.229 29.191 29.196 29.126 29.101 29.074 29.044 29.046 29.001 29.071 29.078 29.141 29.141 29.036 29.006 28.978 28.903 28.801 28.701 28.643 28.588 28.521 28.463 28.436 28.401 28.378 28.381 28.378 28.323 28.273 28.218 28.176 28.101 28.093 28.103 28.093 28.151 28.198 28.133 28.078 28.053 27.871 27.546 27.208 26.783 26.543 26.533 26.551 26.543 26.848 27.276 27.641 27.761 27.828 27.791 27.703 27.598 27.446 27.381 27.371 27.498 27.671
29.629 29.589 29.526 29.476 29.421 29.374 29.314 29.246 29.199 29.186 29.156 29.124 29.051 28.996 28.976 29.044 29.158 29.163 29.043 28.998 29.003 29.101 29.083 28.968 28.881 28.761 28.696 28.608 28.563 28.521 28.523 28.446 28.406 28.393 28.386 28.341 28.348 28.293 28.231 28.208 28.196 28.146 28.178 28.288 28.296 28.346 28.268 28.186 28.111 27.953 27.698 27.371 26.966 26.446 26.398 26.498 26.563 26.693 27.383 27.693 27.801 27.823 27.856 27.736 27.696 27.638 27.601 27.526 27.456 27.461 27.536
29.556 29.544 29.471 29.471 29.419 29.361 29.286 29.221 29.189 29.181 29.136 29.081 29.014 28.959 28.926 28.986 29.156 29.196 28.936 28.831 28.858 28.936 28.976 28.918 28.751 28.716 28.603 28.528 28.443 28.381 28.421 28.413 28.351 28.336 28.286 28.296 28.273 28.266 28.233 28.233 28.228 28.233 28.368 28.533 28.623 28.516 28.363 28.276 27.988 27.713 27.461 27.128 26.641 26.213 26.226 26.301 26.393 27.066 27.683 27.811 27.858 27.868 27.866 27.798 27.798 27.723 27.713 27.781 27.768 27.758 27.818
29.536 29.509 29.471 29.464 29.424 29.331 29.309 29.269 29.269 29.249 29.204 29.106 29.061 29.041 29.101 28.996 28.993 29.113 28.978 28.751 28.766 28.846 28.818 28.783 28.708 28.633 28.501 28.376 28.328 28.271 28.256 28.286 28.243 28.253 28.221 28.233 28.241 28.253 28.278 28.281 28.301 28.316 28.408 28.596 28.643 28.451 28.253 28.013 27.746 27.453 27.171 26.746 26.271 26.241 26.301 26.236 26.401 27.423 27.806 27.821 27.913 27.936 27.856 27.831 27.833 27.836 27.893 27.938 27.958 28.113 28.103
29.509 29.494 29.449 29.396 29.426 29.386 29.324 29.329 29.356 29.319 29.241 29.304 29.346 29.316 29.186 29.054 28.961 29.003 28.963 28.761 28.578 28.631 28.666 28.636 28.613 28.593 28.223 28.188 28.168 28.113 28.101 28.106 28.101 28.116 28.136 28.173 28.251 28.258 28.261 28.243 28.296 28.283 28.328 28.331 28.298 28.168 27.963 27.713 27.483 27.238 26.873 26.433 26.201 26.078 26.261 26.431 27.171 27.723 27.873 27.906 27.931 27.956 27.891 27.843 27.831 27.891 27.946 28.011 28.048 28.213 28.186
29.446 29.409 29.364 29.369 29.341 29.264 29.401 29.426 29.491 29.421 29.341 29.374 29.374 29.141 29.019 28.971 28.948 28.931 28.888 28.728 28.546 28.466 28.448 28.373 28.403 28.431 28.213 28.111 28.028 27.951 27.941 27.981 28.021 28.021 28.088 28.163 28.203 28.208 28.201 28.176 28.171 28.181 28.121 28.078 27.956 27.868 27.693 27.363 27.031 26.766 26.386 26.433 26.256 26.016 26.038 26.893 27.673 27.971 28.038 27.946 27.968 27.906 27.891 27.823 27.861 27.936 27.956 27.978 28.013 28.116 28.163
29.329 29.394 29.261 29.254 29.154 29.081 29.399 29.441 29.349 29.189 29.056 28.991 28.874 28.821 28.819 28.894 28.903 28.891 28.818 28.681 28.523 28.438 28.316 28.153 28.153 28.068 27.988 27.976 27.938 27.903 27.878 27.821 27.853 27.858 27.936 28.113 28.081 28.068 28.093 28.088 28.018 27.988 27.901 27.821 27.668 27.596 27.328 26.911 26.518 26.386 26.473 26.553 26.388 26.201 26.348 27.311 27.828 27.981 27.983 27.933 27.996 27.951 27.838 27.808 27.843 27.953 27.971 27.971 27.948 28.116 28.218
28.954 28.956 28.949 28.999 29.004 28.979 29.059 29.131 28.969 28.836 28.766 28.736 28.706 28.746 28.784 28.774 28.838 28.833 28.788 28.656 28.506 28.453 28.371 28.163 28.041 27.883 27.766 27.836 27.808 27.823 27.768 27.723 27.696 27.693 27.786 27.838 27.843 27.856 27.843 27.826 27.731 27.648 27.546 27.471 27.123 26.926 26.713 26.258 26.208 26.188 26.296 26.483 26.593 26.551 27.083 27.776 27.948 27.936 27.958 27.923 27.946 27.876 27.836 27.818 27.836 27.936 27.938 28.023 28.056 28.141 28.183
28.884 28.931 28.961 29.004 29.046 29.054 29.051 29.011 28.914 28.804 28.736 28.814 28.719 28.709 28.729 28.696 28.723 28.686 28.631 28.551 28.361 28.398 28.468 28.201 27.918 27.783 27.643 27.616 27.638 27.628 27.618 27.486 27.401 27.393 27.458 27.456 27.421 27.476 27.431 27.376 27.056 26.693 26.773 26.503 26.332 26.202 26.023 26.105 26.317 26.308 26.078 26.203 26.456 26.871 27.608 27.953 28.033 27.956 27.941 27.918 27.918 27.883 27.868 27.881 27.973 28.038 28.058 28.123 28.121 28.193 28.228
