LIDAR/se2885_DTM_2M.asc
ncols 500
nrows 500
xllcorner    428000
yllcorner    485000
cellsize     2
NODATA_value -9999
[rows 0 to 31 of 500, columns 144 to 215 of 500]
29.375 29.297 29.25 29.225 29.18 29.122 29.127 29.1 29.047 29.032 28.975 28.96 28.94 28.942 28.89 28.857 28.835 28.797 28.767 28.75 28.692 28.65 28.642 28.627 28.612 28.627 28.615 28.54 28.515 28.51 28.447 28.427 28.385 28.345 28.312 28.277 28.28 28.28 28.277 28.235 28.202 28.227 28.232 28.24 28.27 28.242 28.265 28.312 28.282 28.24 28.282 28.27 28.342 28.392 28.402 28.495 28.545 28.592 28.66 28.685 28.687 28.78 28.837 28.872 28.895 28.927 28.98 28.99 29.045 29.102 29.09 29.085
29.397 29.365 29.295 29.27 29.2 29.162 29.152 29.112 29.027 29.032 29.02 28.975 28.942 28.917 28.932 28.93 28.877 28.832 28.81 28.785 28.747 28.735 28.687 28.682 28.657 28.595 28.567 28.545 28.487 28.47 28.437 28.402 28.325 28.25 28.3 28.307 28.235 28.21 28.277 28.23 28.197 28.182 28.205 28.2 28.267 28.26 28.27 28.275 28.267 28.267 28.315 28.307 28.297 28.347 28.375 28.442 28.502 28.547 28.607 28.617 28.687 28.737 28.767 28.857 28.915 28.957 29.007 28.987 29.065 29.085 29.1 29.105
29.417 29.382 29.325 29.317 29.262 29.227 29.205 29.175 29.087 29.055 29.042 29.022 28.987 28.952 28.927 28.932 28.895 28.857 28.83 28.807 28.805 28.775 28.747 28.715 28.632 28.595 28.592 28.527 28.45 28.45 28.402 28.365 28.335 28.252 28.242 28.285 28.222 28.202 28.187 28.217 28.195 28.247 28.215 28.22 28.24 28.207 28.27 28.232 28.26 28.247 28.23 28.237 28.28 28.332 28.337 28.377 28.44 28.512 28.55 28.577 28.67 28.705 28.757 28.86 28.93 28.975 29.01 29.072 29.08 29.127 29.107 29.16
29.48 29.37 29.355 29.365 29.302 29.29 29.24 29.185 29.162 29.15 29.087 29.055 29.022 28.985 28.952 28.932 28.937 28.915 28.867 28.835 28.812 28.817 28.785 28.725 28.637 28.592 28.547 28.502 28.432 28.415 28.36 28.31 28.31 28.25 28.24 28.242 28.247 28.2 28.222 28.22 28.17 28.22 28.235 28.187 28.187 28.17 28.212 28.162 28.16 28.212 28.24 28.23 28.24 28.307 28.357 28.375 28.437 28.44 28.525 28.582 28.632 28.705 28.79 28.89 28.96 29.002 29.077 29.132 29.157 29.16 29.15 29.195
29.545 29.47 29.412 29.402 29.35 29.35 29.315 29.225 29.205 29.157 29.122 29.077 29.067 29.002 28.995 28.992 28.972 28.917 28.857 28.845 28.81 28.785 28.757 28.732 28.68 28.61 28.537 28.49 28.427 28.382 28.352 28.3 28.257 28.257 28.232 28.212 28.207 28.145 28.157 28.185 28.197 28.197 28.19 28.197 28.172 28.19 28.197 28.175 28.15 28.202 28.215 28.245 28.262 28.302 28.335 28.38 28.415 28.412 28.517 28.537 28.65 28.72 28.83 28.875 28.955 29.025 29.14 29.172 29.162 29.172 29.185 29.195
29.57 29.54 29.472 29.477 29.42 29.392 29.315 29.255 29.212 29.217 29.165 29.122 29.102 29.027 29 28.977 28.96 28.902 28.862 28.842 28.797 28.777 28.745 28.727 28.645 28.597 28.525 28.477 28.407 28.337 28.305 28.265 28.26 28.245 28.215 28.185 28.185 28.155 28.16 28.157 28.14 28.14 28.137 28.167 28.16 28.145 28.127 28.145 28.182 28.212 28.217 28.272 28.305 28.315 28.327 28.385 28.425 28.477 28.542 28.592 28.615 28.73 28.862 28.935 29.025 29.102 29.155 29.197 29.21 29.24 29.22 29.252
29.627 29.595 29.547 29.502 29.477 29.4 29.345 29.317 29.25 29.212 29.19 29.175 29.155 29.065 29.065 29.002 28.96 28.927 28.857 28.887 28.805 28.77 28.757 28.697 28.612 28.555 28.49 28.452 28.405 28.357 28.32 28.29 28.262 28.215 28.19 28.17 28.155 28.11 28.082 28.132 28.127 28.115 28.127 28.13 28.105 28.087 28.125 28.17 28.195 28.275 28.235 28.295 28.292 28.31 28.39 28.422 28.47 28.495 28.532 28.602 28.65 28.76 28.897 28.962 29.095 29.115 29.165 29.217 29.235 29.302 29.317 29.315
29.667 29.632 29.577 29.552 29.49 29.44 29.425 29.37 29.31 29.265 29.22 29.245 29.15 29.102 29.077 29.02 28.992 28.945 28.855 28.872 28.835 28.777 28.71 28.655 28.627 28.525 28.51 28.457 28.4 28.41 28.355 28.285 28.202 28.205 28.2 28.162 28.097 28.117 28.07 28.09 28.107 28.087 28.095 28.105 28.127 28.135 28.177 28.24 28.242 28.28 28.28 28.282 28.342 28.377 28.4 28.455 28.47 28.532 28.58 28.637 28.69 28.78 28.895 28.95 29.077 29.1 29.13 29.205 29.247 29.26 29.282 29.33
29.715 29.64 29.617 29.617 29.557 29.5 29.435 29.422 29.347 29.265 29.257 29.217 29.162 29.157 29.107 29.052 29 28.972 28.877 28.867 28.817 28.762 28.667 28.637 28.542 28.51 28.485 28.46 28.395 28.38 28.312 28.262 28.237 28.2 28.15 28.117 28.077 28.075 28.072 28.062 28.09 28.105 28.11 28.105 28.137 28.195 28.215 28.235 28.282 28.295 28.29 28.32 28.412 28.432 28.437 28.457 28.445 28.472 28.522 28.652 28.715 28.825 28.862 28.937 29.025 29.112 29.157 29.2 29.252 29.247 29.275 29.307
29.72 29.692 29.67 29.602 29.58 29.525 29.502 29.462 29.417 29.34 29.28 29.292 29.242 29.207 29.162 29.102 29.04 28.97 28.895 28.877 28.8 28.752 28.66 28.597 28.582 28.515 28.505 28.427 28.335 28.385 28.327 28.255 28.215 28.187 28.162 28.147 28.115 28.105 28.105 28.092 28.12 28.117 28.122 28.127 28.187 28.24 28.257 28.277 28.32 28.342 28.37 28.347 28.37 28.387 28.42 28.46 28.48 28.515 28.605 28.647 28.71 28.772 28.895 28.897 28.962 29.045 29.132 29.17 29.197 29.225 29.287 29.362
29.74 29.702 29.712 29.662 29.607 29.567 29.507 29.487 29.45 29.42 29.34 29.327 29.267 29.235 29.17 29.135 29.075 29.02 28.922 28.877 28.817 28.79 28.69 28.607 28.55 28.477 28.455 28.435 28.382 28.372 28.3 28.275 28.202 28.215 28.187 28.172 28.12 28.15 28.145 28.165 28.165 28.162 28.157 28.217 28.28 28.285 28.312 28.327 28.375 28.37 28.377 28.397 28.457 28.435 28.432 28.49 28.56 28.552 28.592 28.617 28.692 28.752 28.81 28.875 28.93 28.995 29.102 29.15 29.182 29.247 29.295 29.305
29.742 29.72 29.707 29.652 29.647 29.577 29.555 29.547 29.52 29.445 29.42 29.385 29.35 29.28 29.21 29.175 29.127 29.025 28.965 28.955 28.885 28.805 28.707 28.64 28.585 28.5 28.442 28.435 28.387 28.35 28.317 28.302 28.26 28.252 28.242 28.235 28.192 28.21 28.207 28.19 28.205 28.235 28.262 28.29 28.34 28.355 28.385 28.405 28.417 28.38 28.392 28.425 28.462 28.45 28.48 28.505 28.517 28.532 28.56 28.597 28.635 28.705 28.787 28.837 28.92 28.982 29.027 29.107 29.177 29.215 29.27 29.312
29.795 29.755 29.752 29.685 29.692 29.66 29.627 29.602 29.547 29.495 29.455 29.417 29.367 29.305 29.265 29.202 29.115 29.062 28.99 28.917 28.827 28.77 28.717 28.642 28.605 28.507 28.475 28.442 28.415 28.357 28.33 28.33 28.33 28.32 28.307 28.275 28.267 28.272 28.24 28.207 28.195 28.282 28.282 28.335 28.377 28.402 28.43 28.415 28.435 28.44 28.42 28.447 28.457 28.475 28.487 28.502 28.492 28.472 28.525 28.597 28.575 28.687 28.757 28.852 28.862 28.917 28.962 29.042 29.072 29.135 29.245 29.29
29.8 29.787 29.76 29.725 29.675 29.715 29.707 29.67 29.635 29.51 29.49 29.437 29.395 29.367 29.31 29.24 29.155 29.11 29.022 28.9 28.88 28.785 28.702 28.66 28.607 28.535 28.53 28.485 28.46 28.407 28.382 28.37 28.355 28.357 28.375 28.35 28.337 28.322 28.297 28.262 28.287 28.312 28.36 28.432 28.447 28.427 28.432 28.407 28.4 28.432 28.422 28.447 28.462 28.502 28.487 28.485 28.495 28.475 28.537 28.58 28.557 28.61 28.692 28.747 28.795 28.837 28.905 28.992 29.062 29.115 29.192 29.222
29.842 29.862 29.81 29.812 29.802 29.787 29.77 29.695 29.68 29.6 29.542 29.472 29.442 29.37 29.297 29.23 29.187 29.092 29.025 28.925 28.902 28.812 28.715 28.66 28.65 28.56 28.535 28.532 28.467 28.465 28.44 28.427 28.42 28.397 28.392 28.387 28.322 28.322 28.325 28.337 28.352 28.375 28.425 28.42 28.412 28.422 28.442 28.457 28.44 28.435 28.447 28.472 28.472 28.522 28.48 28.485 28.435 28.465 28.48 28.505 28.522 28.567 28.627 28.675 28.72 28.84 28.89 28.957 29.04 29.04 29.145 29.19
29.95 29.897 29.897 29.94 29.877 29.837 29.8 29.782 29.735 29.635 29.567 29.495 29.445 29.362 29.29 29.247 29.165 29.117 29.08 28.987 28.917 28.89 28.78 28.692 28.672 28.63 28.562 28.567 28.527 28.505 28.517 28.477 28.485 28.48 28.43 28.397 28.355 28.37 28.392 28.387 28.345 28.4 28.435 28.455 28.457 28.42 28.437 28.46 28.437 28.425 28.432 28.49 28.497 28.52 28.552 28.487 28.427 28.445 28.455 28.447 28.51 28.515 28.605 28.645 28.695 28.765 28.825 28.907 28.975 29.042 29.1 29.1
30.01 29.975 29.977 29.962 29.892 29.85 29.857 29.797 29.732 29.675 29.655 29.515 29.465 29.407 29.33 29.275 29.217 29.135 29.05 29.037 28.98 28.902 28.825 28.772 28.707 28.687 28.632 28.577 28.597 28.552 28.53 28.52 28.537 28.49 28.457 28.43 28.447 28.385 28.407 28.407 28.385 28.397 28.422 28.422 28.467 28.442 28.467 28.452 28.457 28.442 28.472 28.48 28.462 28.485 28.537 28.487 28.457 28.45 28.45 28.445 28.472 28.49 28.527 28.547 28.64 28.71 28.775 28.865 28.907 28.935 29 29.042
30.047 29.987 29.997 29.945 29.907 29.937 29.907 29.787 29.727 29.68 29.622 29.552 29.5 29.45 29.37 29.285 29.247 29.16 29.102 29.075 29.017 28.94 28.88 28.79 28.757 28.72 28.645 28.597 28.59 28.612 28.597 28.602 28.572 28.527 28.517 28.48 28.507 28.415 28.402 28.37 28.37 28.415 28.422 28.467 28.475 28.455 28.457 28.49 28.497 28.49 28.482 28.467 28.485 28.47 28.467 28.517 28.472 28.457 28.43 28.437 28.41 28.435 28.482 28.527 28.622 28.657 28.69 28.795 28.847 28.902 28.942 29.005
30.047 30.027 29.977 29.95 29.97 29.95 29.9 29.84 29.757 29.7 29.667 29.61 29.53 29.452 29.372 29.345 29.255 29.205 29.132 29.082 29.03 28.952 28.932 28.84 28.782 28.78 28.692 28.64 28.63 28.66 28.65 28.587 28.54 28.552 28.495 28.475 28.462 28.437 28.415 28.392 28.405 28.425 28.412 28.487 28.455 28.472 28.452 28.482 28.49 28.53 28.505 28.477 28.465 28.47 28.48 28.447 28.427 28.405 28.375 28.36 28.365 28.395 28.422 28.527 28.555 28.615 28.667 28.7 28.712 28.825 28.882 28.945
30.062 30.067 30.027 30.01 30 29.947 29.895 29.855 29.842 29.74 29.667 29.617 29.587 29.497 29.437 29.382 29.317 29.225 29.192 29.102 29.042 29.022 28.96 28.887 28.817 28.81 28.752 28.74 28.737 28.707 28.672 28.615 28.602 28.575 28.505 28.46 28.485 28.48 28.425 28.435 28.44 28.437 28.442 28.435 28.447 28.455 28.427 28.435 28.48 28.507 28.517 28.517 28.465 28.457 28.475 28.447 28.427 28.43 28.402 28.375 28.382 28.427 28.435 28.475 28.49 28.542 28.615 28.612 28.665 28.762 28.825 28.89
30.1 30.11 30.062 30.037 30 29.99 29.955 29.897 29.87 29.822 29.755 29.695 29.61 29.545 29.505 29.422 29.33 29.282 29.202 29.135 29.1 29.03 28.972 28.917 28.9 28.85 28.81 28.755 28.75 28.722 28.702 28.652 28.642 28.575 28.522 28.482 28.475 28.46 28.465 28.455 28.415 28.455 28.422 28.427 28.447 28.45 28.455 28.45 28.48 28.482 28.485 28.535 28.52 28.457 28.412 28.42 28.42 28.437 28.432 28.407 28.397 28.385 28.365 28.44 28.47 28.497 28.532 28.625 28.717 28.772 28.777 28.82
30.155 30.15 30.127 30.085 30.017 29.987 29.982 29.952 29.882 29.825 29.79 29.712 29.612 29.55 29.517 29.435 29.38 29.315 29.247 29.207 29.13 29.1 29.02 28.947 28.91 28.845 28.807 28.802 28.805 28.792 28.762 28.67 28.667 28.592 28.51 28.502 28.487 28.497 28.475 28.432 28.432 28.445 28.465 28.482 28.502 28.487 28.435 28.452 28.51 28.507 28.527 28.53 28.505 28.492 28.477 28.405 28.407 28.417 28.405 28.397 28.307 28.362 28.365 28.445 28.45 28.497 28.54 28.605 28.685 28.722 28.747 28.8
30.182 30.195 30.162 30.127 30.052 30 29.995 29.942 29.875 29.805 29.77 29.695 29.647 29.585 29.577 29.497 29.432 29.347 29.31 29.267 29.185 29.127 29.037 29.012 28.96 28.902 28.945 28.867 28.86 28.8 28.76 28.72 28.655 28.645 28.562 28.537 28.527 28.51 28.435 28.467 28.487 28.49 28.492 28.485 28.437 28.462 28.487 28.487 28.457 28.497 28.515 28.487 28.482 28.49 28.485 28.437 28.455 28.42 28.372 28.36 28.335 28.33 28.35 28.395 28.395 28.47 28.507 28.545 28.562 28.652 28.692 28.76
30.212 30.195 30.142 30.152 30.082 30.027 29.997 29.957 29.895 29.842 29.772 29.735 29.692 29.647 29.607 29.537 29.5 29.385 29.357 29.302 29.247 29.145 29.077 29.025 28.995 28.937 28.95 28.895 28.867 28.797 28.797 28.742 28.68 28.617 28.58 28.605 28.567 28.472 28.467 28.507 28.452 28.47 28.462 28.475 28.435 28.432 28.465 28.485 28.49 28.51 28.497 28.512 28.482 28.467 28.455 28.452 28.447 28.412 28.41 28.4 28.342 28.317 28.34 28.295 28.395 28.41 28.445 28.522 28.565 28.607 28.665 28.727
30.192 30.187 30.155 30.12 30.062 30.02 29.997 29.97 29.927 29.88 29.797 29.777 29.76 29.697 29.647 29.585 29.562 29.452 29.405 29.352 29.332 29.19 29.145 29.09 29.065 29.02 28.945 28.952 28.93 28.862 28.8 28.742 28.69 28.655 28.632 28.615 28.562 28.475 28.482 28.502 28.472 28.462 28.437 28.442 28.462 28.455 28.46 28.462 28.515 28.497 28.495 28.52 28.525 28.512 28.492 28.45 28.492 28.437 28.407 28.402 28.285 28.327 28.317 28.325 28.377 28.405 28.455 28.517 28.545 28.6 28.605 28.617
30.202 30.185 30.13 30.11 30.112 30.055 30.025 29.997 29.887 29.915 29.855 29.805 29.792 29.765 29.702 29.65 29.625 29.502 29.447 29.405 29.357 29.247 29.215 29.147 29.122 29.067 29.047 28.987 28.99 28.9 28.842 28.77 28.7 28.707 28.607 28.607 28.55 28.537 28.505 28.46 28.5 28.475 28.467 28.465 28.505 28.465 28.462 28.467 28.472 28.535 28.525 28.54 28.557 28.565 28.512 28.46 28.452 28.447 28.415 28.42 28.372 28.335 28.335 28.347 28.372 28.385 28.4 28.442 28.437 28.512 28.5 28.625
30.2 30.207 30.187 30.147 30.137 30.065 30.012 30.015 29.945 29.905 29.89 29.84 29.82 29.822 29.765 29.7 29.635 29.595 29.5 29.427 29.367 29.272 29.24 29.195 29.13 29.095 29.087 29.007 29.007 28.937 28.907 28.82 28.767 28.7 28.61 28.637 28.61 28.55 28.55 28.485 28.48 28.487 28.47 28.492 28.5 28.437 28.455 28.472 28.485 28.542 28.555 28.51 28.535 28.505 28.5 28.477 28.437 28.467 28.45 28.392 28.355 28.362 28.375 28.33 28.35 28.352 28.365 28.397 28.455 28.497 28.53 28.627
30.215 30.215 30.172 30.147 30.122 30.047 30.012 29.995 29.955 29.977 29.96 29.93 29.86 29.872 29.82 29.78 29.737 29.637 29.542 29.47 29.37 29.307 29.27 29.217 29.18 29.125 29.097 29.067 28.995 29.002 28.907 28.835 28.787 28.722 28.637 28.625 28.612 28.577 28.545 28.54 28.507 28.517 28.5 28.477 28.455 28.427 28.447 28.5 28.49 28.502 28.52 28.552 28.52 28.495 28.497 28.495 28.51 28.462 28.437 28.392 28.395 28.36 28.35 28.362 28.382 28.342 28.345 28.39 28.412 28.442 28.522 28.572
30.217 30.212 30.147 30.135 30.107 30.022 30.025 30.05 30.04 30.025 30 29.987 29.922 29.932 29.902 29.842 29.717 29.635 29.587 29.49 29.385 29.335 29.272 29.285 29.242 29.165 29.145 29.08 29.027 29 28.945 28.86 28.767 28.735 28.652 28.645 28.632 28.62 28.572 28.592 28.57 28.522 28.545 28.535 28.48 28.46 28.43 28.457 28.48 28.49 28.527 28.515 28.49 28.507 28.527 28.55 28.502 28.47 28.46 28.437 28.432 28.425 28.385 28.36 28.337 28.335 28.32 28.337 28.385 28.415 28.485 28.522
30.2 30.16 30.14 30.077 30.06 30.035 30.025 30.045 30.045 30.045 30.037 29.98 30.03 29.977 29.935 29.867 29.762 29.72 29.657 29.525 29.47 29.412 29.355 29.302 29.25 29.217 29.19 29.132 29.072 29.007 28.96 28.89 28.79 28.747 28.675 28.66 28.687 28.672 28.637 28.657 28.622 28.577 28.582 28.54 28.497 28.5 28.442 28.492 28.497 28.505 28.55 28.537 28.525 28.545 28.517 28.52 28.51 28.465 28.45 28.445 28.397 28.35 28.342 28.322 28.35 28.345 28.33 28.332 28.35 28.395 28.45 28.485
30.177 30.155 30.145 30.107 30.05 30.032 30.045 30.065 30.075 30.112 30.075 30.027 30.055 30.015 29.98 29.897 29.837 29.78 29.687 29.615 29.525 29.437 29.41 29.367 29.337 29.285 29.252 29.187 29.12 29.055 28.977 28.905 28.847 28.78 28.752 28.722 28.695 28.69 28.667 28.677 28.65 28.59 28.577 28.545 28.51 28.505 28.5 28.54 28.535 28.56 28.552 28.557 28.575 28.582 28.557 28.502 28.497 28.515 28.467 28.497 28.432 28.41 28.372 28.35 28.315 28.302 28.325 28.332 28.35 28.42 28.435 28.47
30.095 30.08 30.08 30.097 30.09 30.05 30.087 30.087 30.125 30.155 30.142 30.11 30.112 30.062 30.002 29.955 29.887 29.787 29.677 29.64 29.557 29.48 29.415 29.422 29.38 29.36 29.315 29.2 29.165 29.105 29.025 28.947 28.875 28.837 28.812 28.722 28.717 28.692 28.67 28.66 28.625 28.59 28.565 28.552 28.54 28.522 28.515 28.552 28.567 28.56 28.567 28.602 28.585 28.645 28.575 28.54 28.487 28.52 28.5 28.482 28.43 28.43 28.365 28.362 28.36 28.327 28.327 28.37 28.377 28.392 28.427 28.435
