LIDAR/se2888_DTM_2M.asc
ncols 500
nrows 500
xllcorner    428000
yllcorner    488000
cellsize     2
NODATA_value -9999
[rows 448 to 479 of 500, columns 284 to 354 of 500]
29.307 29.209 29.112 28.987 28.879 28.829 28.764 28.669 28.649 28.579 28.514 28.452 28.384 28.352 28.309 28.237 28.196 28.161 28.104 28.036 27.994 27.966 27.911 27.871 27.851 27.759 27.729 27.681 27.711 27.726 27.731 27.759 27.784 27.826 27.824 27.879 27.911 27.839 27.821 27.769 27.711 27.671 27.739 27.741 27.706 27.726 27.769 27.826 27.894 27.934 27.909 27.809 27.346 26.134 26.129 26.301 26.924 27.519 27.551 27.481 27.416 27.404 27.424 27.504 27.571 27.634 27.804 27.966 28.099 28.221 28.351
29.284 29.189 29.129 29.042 28.879 28.852 28.804 28.689 28.629 28.557 28.497 28.467 28.399 28.319 28.237 28.212 28.186 28.181 28.134 28.084 27.994 27.976 27.896 27.846 27.809 27.769 27.744 27.726 27.714 27.699 27.761 27.784 27.811 27.836 27.914 27.916 27.921 27.886 27.861 27.836 27.754 27.724 27.744 27.761 27.724 27.736 27.756 27.824 27.886 27.906 27.901 28.026 27.846 26.384 26.104 26.169 26.811 27.516 27.594 27.504 27.486 27.434 27.434 27.481 27.519 27.644 27.734 27.871 28.001 28.156 28.249
29.329 29.217 29.102 29.044 28.947 28.817 28.792 28.689 28.652 28.569 28.502 28.462 28.372 28.329 28.267 28.179 28.187 28.169 28.142 28.092 28.029 27.984 27.929 27.847 27.832 27.799 27.742 27.732 27.749 27.697 27.757 27.779 27.819 27.849 27.929 27.919 27.942 27.942 27.889 27.889 27.827 27.752 27.719 27.762 27.759 27.767 27.769 27.809 27.844 27.909 27.952 27.982 28.039 26.934 26.124 26.157 26.592 27.449 27.632 27.552 27.517 27.484 27.459 27.469 27.492 27.592 27.689 27.849 27.947 28.059 28.179
29.339 29.252 29.109 29.029 28.944 28.842 28.759 28.692 28.644 28.549 28.494 28.467 28.384 28.304 28.272 28.172 28.159 28.142 28.104 28.092 28.022 27.972 27.934 27.869 27.827 27.809 27.769 27.747 27.732 27.729 27.742 27.754 27.794 27.879 27.889 27.912 27.927 27.944 27.907 27.882 27.847 27.767 27.697 27.769 27.792 27.784 27.789 27.797 27.857 27.942 27.939 27.967 28.047 27.539 26.187 26.194 26.519 27.534 27.594 27.557 27.549 27.504 27.459 27.484 27.509 27.642 27.697 27.784 27.889 27.994 28.119
29.352 29.259 29.104 29.039 28.952 28.854 28.764 28.684 28.617 28.552 28.464 28.417 28.337 28.257 28.234 28.202 28.147 28.124 28.089 28.047 28.007 27.972 27.907 27.869 27.847 27.807 27.749 27.724 27.717 27.722 27.724 27.719 27.757 27.852 27.877 27.889 27.924 27.939 27.929 27.894 27.867 27.817 27.727 27.787 27.809 27.857 27.794 27.794 27.847 27.947 27.962 27.962 27.989 27.914 26.617 26.322 26.334 26.789 27.277 27.582 27.587 27.569 27.514 27.522 27.522 27.577 27.602 27.727 27.864 27.904 28.004
29.382 29.309 29.212 29.077 28.979 28.897 28.772 28.679 28.624 28.567 28.474 28.404 28.327 28.252 28.224 28.157 28.127 28.097 28.067 28.057 28.009 27.932 27.889 27.847 27.829 27.789 27.762 27.744 27.709 27.697 27.702 27.717 27.724 27.774 27.812 27.827 27.867 27.897 27.927 27.907 27.899 27.867 27.794 27.779 27.799 27.809 27.779 27.762 27.822 27.869 27.924 27.949 27.909 28.017 27.327 26.454 26.397 26.467 27.057 27.559 27.572 27.597 27.574 27.522 27.507 27.547 27.597 27.669 27.784 27.794 27.912
29.397 29.289 29.224 29.084 28.992 28.887 28.834 28.692 28.647 28.567 28.512 28.424 28.339 28.264 28.224 28.162 28.114 28.067 28.009 28.019 27.979 27.927 27.887 27.849 27.809 27.784 27.769 27.752 27.679 27.684 27.707 27.707 27.707 27.727 27.782 27.782 27.824 27.844 27.884 27.914 27.899 27.864 27.754 27.769 27.797 27.807 27.794 27.784 27.809 27.849 27.922 27.959 27.939 28.049 27.754 26.607 26.347 26.222 26.769 27.394 27.592 27.562 27.547 27.532 27.504 27.537 27.577 27.624 27.724 27.789 27.817
29.422 29.334 29.237 29.119 29.022 28.917 28.844 28.752 28.657 28.534 28.444 28.374 28.307 28.272 28.212 28.127 28.109 28.062 28.052 28.009 27.964 27.932 27.902 27.874 27.802 27.807 27.769 27.769 27.729 27.687 27.669 27.649 27.674 27.677 27.719 27.767 27.762 27.814 27.849 27.897 27.887 27.859 27.799 27.757 27.747 27.794 27.807 27.797 27.809 27.817 27.947 27.954 27.949 28.012 28.032 26.964 26.177 26.207 26.527 27.017 27.512 27.584 27.562 27.557 27.527 27.547 27.552 27.577 27.652 27.707 27.742
29.464 29.359 29.279 29.152 29.044 28.939 28.852 28.789 28.682 28.569 28.442 28.382 28.322 28.262 28.194 28.134 28.089 28.019 28.029 27.969 27.952 27.942 27.912 27.854 27.802 27.794 27.787 27.769 27.722 27.692 27.694 27.652 27.644 27.654 27.662 27.679 27.739 27.807 27.809 27.839 27.839 27.804 27.804 27.764 27.744 27.832 27.822 27.799 27.822 27.809 27.942 27.944 27.969 27.969 28.097 27.419 26.209 26.169 26.314 26.752 27.427 27.624 27.587 27.562 27.534 27.547 27.527 27.539 27.572 27.614 27.702
29.454 29.374 29.287 29.217 29.092 28.999 28.889 28.824 28.717 28.614 28.469 28.399 28.297 28.254 28.174 28.114 28.082 28.054 28.039 27.972 27.957 27.912 27.889 27.844 27.799 27.769 27.779 27.722 27.707 27.712 27.687 27.654 27.644 27.639 27.619 27.634 27.659 27.712 27.739 27.774 27.782 27.827 27.764 27.727 27.692 27.784 27.809 27.812 27.804 27.827 27.912 27.909 27.914 27.962 27.997 27.942 26.634 26.217 26.337 26.752 27.794 27.742 27.579 27.559 27.524 27.502 27.489 27.449 27.477 27.517 27.582
29.532 29.409 29.334 29.252 29.109 29.012 28.924 28.859 28.732 28.629 28.529 28.422 28.302 28.237 28.179 28.122 28.094 28.049 28.012 27.982 27.957 27.907 27.864 27.844 27.819 27.799 27.782 27.747 27.764 27.742 27.714 27.684 27.639 27.642 27.579 27.587 27.634 27.657 27.687 27.727 27.739 27.769 27.727 27.689 27.687 27.702 27.774 27.807 27.819 27.797 27.847 27.897 27.957 27.964 27.939 28.012 27.262 26.289 26.184 26.567 27.774 27.784 27.594 27.544 27.472 27.462 27.424 27.407 27.444 27.497 27.484
29.502 29.417 29.372 29.302 29.202 29.064 28.964 28.894 28.787 28.687 28.567 28.487 28.377 28.247 28.222 28.149 28.107 28.064 28.019 27.982 27.959 27.907 27.867 27.842 27.839 27.797 27.819 27.784 27.769 27.752 27.712 27.689 27.664 27.632 27.577 27.594 27.592 27.624 27.682 27.697 27.714 27.752 27.734 27.704 27.692 27.657 27.742 27.809 27.817 27.787 27.814 27.862 27.924 27.899 27.932 28.004 27.777 26.479 26.154 26.707 27.519 27.529 27.539 27.552 27.474 27.459 27.382 27.334 27.347 27.409 27.484
29.497 29.432 29.377 29.317 29.209 29.117 28.999 28.937 28.814 28.697 28.592 28.512 28.417 28.297 28.242 28.202 28.097 28.044 28.022 27.999 27.947 27.909 27.872 27.854 27.834 27.797 27.767 27.822 27.784 27.774 27.722 27.669 27.654 27.624 27.614 27.614 27.614 27.627 27.674 27.647 27.687 27.687 27.717 27.672 27.682 27.649 27.702 27.797 27.822 27.844 27.779 27.799 27.822 27.882 27.852 27.907 27.872 27.144 26.352 26.287 26.429 26.799 27.389 27.537 27.487 27.424 27.359 27.292 27.264 27.309 27.374
29.504 29.444 29.427 29.359 29.239 29.172 29.072 28.954 28.832 28.722 28.652 28.527 28.422 28.339 28.249 28.204 28.102 28.122 28.022 28.004 27.979 27.944 27.879 27.867 27.849 27.839 27.812 27.809 27.787 27.762 27.724 27.694 27.664 27.649 27.617 27.642 27.602 27.602 27.639 27.622 27.659 27.629 27.649 27.677 27.682 27.637 27.617 27.739 27.774 27.757 27.732 27.772 27.807 27.849 27.837 27.837 27.967 27.664 26.577 26.322 26.182 26.602 27.264 27.572 27.487 27.429 27.327 27.287 27.244 27.244 27.297
29.539 29.454 29.432 29.389 29.257 29.167 29.117 28.992 28.882 28.772 28.669 28.567 28.474 28.402 28.289 28.219 28.157 28.142 28.054 28.019 27.987 27.932 27.889 27.867 27.862 27.837 27.829 27.799 27.774 27.742 27.727 27.717 27.712 27.659 27.622 27.619 27.612 27.619 27.627 27.627 27.649 27.657 27.692 27.649 27.667 27.647 27.612 27.677 27.739 27.727 27.709 27.739 27.787 27.827 27.824 27.837 27.909 27.399 26.732 26.377 26.159 26.309 26.994 27.507 27.494 27.424 27.347 27.244 27.187 27.199 27.252
29.539 29.482 29.419 29.379 29.302 29.202 29.137 29.017 28.902 28.807 28.709 28.604 28.492 28.442 28.357 28.259 28.209 28.159 28.097 28.054 27.997 27.954 27.927 27.894 27.864 27.842 27.844 27.817 27.812 27.774 27.719 27.704 27.707 27.657 27.674 27.657 27.627 27.647 27.639 27.617 27.659 27.679 27.652 27.642 27.654 27.632 27.612 27.652 27.719 27.697 27.707 27.714 27.749 27.797 27.819 27.877 27.839 27.474 27.104 26.637 26.354 26.264 26.822 27.299 27.504 27.489 27.387 27.284 27.189 27.182 27.212
29.572 29.494 29.462 29.392 29.292 29.237 29.152 29.034 28.947 28.849 28.742 28.664 28.549 28.492 28.419 28.312 28.219 28.157 28.107 28.072 27.994 27.959 27.919 27.912 27.869 27.869 27.837 27.802 27.804 27.792 27.732 27.667 27.699 27.647 27.647 27.602 27.604 27.624 27.664 27.637 27.664 27.679 27.687 27.669 27.634 27.627 27.579 27.594 27.677 27.702 27.704 27.737 27.707 27.717 27.809 27.884 27.842 27.894 27.782 26.824 26.397 26.292 26.482 27.089 27.444 27.437 27.387 27.294 27.174 27.172 27.194
29.547 29.502 29.467 29.412 29.302 29.232 29.164 29.062 28.979 28.912 28.799 28.732 28.654 28.529 28.452 28.382 28.317 28.217 28.162 28.107 28.014 27.972 27.949 27.889 27.884 27.849 27.814 27.794 27.789 27.777 27.759 27.687 27.669 27.662 27.639 27.639 27.632 27.637 27.644 27.654 27.664 27.662 27.692 27.712 27.679 27.637 27.627 27.602 27.622 27.697 27.679 27.714 27.689 27.679 27.749 27.837 27.832 27.892 27.904 27.029 26.249 26.224 26.254 26.837 27.337 27.412 27.374 27.344 27.224 27.172 27.157
29.534 29.509 29.499 29.424 29.329 29.239 29.167 29.069 29.012 28.949 28.827 28.754 28.672 28.562 28.469 28.412 28.382 28.262 28.167 28.129 28.059 28.029 27.989 27.932 27.892 27.869 27.877 27.834 27.802 27.792 27.717 27.707 27.694 27.659 27.644 27.659 27.629 27.659 27.649 27.644 27.679 27.644 27.669 27.719 27.694 27.599 27.624 27.627 27.564 27.652 27.687 27.682 27.672 27.644 27.714 27.827 27.837 27.807 27.927 27.734 26.824 26.214 26.222 26.577 27.359 27.429 27.357 27.364 27.299 27.162 27.162
29.567 29.529 29.464 29.422 29.347 29.304 29.229 29.097 29.064 28.979 28.912 28.802 28.719 28.619 28.567 28.452 28.442 28.344 28.232 28.192 28.104 28.039 27.984 27.937 27.914 27.877 27.879 27.824 27.822 27.789 27.704 27.704 27.699 27.667 27.652 27.689 27.672 27.679 27.654 27.644 27.682 27.664 27.659 27.664 27.697 27.647 27.637 27.622 27.582 27.637 27.684 27.674 27.697 27.704 27.687 27.807 27.862 27.832 27.809 27.944 27.619 26.302 26.222 26.557 27.239 27.422 27.354 27.339 27.259 27.194 27.142
29.602 29.537 29.472 29.427 29.324 29.324 29.262 29.149 29.084 29.004 28.902 28.832 28.782 28.694 28.644 28.534 28.459 28.432 28.299 28.207 28.159 28.094 28.047 27.992 27.927 27.899 27.889 27.852 27.779 27.762 27.707 27.722 27.722 27.682 27.654 27.672 27.689 27.684 27.647 27.667 27.644 27.657 27.659 27.664 27.677 27.682 27.644 27.619 27.597 27.592 27.657 27.699 27.714 27.702 27.679 27.739 27.784 27.817 27.804 27.832 27.512 26.539 26.177 26.232 26.697 27.212 27.402 27.357 27.297 27.232 27.202
29.597 29.537 29.469 29.407 29.337 29.277 29.264 29.197 29.109 29.062 28.944 28.862 28.832 28.762 28.684 28.592 28.539 28.479 28.377 28.307 28.219 28.129 28.074 28.014 27.957 27.944 27.899 27.867 27.802 27.762 27.709 27.709 27.677 27.687 27.642 27.647 27.644 27.652 27.619 27.627 27.617 27.609 27.657 27.662 27.679 27.662 27.649 27.594 27.602 27.597 27.612 27.747 27.729 27.689 27.674 27.687 27.747 27.762 27.797 27.812 27.492 27.067 26.162 26.164 26.314 26.849 27.397 27.384 27.327 27.269 27.229
29.609 29.544 29.459 29.402 29.359 29.307 29.237 29.164 29.087 29.037 28.977 28.912 28.842 28.782 28.694 28.619 28.569 28.524 28.427 28.322 28.244 28.167 28.094 28.044 27.999 27.947 27.937 27.897 27.849 27.769 27.739 27.739 27.702 27.702 27.677 27.652 27.659 27.659 27.634 27.629 27.632 27.654 27.642 27.669 27.662 27.619 27.639 27.604 27.597 27.594 27.584 27.702 27.712 27.714 27.697 27.684 27.729 27.772 27.864 27.802 27.822 27.814 26.724 26.099 26.184 26.779 27.382 27.419 27.384 27.334 27.262
29.632 29.549 29.504 29.432 29.392 29.354 29.262 29.167 29.119 29.077 29.029 28.952 28.887 28.829 28.762 28.684 28.612 28.564 28.454 28.367 28.297 28.214 28.139 28.059 27.997 27.952 27.934 27.887 27.824 27.799 27.769 27.717 27.722 27.727 27.712 27.677 27.662 27.669 27.649 27.657 27.647 27.674 27.654 27.649 27.632 27.654 27.654 27.644 27.609 27.639 27.624 27.697 27.749 27.719 27.719 27.677 27.637 27.799 27.844 27.867 27.829 27.872 27.584 26.434 26.209 26.347 26.839 27.329 27.379 27.319 27.279
29.647 29.592 29.512 29.442 29.389 29.327 29.294 29.214 29.177 29.122 29.072 28.997 28.937 28.874 28.832 28.739 28.647 28.587 28.514 28.442 28.347 28.247 28.134 28.084 27.987 27.942 27.907 27.842 27.784 27.779 27.697 27.694 27.717 27.722 27.692 27.662 27.662 27.674 27.652 27.684 27.669 27.659 27.622 27.647 27.649 27.624 27.622 27.637 27.644 27.647 27.627 27.687 27.747 27.762 27.779 27.749 27.634 27.754 27.827 27.864 27.837 27.854 27.892 27.067 26.109 26.157 26.384 27.074 27.397 27.307 27.289
29.682 29.619 29.537 29.474 29.394 29.369 29.297 29.247 29.209 29.162 29.102 29.047 28.984 28.912 28.864 28.789 28.677 28.634 28.564 28.447 28.387 28.307 28.167 28.134 28.062 27.977 27.919 27.849 27.817 27.774 27.739 27.722 27.729 27.724 27.704 27.687 27.709 27.679 27.662 27.667 27.674 27.637 27.617 27.629 27.632 27.607 27.614 27.649 27.687 27.684 27.632 27.664 27.764 27.832 27.809 27.809 27.739 27.767 27.839 27.849 27.849 27.872 27.972 27.319 26.279 26.204 26.297 26.802 27.349 27.334 27.272
29.759 29.639 29.574 29.527 29.439 29.402 29.357 29.282 29.274 29.187 29.142 29.102 29.049 28.979 28.889 28.832 28.767 28.694 28.614 28.494 28.439 28.354 28.232 28.157 28.079 28.012 27.957 27.887 27.864 27.824 27.782 27.767 27.714 27.687 27.704 27.674 27.669 27.672 27.637 27.652 27.674 27.624 27.632 27.634 27.644 27.609 27.647 27.699 27.692 27.687 27.684 27.714 27.787 27.829 27.829 27.849 27.842 27.752 27.829 27.837 27.847 27.837 27.929 27.907 27.042 26.232 26.339 26.569 27.187 27.342 27.297
29.754 29.687 29.622 29.559 29.519 29.474 29.399 29.402 29.349 29.234 29.187 29.169 29.114 29.064 28.974 28.924 28.847 28.779 28.694 28.602 28.489 28.419 28.332 28.197 28.099 28.052 27.994 27.899 27.884 27.839 27.782 27.792 27.734 27.684 27.704 27.692 27.662 27.669 27.652 27.654 27.679 27.667 27.642 27.654 27.629 27.634 27.652 27.727 27.739 27.759 27.767 27.774 27.802 27.877 27.934 27.907 27.862 27.809 27.792 27.857 27.849 27.839 27.914 27.992 27.682 26.422 26.292 26.452 26.874 27.294 27.279
29.772 29.709 29.634 29.632 29.572 29.552 29.487 29.442 29.384 29.309 29.254 29.204 29.169 29.119 29.057 28.992 28.929 28.837 28.714 28.647 28.539 28.472 28.354 28.274 28.169 28.087 28.042 27.999 27.919 27.884 27.819 27.812 27.757 27.732 27.714 27.729 27.667 27.682 27.687 27.664 27.657 27.659 27.674 27.674 27.667 27.674 27.662 27.704 27.739 27.749 27.817 27.869 27.839 27.884 27.932 27.952 27.902 27.897 27.782 27.852 27.877 27.804 27.834 27.959 27.924 26.904 26.182 26.289 26.894 27.274 27.324
29.849 29.804 29.714 29.669 29.639 29.572 29.512 29.487 29.439 29.394 29.349 29.297 29.212 29.182 29.104 29.024 28.957 28.882 28.762 28.687 28.619 28.524 28.392 28.304 28.244 28.147 28.077 28.012 27.964 27.899 27.842 27.812 27.774 27.772 27.732 27.724 27.667 27.694 27.687 27.677 27.652 27.647 27.654 27.672 27.672 27.684 27.717 27.722 27.784 27.832 27.862 27.909 27.914 27.917 27.964 27.997 27.947 27.924 27.842 27.822 27.852 27.782 27.789 27.907 27.929 27.332 26.297 26.109 26.409 26.727 27.177
29.889 29.822 29.774 29.699 29.672 29.634 29.577 29.557 29.492 29.459 29.412 29.349 29.284 29.262 29.159 29.097 29.012 28.934 28.859 28.749 28.639 28.602 28.482 28.399 28.292 28.222 28.139 28.074 28.002 27.949 27.887 27.857 27.857 27.749 27.744 27.734 27.714 27.727 27.704 27.689 27.709 27.702 27.662 27.682 27.689 27.694 27.704 27.747 27.794 27.859 27.932 27.964 27.954 27.974 27.977 28.022 27.959 27.917 27.889 27.807 27.824 27.829 27.782 27.822 27.902 27.914 27.119 25.979 26.094 26.359 27.014
29.964 29.867 29.817 29.779 29.722 29.694 29.657 29.602 29.582 29.574 29.517 29.459 29.379 29.337 29.234 29.157 29.097 28.989 28.937 28.842 28.707 28.657 28.552 28.449 28.359 28.282 28.177 28.132 28.032 27.949 27.887 27.874 27.847 27.777 27.764 27.717 27.729 27.804 27.732 27.717 27.709 27.742 27.752 27.704 27.709 27.739 27.722 27.767 27.829 27.872 27.969 27.992 27.999 27.997 27.969 27.989 27.979 27.944 27.869 27.789 27.794 27.844 27.809 27.802 27.819 27.919 27.617 26.192 25.977 26.497 27.054
