LIDAR/se2888_DTM_2M.asc
ncols 500
nrows 500
xllcorner    428000
yllcorner    488000
cellsize     2
NODATA_value -9999
[rows 352 to 383 of 500, columns 355 to 425 of 500]
27.101 27.571 27.856 27.854 27.721 27.576 27.429 27.254 27.189 27.221 27.226 27.196 27.211 27.226 27.334 27.429 27.534 27.669 27.831 27.994 28.189 28.376 28.451 28.449 28.639 29.041 29.336 29.454 29.489 29.589 29.686 29.736 30.119 30.541 30.794 30.849 30.901 30.969 31.096 31.249 31.469 31.646 31.844 32.021 32.194 32.444 32.641 32.809 33.014 33.189 33.391 33.561 33.704 33.851 34.019 34.139 34.241 34.351 34.446 34.519 34.559 34.624 34.689 34.726 34.734 34.751 34.806 34.811 34.836 34.859 34.916
27.039 27.766 27.911 27.839 27.706 27.566 27.396 27.231 27.174 27.204 27.219 27.226 27.279 27.321 27.401 27.476 27.604 27.699 27.861 28.046 28.244 28.446 28.546 28.619 28.836 29.191 29.409 29.521 29.566 29.656 29.731 29.849 30.491 30.726 30.774 30.821 30.879 30.951 31.064 31.246 31.419 31.629 31.844 32.041 32.229 32.426 32.616 32.816 33.021 33.181 33.349 33.556 33.696 33.851 33.994 34.126 34.261 34.364 34.449 34.506 34.591 34.624 34.679 34.724 34.756 34.771 34.774 34.814 34.839 34.864 34.886
27.316 27.896 27.894 27.809 27.679 27.524 27.316 27.224 27.214 27.179 27.206 27.236 27.331 27.434 27.459 27.581 27.636 27.754 27.871 28.081 28.271 28.514 28.644 28.701 28.999 29.299 29.446 29.511 29.644 29.756 29.751 29.956 30.626 30.701 30.726 30.769 30.859 30.941 31.046 31.236 31.469 31.661 31.849 32.046 32.211 32.459 32.646 32.819 32.999 33.146 33.354 33.529 33.694 33.866 33.986 34.111 34.261 34.361 34.444 34.521 34.594 34.639 34.681 34.724 34.731 34.779 34.764 34.759 34.806 34.856 34.866
27.711 27.974 27.856 27.721 27.626 27.414 27.289 27.231 27.204 27.189 27.219 27.244 27.346 27.469 27.549 27.611 27.714 27.826 27.936 28.136 28.356 28.531 28.634 28.769 29.064 29.356 29.491 29.571 29.676 29.784 29.749 30.284 30.609 30.661 30.701 30.721 30.796 30.929 31.031 31.229 31.456 31.636 31.851 32.049 32.226 32.466 32.629 32.829 33.029 33.196 33.389 33.529 33.701 33.864 33.991 34.124 34.271 34.349 34.454 34.514 34.559 34.619 34.699 34.716 34.751 34.771 34.769 34.801 34.819 34.834 34.871
27.989 27.959 27.796 27.704 27.561 27.364 27.276 27.246 27.201 27.171 27.206 27.276 27.379 27.499 27.559 27.659 27.736 27.846 27.984 28.161 28.394 28.611 28.671 28.809 29.126 29.379 29.526 29.621 29.724 29.771 29.799 30.421 30.616 30.619 30.646 30.701 30.759 30.911 31.094 31.274 31.484 31.671 31.859 32.076 32.266 32.454 32.669 32.864 33.041 33.224 33.389 33.554 33.714 33.851 33.989 34.129 34.249 34.339 34.421 34.479 34.556 34.591 34.664 34.699 34.724 34.749 34.774 34.804 34.836 34.869 34.879
27.996 27.941 27.769 27.631 27.419 27.276 27.249 27.244 27.206 27.221 27.241 27.319 27.429 27.526 27.584 27.704 27.794 27.871 28.011 28.194 28.429 28.689 28.734 28.901 29.256 29.404 29.579 29.644 29.704 29.731 30.034 30.489 30.569 30.591 30.624 30.686 30.781 30.926 31.131 31.324 31.516 31.714 31.869 32.081 32.266 32.459 32.681 32.866 33.036 33.224 33.404 33.569 33.701 33.834 33.969 34.091 34.221 34.294 34.416 34.489 34.529 34.596 34.629 34.669 34.746 34.756 34.761 34.809 34.814 34.836 34.849
27.981 27.864 27.711 27.519 27.306 27.224 27.226 27.236 27.229 27.251 27.261 27.381 27.516 27.601 27.679 27.761 27.834 27.914 28.006 28.246 28.501 28.731 28.756 28.979 29.271 29.461 29.584 29.661 29.751 29.749 30.196 30.484 30.541 30.589 30.609 30.694 30.796 30.949 31.119 31.309 31.514 31.709 31.904 32.079 32.279 32.491 32.666 32.894 33.074 33.244 33.396 33.511 33.686 33.859 33.971 34.059 34.209 34.309 34.366 34.436 34.534 34.604 34.616 34.689 34.731 34.774 34.764 34.779 34.764 34.784 34.831
27.889 27.776 27.621 27.391 27.294 27.199 27.214 27.236 27.256 27.294 27.396 27.536 27.656 27.734 27.774 27.871 27.941 27.984 28.099 28.296 28.589 28.734 28.769 29.026 29.331 29.486 29.594 29.691 29.731 29.734 30.184 30.464 30.536 30.539 30.589 30.656 30.791 30.956 31.166 31.336 31.501 31.714 31.906 32.099 32.281 32.501 32.699 32.889 33.089 33.274 33.401 33.574 33.716 33.824 33.981 34.084 34.201 34.274 34.351 34.421 34.506 34.584 34.639 34.694 34.736 34.764 34.739 34.741 34.754 34.761 34.814
27.821 27.731 27.579 27.329 27.261 27.254 27.251 27.254 27.284 27.399 27.586 27.691 27.766 27.811 27.841 27.916 27.996 28.051 28.156 28.374 28.676 28.744 28.809 29.124 29.384 29.501 29.621 29.704 29.709 29.891 30.269 30.429 30.491 30.459 30.526 30.669 30.809 30.976 31.141 31.321 31.536 31.726 31.939 32.114 32.296 32.494 32.696 32.914 33.091 33.271 33.409 33.574 33.706 33.821 33.954 34.064 34.146 34.266 34.354 34.436 34.499 34.589 34.639 34.684 34.679 34.691 34.699 34.724 34.749 34.771 34.811
27.819 27.641 27.469 27.304 27.254 27.231 27.234 27.301 27.389 27.554 27.666 27.771 27.799 27.884 27.916 27.949 28.019 28.106 28.224 28.454 28.726 28.771 28.876 29.204 29.444 29.549 29.646 29.701 29.709 29.986 30.314 30.436 30.416 30.459 30.531 30.669 30.824 30.999 31.176 31.324 31.509 31.731 31.919 32.121 32.296 32.501 32.721 32.881 33.064 33.256 33.419 33.569 33.699 33.826 33.931 34.044 34.161 34.236 34.321 34.419 34.474 34.554 34.574 34.629 34.646 34.651 34.681 34.704 34.756 34.784 34.811
27.759 27.556 27.401 27.299 27.231 27.209 27.239 27.354 27.486 27.679 27.749 27.819 27.876 27.916 27.984 28.004 28.091 28.159 28.291 28.519 28.764 28.764 28.959 29.271 29.451 29.576 29.681 29.706 29.944 30.199 30.359 30.439 30.411 30.444 30.526 30.661 30.846 31.004 31.176 31.351 31.511 31.724 31.911 32.086 32.301 32.509 32.706 32.886 33.079 33.234 33.414 33.551 33.686 33.831 33.956 34.066 34.154 34.231 34.306 34.386 34.444 34.481 34.539 34.559 34.599 34.659 34.679 34.724 34.759 34.794 34.826
27.679 27.446 27.351 27.281 27.186 27.251 27.304 27.449 27.604 27.714 27.799 27.866 27.921 27.954 27.996 28.004 28.099 28.184 28.341 28.629 28.774 28.794 29.031 29.309 29.489 29.586 29.641 29.684 30.179 30.319 30.356 30.391 30.391 30.434 30.536 30.674 30.841 31.021 31.179 31.341 31.549 31.734 31.931 32.121 32.309 32.499 32.701 32.874 33.059 33.211 33.371 33.554 33.681 33.819 33.959 34.041 34.111 34.194 34.289 34.321 34.384 34.431 34.501 34.504 34.574 34.624 34.701 34.729 34.729 34.796 34.826
27.611 27.394 27.301 27.274 27.236 27.319 27.389 27.534 27.659 27.781 27.869 27.929 27.951 28.011 28.016 28.081 28.109 28.224 28.414 28.701 28.744 28.841 29.104 29.341 29.499 29.594 29.609 29.729 30.204 30.304 30.311 30.364 30.359 30.424 30.539 30.686 30.859 30.989 31.176 31.339 31.504 31.726 31.934 32.151 32.296 32.484 32.689 32.869 33.034 33.226 33.404 33.559 33.689 33.769 33.889 33.966 34.069 34.121 34.211 34.311 34.336 34.379 34.461 34.509 34.584 34.611 34.651 34.716 34.749 34.859 34.939
27.514 27.344 27.309 27.236 27.261 27.346 27.489 27.594 27.724 27.849 27.936 27.964 28.001 28.054 28.066 28.124 28.169 28.306 28.491 28.706 28.759 28.871 29.169 29.374 29.506 29.584 29.591 29.841 30.199 30.279 30.331 30.336 30.364 30.421 30.559 30.684 30.851 31.001 31.189 31.354 31.539 31.734 31.929 32.126 32.309 32.494 32.686 32.871 33.051 33.221 33.384 33.506 33.644 33.731 33.841 33.919 34.034 34.124 34.186 34.276 34.356 34.396 34.474 34.514 34.581 34.629 34.686 34.784 34.809 34.856 34.854
27.394 27.326 27.306 27.216 27.306 27.454 27.539 27.659 27.751 27.854 27.929 27.976 28.029 28.084 28.109 28.161 28.224 28.364 28.571 28.689 28.754 28.946 29.271 29.409 29.526 29.579 29.589 29.939 30.236 30.251 30.279 30.274 30.286 30.419 30.529 30.666 30.826 30.984 31.191 31.361 31.531 31.726 31.924 32.124 32.341 32.506 32.674 32.841 33.009 33.174 33.336 33.486 33.594 33.696 33.801 33.914 34.004 34.104 34.179 34.256 34.321 34.414 34.471 34.519 34.624 34.711 34.751 34.789 34.771 34.771 34.751
27.344 27.324 27.336 27.294 27.414 27.501 27.584 27.684 27.784 27.889 27.966 28.029 28.069 28.121 28.159 28.214 28.304 28.421 28.646 28.706 28.796 29.039 29.344 29.496 29.574 29.591 29.674 30.049 30.221 30.196 30.204 30.194 30.296 30.404 30.571 30.691 30.826 30.991 31.184 31.366 31.539 31.736 31.951 32.086 32.326 32.471 32.616 32.809 32.954 33.079 33.256 33.421 33.536 33.694 33.779 33.911 34.009 34.081 34.151 34.234 34.324 34.416 34.531 34.569 34.654 34.709 34.701 34.704 34.659 34.674 34.684
27.309 27.304 27.291 27.334 27.429 27.504 27.621 27.711 27.809 27.889 27.976 28.049 28.091 28.156 28.214 28.261 28.349 28.501 28.704 28.766 28.854 29.116 29.379 29.486 29.569 29.639 29.846 30.096 30.196 30.196 30.186 30.214 30.294 30.406 30.579 30.696 30.844 30.954 31.166 31.384 31.564 31.734 31.939 32.099 32.284 32.444 32.589 32.759 32.929 33.066 33.199 33.361 33.521 33.666 33.764 33.886 33.966 34.069 34.149 34.229 34.406 34.499 34.554 34.581 34.634 34.606 34.609 34.599 34.611 34.569 34.586
27.304 27.346 27.289 27.361 27.466 27.519 27.651 27.764 27.856 27.924 28.014 28.069 28.096 28.174 28.224 28.321 28.451 28.619 28.771 28.809 28.931 29.186 29.414 29.516 29.606 29.611 29.969 30.124 30.141 30.131 30.121 30.189 30.299 30.416 30.574 30.706 30.831 30.979 31.181 31.344 31.549 31.714 31.881 32.064 32.229 32.414 32.564 32.716 32.886 33.021 33.139 33.296 33.469 33.599 33.731 33.809 33.956 34.106 34.219 34.299 34.406 34.459 34.504 34.491 34.529 34.516 34.491 34.501 34.509 34.551 34.631
27.321 27.331 27.276 27.369 27.441 27.516 27.651 27.801 27.844 27.946 28.006 28.081 28.139 28.236 28.279 28.389 28.526 28.706 28.779 28.846 29.026 29.264 29.399 29.479 29.504 29.731 30.064 30.101 30.069 30.089 30.091 30.179 30.291 30.421 30.591 30.729 30.854 30.996 31.191 31.349 31.511 31.659 31.836 32.006 32.166 32.326 32.514 32.654 32.824 32.991 33.124 33.284 33.421 33.566 33.721 33.846 34.006 34.129 34.211 34.301 34.324 34.359 34.391 34.401 34.379 34.364 34.386 34.471 34.501 34.614 34.696
27.306 27.311 27.311 27.366 27.439 27.556 27.684 27.811 27.859 27.954 28.036 28.109 28.171 28.271 28.346 28.456 28.624 28.746 28.799 28.886 29.089 29.289 29.421 29.419 29.581 29.849 30.056 30.086 30.041 30.019 30.076 30.196 30.284 30.409 30.559 30.744 30.859 31.021 31.146 31.326 31.471 31.604 31.759 31.969 32.139 32.301 32.484 32.624 32.786 32.951 33.094 33.254 33.371 33.571 33.749 33.886 33.954 34.081 34.136 34.201 34.251 34.271 34.259 34.261 34.294 34.336 34.459 34.514 34.526 34.624 34.651
27.329 27.329 27.366 27.436 27.496 27.611 27.711 27.839 27.894 27.939 28.069 28.156 28.229 28.329 28.424 28.541 28.719 28.759 28.794 28.966 29.156 29.361 29.426 29.434 29.784 29.986 30.004 29.999 29.964 29.969 30.064 30.179 30.266 30.429 30.579 30.724 30.871 30.986 31.126 31.274 31.429 31.579 31.739 31.939 32.104 32.279 32.441 32.606 32.761 32.941 33.116 33.276 33.364 33.514 33.654 33.816 33.899 33.999 34.049 34.086 34.146 34.099 34.161 34.204 34.319 34.391 34.476 34.539 34.539 34.581 34.616
27.341 27.341 27.394 27.439 27.559 27.656 27.766 27.864 27.964 28.009 28.089 28.166 28.264 28.361 28.534 28.684 28.784 28.761 28.836 29.059 29.246 29.426 29.409 29.551 29.849 29.951 29.986 29.949 29.939 29.966 30.059 30.176 30.304 30.446 30.556 30.709 30.849 30.954 31.084 31.251 31.401 31.539 31.739 31.906 32.081 32.224 32.381 32.594 32.771 32.944 33.086 33.146 33.289 33.471 33.599 33.739 33.839 33.889 33.916 33.986 34.031 34.116 34.224 34.286 34.344 34.371 34.431 34.479 34.529 34.561 34.606
27.349 27.314 27.391 27.429 27.569 27.716 27.829 27.919 27.999 28.039 28.131 28.211 28.304 28.416 28.654 28.799 28.784 28.776 28.916 29.156 29.381 29.401 29.471 29.691 29.861 29.931 29.896 29.859 29.879 29.971 30.094 30.184 30.284 30.404 30.529 30.646 30.829 30.939 31.091 31.241 31.374 31.531 31.701 31.849 32.059 32.249 32.366 32.581 32.736 32.869 32.979 33.121 33.286 33.421 33.541 33.621 33.704 33.781 33.914 34.014 34.124 34.189 34.241 34.296 34.316 34.359 34.379 34.436 34.464 34.494 34.536
27.306 27.299 27.384 27.436 27.584 27.739 27.854 27.949 28.029 28.076 28.156 28.226 28.346 28.509 28.731 28.754 28.696 28.821 29.031 29.251 29.371 29.334 29.529 29.769 29.864 29.871 29.819 29.821 29.879 29.961 30.054 30.126 30.241 30.399 30.511 30.644 30.786 30.914 31.071 31.189 31.354 31.509 31.731 31.851 32.076 32.216 32.364 32.566 32.656 32.851 32.999 33.146 33.274 33.329 33.449 33.531 33.681 33.849 33.976 34.079 34.159 34.171 34.204 34.239 34.276 34.296 34.334 34.406 34.429 34.481 34.536
27.339 27.316 27.406 27.476 27.614 27.764 27.849 27.979 28.041 28.129 28.224 28.314 28.401 28.611 28.739 28.654 28.709 28.931 29.141 29.314 29.309 29.496 29.664 29.759 29.776 29.771 29.734 29.754 29.836 29.899 30.029 30.106 30.224 30.359 30.504 30.601 30.759 30.901 31.071 31.211 31.404 31.529 31.679 31.861 32.119 32.216 32.414 32.571 32.726 32.874 32.999 33.119 33.211 33.289 33.451 33.589 33.764 33.894 33.969 34.051 34.121 34.146 34.146 34.191 34.261 34.264 34.296 34.359 34.409 34.446 34.489
27.326 27.369 27.424 27.486 27.619 27.766 27.894 27.976 28.036 28.131 28.244 28.351 28.524 28.689 28.721 28.669 28.821 29.071 29.239 29.266 29.339 29.616 29.751 29.726 29.714 29.681 29.666 29.729 29.819 29.884 30.009 30.114 30.214 30.329 30.464 30.566 30.736 30.954 31.116 31.239 31.404 31.576 31.776 31.954 32.131 32.269 32.451 32.629 32.736 32.879 33.004 33.146 33.244 33.356 33.491 33.629 33.734 33.836 33.919 34.011 34.046 34.124 34.134 34.189 34.239 34.241 34.271 34.334 34.414 34.409 34.459
27.336 27.349 27.421 27.494 27.651 27.791 27.924 28.009 28.084 28.179 28.276 28.439 28.644 28.711 28.654 28.721 28.969 29.196 29.266 29.284 29.471 29.756 29.691 29.629 29.659 29.654 29.701 29.784 29.854 29.909 30.004 30.094 30.186 30.319 30.464 30.609 30.764 30.894 31.076 31.294 31.501 31.666 31.816 31.984 32.169 32.321 32.426 32.581 32.766 32.924 33.069 33.211 33.261 33.379 33.484 33.569 33.676 33.754 33.851 33.951 34.024 34.074 34.126 34.166 34.196 34.226 34.271 34.299 34.336 34.386 34.434
27.339 27.374 27.449 27.524 27.659 27.821 27.951 28.029 28.104 28.201 28.341 28.556 28.684 28.654 28.671 28.849 29.121 29.249 29.231 29.331 29.556 29.646 29.601 29.544 29.586 29.684 29.789 29.806 29.834 29.909 29.999 30.094 30.234 30.341 30.474 30.636 30.761 30.954 31.184 31.351 31.526 31.711 31.854 32.049 32.191 32.354 32.484 32.674 32.826 32.976 33.124 33.191 33.259 33.366 33.436 33.511 33.621 33.704 33.809 33.891 33.984 34.046 34.104 34.144 34.161 34.181 34.219 34.254 34.321 34.374 34.399
27.311 27.351 27.416 27.536 27.689 27.836 27.971 28.049 28.146 28.249 28.461 28.651 28.669 28.626 28.791 29.031 29.219 29.259 29.311 29.586 29.629 29.536 29.509 29.544 29.614 29.706 29.719 29.759 29.834 29.909 29.956 30.111 30.249 30.401 30.576 30.741 30.884 31.066 31.251 31.419 31.609 31.746 31.931 32.116 32.254 32.431 32.569 32.714 32.851 33.001 33.126 33.211 33.261 33.351 33.414 33.509 33.556 33.654 33.724 33.834 33.929 34.006 34.059 34.074 34.131 34.136 34.216 34.236 34.301 34.344 34.371
27.316 27.336 27.419 27.534 27.754 27.876 27.986 28.094 28.199 28.366 28.564 28.659 28.634 28.666 28.929 29.104 29.214 29.214 29.449 29.641 29.514 29.441 29.489 29.536 29.586 29.611 29.696 29.779 29.836 29.874 30.006 30.186 30.334 30.506 30.656 30.809 30.979 31.134 31.309 31.484 31.659 31.861 32.001 32.159 32.334 32.474 32.631 32.746 32.869 32.979 33.101 33.199 33.264 33.329 33.381 33.446 33.499 33.606 33.684 33.791 33.916 33.951 34.011 34.041 34.111 34.144 34.141 34.186 34.239 34.299 34.359
27.326 27.391 27.479 27.541 27.636 27.784 27.961 28.124 28.314 28.496 28.649 28.689 28.679 28.784 29.001 29.139 29.196 29.181 29.481 29.549 29.466 29.486 29.544 29.609 29.604 29.711 29.766 29.779 29.859 29.946 30.099 30.251 30.409 30.544 30.691 30.866 31.049 31.206 31.379 31.546 31.711 31.904 32.064 32.214 32.371 32.506 32.666 32.734 32.836 32.954 33.096 33.189 33.254 33.324 33.364 33.424 33.489 33.584 33.661 33.729 33.841 33.911 33.991 34.016 34.076 34.111 34.146 34.161 34.169 34.246 34.286
27.354 27.434 27.466 27.584 27.671 27.816 27.914 28.091 28.304 28.496 28.639 28.659 28.664 28.724 28.886 29.019 29.099 29.186 29.499 29.549 29.524 29.511 29.556 29.641 29.631 29.704 29.751 29.879 29.931 30.051 30.194 30.341 30.486 30.634 30.811 30.984 31.119 31.311 31.456 31.631 31.821 31.971 32.096 32.229 32.379 32.486 32.594 32.696 32.811 32.924 33.069 33.169 33.201 33.279 33.329 33.411 33.459 33.526 33.586 33.661 33.801 33.859 33.949 34.001 34.016 34.049 34.089 34.124 34.186 34.184 34.209
