LIDAR/se2887_DTM_2M.asc
ncols 500
nrows 500
xllcorner    428000
yllcorner    487000
cellsize     2
NODATA_value -9999
[rows 256 to 287 of 500, columns 284 to 354 of 500]
26.744 27.161 27.866 28.334 28.561 28.604 28.499 28.541 28.544 28.591 28.676 28.684 28.734 28.776 28.884 28.941 29.001 29.034 29.056 29.151 29.191 29.221 29.276 29.354 29.371 29.406 29.476 29.534 29.584 29.629 29.689 29.744 29.746 29.779 29.831 29.861 29.866 29.886 29.884 29.891 29.879 29.911 30.034 30.306 30.666 30.731 30.796 30.831 30.874 31.034 31.071 31.089 31.049 31.034 31.021 31.041 31.026 31.009 31.029 31.026 31.011 30.976 30.971 30.969 30.984 30.996 30.966 30.991 30.984 30.974 30.956
26.806 27.276 27.899 28.406 28.571 28.661 28.541 28.541 28.584 28.604 28.669 28.664 28.729 28.766 28.861 28.949 28.986 29.036 29.094 29.129 29.189 29.241 29.266 29.339 29.371 29.386 29.471 29.546 29.571 29.599 29.699 29.769 29.801 29.816 29.869 29.901 29.909 29.896 29.896 29.911 29.929 29.984 29.961 30.121 30.466 30.804 30.809 30.836 30.841 30.911 30.991 31.111 31.064 31.026 31.009 31.001 31.029 30.999 31.001 30.986 30.966 30.966 30.929 30.931 30.931 30.934 30.931 30.934 30.941 30.934 30.926
26.756 27.284 27.961 28.399 28.549 28.631 28.551 28.534 28.546 28.614 28.656 28.666 28.714 28.756 28.856 28.959 28.961 29.021 29.101 29.136 29.156 29.224 29.279 29.351 29.401 29.411 29.484 29.541 29.589 29.614 29.696 29.756 29.786 29.821 29.854 29.909 29.956 29.956 29.944 29.934 29.961 30.014 30.006 30.154 30.339 30.716 30.794 30.799 30.831 30.854 30.996 31.066 31.096 31.011 30.999 30.969 30.986 30.951 30.949 30.946 30.934 30.914 30.889 30.899 30.886 30.879 30.886 30.919 30.919 30.909 30.906
26.829 27.334 28.024 28.434 28.526 28.574 28.561 28.544 28.554 28.594 28.669 28.686 28.701 28.769 28.861 28.961 29.011 29.049 29.094 29.126 29.181 29.216 29.291 29.316 29.354 29.429 29.476 29.531 29.571 29.656 29.696 29.761 29.801 29.839 29.899 29.926 29.949 29.974 29.996 30.014 30.006 30.004 30.049 30.076 30.259 30.544 30.759 30.841 30.864 30.834 30.824 30.956 31.064 30.976 30.941 30.939 30.939 30.944 30.909 30.901 30.911 30.876 30.859 30.871 30.884 30.861 30.859 30.886 30.886 30.896 30.906
26.911 27.481 28.191 28.499 28.566 28.556 28.571 28.564 28.556 28.626 28.684 28.706 28.734 28.801 28.871 28.944 28.999 29.064 29.106 29.136 29.196 29.241 29.286 29.319 29.376 29.434 29.484 29.511 29.561 29.634 29.686 29.731 29.819 29.856 29.911 29.946 29.956 30.001 30.039 30.046 30.024 30.056 30.094 30.119 30.231 30.411 30.734 30.909 30.834 30.844 30.844 30.901 31.049 31.066 30.954 30.929 30.909 30.896 30.871 30.866 30.871 30.846 30.814 30.819 30.826 30.834 30.826 30.826 30.831 30.844 30.879
26.961 27.599 28.299 28.546 28.549 28.536 28.511 28.564 28.579 28.651 28.701 28.701 28.716 28.779 28.874 28.939 28.991 29.041 29.091 29.126 29.196 29.264 29.301 29.351 29.364 29.416 29.479 29.519 29.549 29.629 29.664 29.696 29.776 29.819 29.916 29.956 29.976 30.026 30.064 30.081 30.064 30.096 30.139 30.156 30.161 30.254 30.594 30.934 30.884 30.829 30.839 30.821 30.956 31.001 30.969 30.909 30.881 30.846 30.849 30.869 30.814 30.806 30.774 30.786 30.796 30.784 30.796 30.814 30.799 30.816 30.849
26.954 27.679 28.304 28.569 28.561 28.531 28.526 28.556 28.579 28.629 28.696 28.701 28.699 28.789 28.894 28.939 28.976 29.041 29.086 29.139 29.236 29.271 29.316 29.356 29.356 29.404 29.454 29.486 29.544 29.611 29.646 29.699 29.771 29.821 29.899 29.936 29.981 30.031 30.086 30.114 30.101 30.099 30.106 30.144 30.166 30.191 30.409 30.756 30.999 30.881 30.881 30.881 30.869 30.931 31.024 30.924 30.864 30.814 30.834 30.814 30.801 30.774 30.769 30.761 30.769 30.741 30.744 30.759 30.774 30.796 30.819
26.919 27.719 28.419 28.646 28.579 28.576 28.596 28.581 28.611 28.646 28.701 28.696 28.734 28.841 28.904 28.966 29.001 29.059 29.109 29.166 29.206 29.269 29.329 29.354 29.364 29.424 29.489 29.509 29.534 29.596 29.626 29.684 29.716 29.806 29.869 29.909 29.949 30.014 30.081 30.099 30.124 30.124 30.149 30.164 30.204 30.199 30.254 30.534 30.886 30.971 30.894 30.854 30.829 30.871 30.964 30.936 30.861 30.804 30.784 30.786 30.764 30.746 30.731 30.726 30.681 30.704 30.731 30.724 30.761 30.766 30.776
26.944 27.921 28.611 28.664 28.609 28.599 28.599 28.616 28.606 28.646 28.701 28.721 28.769 28.816 28.886 28.936 28.974 29.031 29.111 29.169 29.239 29.269 29.316 29.349 29.386 29.429 29.474 29.516 29.541 29.609 29.641 29.681 29.729 29.756 29.831 29.914 29.941 30.029 30.111 30.104 30.129 30.181 30.179 30.176 30.191 30.251 30.244 30.366 30.684 30.904 30.899 30.891 30.859 30.856 30.891 30.869 30.859 30.811 30.746 30.739 30.729 30.724 30.709 30.684 30.684 30.666 30.681 30.729 30.724 30.741 30.756
27.099 28.111 28.706 28.679 28.614 28.611 28.611 28.604 28.626 28.659 28.676 28.734 28.776 28.839 28.921 28.976 29.016 29.084 29.124 29.169 29.236 29.301 29.326 29.349 29.386 29.406 29.454 29.511 29.551 29.589 29.634 29.676 29.721 29.766 29.811 29.891 29.956 30.044 30.071 30.084 30.144 30.196 30.176 30.206 30.211 30.269 30.256 30.316 30.546 30.666 30.866 30.886 30.851 30.849 30.831 30.846 30.896 30.834 30.749 30.729 30.704 30.696 30.714 30.689 30.706 30.701 30.671 30.674 30.691 30.744 30.751
27.314 28.151 28.744 28.699 28.654 28.669 28.634 28.611 28.609 28.669 28.716 28.744 28.751 28.846 28.904 28.986 29.031 29.084 29.141 29.186 29.236 29.294 29.329 29.366 29.389 29.431 29.466 29.484 29.529 29.561 29.604 29.656 29.711 29.779 29.816 29.864 29.919 29.974 30.044 30.094 30.144 30.156 30.169 30.224 30.266 30.274 30.264 30.261 30.321 30.584 30.886 30.929 30.859 30.851 30.836 30.824 30.891 30.854 30.764 30.719 30.691 30.681 30.701 30.689 30.696 30.656 30.631 30.661 30.684 30.729 30.721
27.409 28.164 28.686 28.666 28.661 28.686 28.649 28.601 28.619 28.654 28.719 28.741 28.779 28.829 28.906 29.014 29.044 29.069 29.104 29.166 29.234 29.284 29.311 29.346 29.359 29.404 29.449 29.506 29.549 29.561 29.609 29.704 29.721 29.781 29.816 29.859 29.926 29.986 30.029 30.106 30.159 30.186 30.191 30.219 30.249 30.229 30.251 30.291 30.256 30.446 30.794 30.969 30.894 30.869 30.876 30.846 30.851 30.879 30.851 30.764 30.684 30.674 30.679 30.661 30.669 30.671 30.639 30.619 30.659 30.666 30.666
27.536 28.116 28.586 28.696 28.666 28.684 28.626 28.584 28.614 28.689 28.724 28.754 28.779 28.851 28.879 28.971 29.021 29.086 29.139 29.196 29.239 29.274 29.331 29.346 29.394 29.436 29.451 29.484 29.516 29.549 29.611 29.679 29.706 29.766 29.801 29.859 29.914 29.971 30.034 30.119 30.176 30.169 30.254 30.259 30.241 30.231 30.256 30.271 30.259 30.329 30.561 30.844 30.951 30.929 30.869 30.864 30.846 30.889 30.921 30.786 30.714 30.684 30.656 30.629 30.646 30.616 30.626 30.604 30.611 30.649 30.656
27.674 28.189 28.609 28.684 28.651 28.669 28.601 28.589 28.601 28.649 28.726 28.756 28.776 28.839 28.879 28.981 29.036 29.099 29.144 29.164 29.231 29.301 29.314 29.326 29.389 29.419 29.456 29.499 29.529 29.564 29.626 29.661 29.671 29.746 29.804 29.869 29.909 29.986 30.036 30.101 30.141 30.161 30.231 30.286 30.251 30.239 30.259 30.276 30.281 30.289 30.441 30.699 30.904 30.966 30.884 30.864 30.831 30.836 30.854 30.839 30.754 30.706 30.644 30.639 30.616 30.621 30.604 30.579 30.586 30.606 30.619
27.761 28.281 28.629 28.679 28.704 28.696 28.616 28.624 28.604 28.704 28.714 28.749 28.781 28.836 28.889 28.986 29.034 29.104 29.144 29.191 29.246 29.306 29.316 29.346 29.396 29.424 29.449 29.491 29.491 29.561 29.614 29.616 29.649 29.709 29.799 29.861 29.929 29.981 30.031 30.066 30.101 30.156 30.196 30.236 30.214 30.234 30.246 30.269 30.301 30.299 30.306 30.464 30.729 30.991 30.959 30.861 30.851 30.831 30.794 30.804 30.796 30.716 30.666 30.641 30.614 30.594 30.601 30.606 30.591 30.571 30.611
28.061 28.311 28.541 28.716 28.741 28.654 28.639 28.601 28.609 28.681 28.734 28.751 28.771 28.854 28.931 28.994 29.049 29.089 29.161 29.181 29.261 29.284 29.291 29.346 29.396 29.419 29.449 29.516 29.509 29.536 29.581 29.646 29.666 29.714 29.776 29.814 29.924 29.946 30.006 30.069 30.106 30.139 30.164 30.199 30.239 30.264 30.244 30.236 30.269 30.266 30.269 30.284 30.571 30.844 31.039 30.956 30.904 30.859 30.826 30.776 30.801 30.791 30.676 30.634 30.596 30.576 30.556 30.564 30.591 30.579 30.584
27.964 28.454 28.581 28.714 28.779 28.676 28.634 28.606 28.634 28.681 28.726 28.784 28.769 28.859 28.926 28.966 29.061 29.089 29.139 29.221 29.249 29.266 29.299 29.359 29.396 29.441 29.446 29.509 29.524 29.586 29.601 29.636 29.686 29.696 29.754 29.841 29.871 29.924 29.971 30.039 30.074 30.129 30.184 30.211 30.236 30.259 30.251 30.226 30.226 30.219 30.266 30.254 30.296 30.576 30.891 31.046 30.956 30.914 30.846 30.796 30.776 30.764 30.724 30.664 30.626 30.586 30.551 30.554 30.591 30.584 30.594
27.839 28.431 28.591 28.674 28.791 28.646 28.609 28.634 28.624 28.706 28.726 28.734 28.804 28.899 28.954 29.004 29.051 29.101 29.161 29.204 29.261 29.291 29.319 29.354 29.384 29.406 29.439 29.501 29.509 29.561 29.574 29.636 29.689 29.711 29.739 29.819 29.866 29.914 29.964 30.039 30.066 30.089 30.161 30.191 30.196 30.206 30.249 30.216 30.236 30.236 30.261 30.281 30.266 30.374 30.654 30.971 31.104 30.969 30.851 30.846 30.766 30.814 30.784 30.724 30.651 30.621 30.571 30.569 30.584 30.589 30.611
27.886 28.486 28.644 28.749 28.796 28.684 28.596 28.614 28.634 28.714 28.749 28.764 28.821 28.931 28.984 29.021 29.064 29.096 29.164 29.191 29.249 29.286 29.319 29.371 29.396 29.384 29.429 29.466 29.526 29.536 29.581 29.614 29.679 29.689 29.731 29.799 29.879 29.889 29.961 30.009 30.036 30.079 30.121 30.149 30.191 30.171 30.226 30.199 30.199 30.209 30.224 30.284 30.251 30.254 30.414 30.709 31.021 31.051 30.974 30.934 30.866 30.809 30.854 30.786 30.756 30.671 30.606 30.576 30.566 30.571 30.619
27.921 28.526 28.736 28.794 28.746 28.684 28.631 28.611 28.651 28.736 28.771 28.766 28.831 28.909 28.961 29.036 29.064 29.116 29.176 29.219 29.244 29.291 29.301 29.374 29.396 29.404 29.399 29.454 29.491 29.504 29.554 29.584 29.634 29.694 29.729 29.794 29.834 29.901 29.926 29.966 30.001 30.031 30.071 30.104 30.154 30.181 30.196 30.199 30.211 30.156 30.189 30.196 30.229 30.254 30.236 30.471 30.751 30.946 31.054 30.964 30.879 30.834 30.791 30.824 30.856 30.774 30.694 30.646 30.616 30.599 30.619
28.026 28.596 28.726 28.829 28.829 28.696 28.624 28.629 28.679 28.739 28.779 28.796 28.879 28.946 28.989 29.039 29.104 29.156 29.171 29.196 29.226 29.211 29.289 29.329 29.376 29.391 29.426 29.434 29.471 29.504 29.556 29.591 29.616 29.661 29.696 29.771 29.811 29.859 29.884 29.936 29.954 30.024 30.059 30.104 30.104 30.119 30.141 30.156 30.216 30.219 30.186 30.166 30.229 30.254 30.244 30.226 30.461 30.731 30.984 31.044 30.966 30.919 30.836 30.811 30.864 30.876 30.791 30.706 30.681 30.656 30.641
28.066 28.606 28.694 28.809 28.776 28.664 28.619 28.619 28.706 28.774 28.749 28.779 28.849 28.926 28.984 29.049 29.091 29.166 29.179 29.181 29.219 29.241 29.304 29.344 29.369 29.381 29.404 29.441 29.466 29.516 29.549 29.559 29.604 29.646 29.711 29.769 29.794 29.826 29.881 29.931 29.946 30.009 30.034 30.061 30.076 30.096 30.131 30.119 30.161 30.191 30.191 30.146 30.161 30.206 30.224 30.201 30.279 30.449 30.719 30.974 31.021 30.961 30.919 30.876 30.851 30.829 30.861 30.826 30.736 30.719 30.686
28.164 28.644 28.709 28.779 28.741 28.649 28.641 28.626 28.704 28.769 28.776 28.796 28.849 28.964 28.991 29.051 29.114 29.164 29.171 29.209 29.234 29.276 29.281 29.321 29.376 29.404 29.426 29.441 29.451 29.501 29.559 29.581 29.609 29.659 29.704 29.771 29.794 29.874 29.886 29.916 29.919 29.964 30.011 30.051 30.016 30.076 30.111 30.121 30.119 30.176 30.174 30.151 30.119 30.154 30.176 30.201 30.194 30.319 30.474 30.739 30.949 31.029 30.976 30.906 30.874 30.824 30.831 30.831 30.794 30.744 30.736
28.199 28.686 28.741 28.814 28.759 28.674 28.634 28.644 28.701 28.774 28.756 28.771 28.874 28.986 29.026 29.081 29.119 29.156 29.164 29.201 29.211 29.249 29.304 29.339 29.349 29.409 29.411 29.439 29.484 29.519 29.554 29.571 29.601 29.664 29.716 29.759 29.804 29.839 29.869 29.926 29.909 29.936 30.004 30.014 29.986 30.004 30.089 30.094 30.114 30.141 30.146 30.129 30.141 30.174 30.144 30.189 30.181 30.224 30.316 30.456 30.764 30.979 31.056 30.949 30.929 30.886 30.834 30.821 30.796 30.821 30.851
28.319 28.721 28.789 28.849 28.729 28.619 28.641 28.674 28.754 28.766 28.766 28.799 28.899 28.996 29.056 29.056 29.094 29.144 29.176 29.184 29.221 29.256 29.304 29.314 29.344 29.369 29.396 29.419 29.476 29.529 29.591 29.579 29.581 29.661 29.721 29.776 29.806 29.826 29.856 29.879 29.911 29.951 29.969 29.974 29.989 29.996 30.041 30.071 30.129 30.106 30.124 30.136 30.149 30.151 30.139 30.166 30.169 30.204 30.194 30.254 30.454 30.761 31.009 31.044 31.009 30.921 30.891 30.856 30.814 30.784 30.911
28.396 28.761 28.789 28.819 28.669 28.646 28.649 28.666 28.749 28.794 28.781 28.821 28.916 28.991 29.034 29.046 29.061 29.119 29.151 29.194 29.246 29.286 29.299 29.349 29.381 29.389 29.406 29.451 29.474 29.514 29.574 29.621 29.626 29.674 29.736 29.754 29.801 29.816 29.854 29.841 29.894 29.899 29.934 29.936 29.966 29.964 30.011 30.051 30.061 30.084 30.081 30.159 30.139 30.156 30.114 30.146 30.159 30.171 30.169 30.174 30.254 30.404 30.709 30.999 31.056 30.974 30.946 30.876 30.856 30.861 30.904
28.466 28.744 28.806 28.854 28.719 28.656 28.679 28.669 28.756 28.786 28.789 28.839 28.949 28.991 29.031 29.049 29.081 29.141 29.144 29.196 29.251 29.306 29.299 29.326 29.384 29.444 29.421 29.459 29.491 29.536 29.589 29.636 29.644 29.691 29.724 29.774 29.781 29.839 29.836 29.864 29.856 29.881 29.891 29.899 29.914 29.926 29.971 29.994 30.036 30.054 30.079 30.101 30.126 30.126 30.111 30.111 30.164 30.161 30.181 30.226 30.196 30.249 30.396 30.751 30.916 31.024 31.011 30.959 30.916 30.909 30.906
28.449 28.621 28.819 28.839 28.731 28.661 28.636 28.686 28.769 28.801 28.799 28.844 28.946 29.021 29.044 29.064 29.074 29.114 29.134 29.179 29.224 29.269 29.271 29.359 29.411 29.414 29.449 29.479 29.519 29.566 29.604 29.641 29.679 29.714 29.721 29.759 29.801 29.809 29.819 29.849 29.841 29.854 29.889 29.871 29.879 29.889 29.941 29.949 29.984 29.984 29.991 30.094 30.099 30.101 30.114 30.136 30.131 30.161 30.166 30.224 30.191 30.191 30.224 30.314 30.484 30.846 31.039 31.119 31.024 30.951 30.911
28.509 28.679 28.911 28.851 28.701 28.646 28.636 28.704 28.781 28.804 28.809 28.834 28.929 29.001 29.056 29.059 29.104 29.109 29.154 29.199 29.229 29.259 29.314 29.369 29.401 29.446 29.451 29.496 29.531 29.586 29.596 29.641 29.656 29.691 29.736 29.796 29.796 29.794 29.799 29.811 29.819 29.824 29.834 29.856 29.811 29.851 29.889 29.896 29.934 29.956 30.001 30.064 30.089 30.106 30.149 30.169 30.151 30.156 30.169 30.146 30.176 30.196 30.184 30.224 30.251 30.511 30.724 31.021 31.109 31.056 30.994
28.604 28.739 28.904 28.854 28.694 28.639 28.636 28.689 28.751 28.774 28.771 28.841 28.911 28.986 29.024 29.039 29.096 29.124 29.164 29.174 29.254 29.279 29.329 29.369 29.419 29.461 29.479 29.526 29.551 29.614 29.641 29.651 29.674 29.709 29.719 29.749 29.784 29.779 29.774 29.784 29.764 29.794 29.806 29.801 29.819 29.811 29.834 29.869 29.906 29.939 29.964 30.014 30.066 30.104 30.114 30.154 30.169 30.164 30.174 30.189 30.174 30.189 30.209 30.196 30.199 30.236 30.401 30.674 30.874 31.066 31.079
28.664 28.749 28.961 28.829 28.644 28.621 28.656 28.701 28.729 28.726 28.719 28.829 28.924 28.984 29.029 29.081 29.106 29.126 29.169 29.214 29.266 29.304 29.351 29.404 29.429 29.446 29.469 29.539 29.566 29.604 29.616 29.644 29.674 29.709 29.706 29.706 29.746 29.721 29.714 29.714 29.706 29.731 29.739 29.769 29.779 29.796 29.819 29.856 29.889 29.931 29.946 29.981 30.049 30.094 30.136 30.154 30.166 30.156 30.181 30.194 30.144 30.154 30.179 30.176 30.209 30.176 30.201 30.361 30.531 30.831 31.061
28.514 28.704 28.911 28.744 28.619 28.604 28.631 28.706 28.726 28.766 28.761 28.844 28.951 28.966 29.016 29.099 29.111 29.151 29.174 29.219 29.296 29.324 29.344 29.411 29.441 29.481 29.524 29.541 29.574 29.594 29.609 29.641 29.649 29.694 29.696 29.689 29.709 29.691 29.691 29.691 29.699 29.719 29.726 29.741 29.749 29.771 29.814 29.841 29.871 29.919 29.941 29.996 30.041 30.071 30.086 30.149 30.206 30.159 30.181 30.181 30.156 30.146 30.189 30.181 30.196 30.211 30.246 30.229 30.319 30.534 30.776
