LIDAR/se2889_DTM_2M.asc
ncols 500
nrows 500
xllcorner    428000
yllcorner    489000
cellsize     2
NODATA_value -9999
[rows 352 to 383 of 500, columns 355 to 425 of 500]
31.238 31.173 31.143 31.138 31.116 31.126 30.953 30.733 30.611 30.493 30.443 30.361 30.251 30.176 30.048 29.968 29.848 29.711 29.618 29.513 29.358 29.208 29.058 28.951 28.843 28.673 28.748 28.593 28.521 28.466 28.401 28.311 28.231 28.073 27.898 27.588 27.323 27.178 26.821 26.063 25.981 25.936 26.058 26.413 27.098 27.693 28.061 28.248 28.346 28.416 28.666 28.756 28.658 28.618 28.628 28.608 28.568 28.498 28.481 28.488 28.533 28.546 28.558 28.541 28.656 28.818 28.891 28.961 29.083 29.221 29.338
31.281 31.198 31.226 31.206 31.236 31.186 30.931 30.738 30.588 30.493 30.441 30.388 30.246 30.153 30.073 29.953 29.858 29.743 29.653 29.503 29.341 29.231 29.101 28.993 28.848 28.656 28.716 28.571 28.476 28.463 28.388 28.273 28.176 28.093 27.886 27.458 27.213 26.988 26.396 25.893 25.888 25.908 26.321 26.943 27.541 27.966 28.203 28.308 28.348 28.456 28.633 28.726 28.628 28.621 28.618 28.608 28.541 28.486 28.471 28.503 28.538 28.541 28.576 28.636 28.693 28.843 28.913 29.033 29.141 29.248 29.383
31.298 31.291 31.318 31.311 31.313 31.121 30.796 30.648 30.561 30.468 30.393 30.361 30.316 30.178 30.051 29.913 29.833 29.728 29.631 29.471 29.321 29.198 29.083 28.983 28.816 28.628 28.691 28.538 28.481 28.433 28.328 28.191 28.086 28.021 27.706 27.396 27.101 26.536 26.011 25.921 25.936 26.133 26.806 27.291 27.833 28.153 28.288 28.358 28.436 28.503 28.623 28.638 28.578 28.603 28.631 28.558 28.473 28.461 28.491 28.491 28.501 28.538 28.613 28.678 28.783 28.856 28.958 29.058 29.166 29.306 29.453
31.346 31.353 31.371 31.311 31.166 30.893 30.746 30.593 30.463 30.461 30.408 30.366 30.326 30.208 30.133 30.018 29.861 29.683 29.511 29.403 29.271 29.133 29.038 28.948 28.788 28.646 28.586 28.466 28.386 28.346 28.191 28.061 27.998 27.896 27.523 27.218 26.813 26.173 25.783 25.718 25.931 26.503 27.183 27.693 28.138 28.218 28.286 28.406 28.491 28.493 28.561 28.593 28.596 28.581 28.593 28.483 28.441 28.421 28.421 28.503 28.523 28.548 28.628 28.713 28.828 28.893 29.008 29.126 29.218 29.383 29.521
31.368 31.416 31.393 31.236 30.963 30.823 30.816 30.626 30.546 30.543 30.423 30.278 30.281 30.258 30.183 30.038 29.886 29.698 29.511 29.376 29.228 29.103 29.011 28.916 28.758 28.638 28.623 28.431 28.331 28.228 28.048 27.931 27.886 27.631 27.333 26.918 26.416 26.041 25.743 25.921 26.273 26.961 27.551 28.013 28.321 28.306 28.328 28.433 28.426 28.438 28.523 28.588 28.608 28.546 28.483 28.441 28.423 28.401 28.453 28.488 28.541 28.606 28.616 28.766 28.873 28.946 29.053 29.186 29.296 29.441 29.586
31.421 31.431 31.388 31.156 30.886 30.863 30.913 30.681 30.641 30.553 30.376 30.286 30.363 30.328 30.238 30.033 29.876 29.681 29.526 29.356 29.216 29.103 28.998 28.861 28.751 28.626 28.616 28.473 28.281 28.103 27.946 27.796 27.713 27.401 27.078 26.456 25.996 25.946 26.026 26.431 26.876 27.398 27.826 28.186 28.338 28.373 28.391 28.401 28.376 28.441 28.561 28.576 28.538 28.476 28.418 28.388 28.386 28.398 28.441 28.493 28.576 28.646 28.706 28.811 28.906 29.006 29.108 29.221 29.346 29.526 29.681
31.421 31.363 31.216 31.096 31.108 31.056 30.963 30.781 30.623 30.426 30.351 30.406 30.418 30.321 30.186 29.993 29.821 29.626 29.471 29.338 29.246 29.133 29.013 28.883 28.741 28.581 28.608 28.498 28.298 28.106 27.811 27.508 27.221 26.926 26.298 25.981 25.991 25.993 26.383 26.876 27.261 27.736 28.133 28.388 28.421 28.383 28.413 28.408 28.428 28.498 28.531 28.501 28.453 28.433 28.361 28.351 28.358 28.421 28.466 28.566 28.643 28.708 28.763 28.886 28.966 29.061 29.186 29.291 29.423 29.571 29.776
31.321 31.278 31.161 31.106 31.046 31.013 30.933 30.866 30.691 30.426 30.423 30.408 30.411 30.291 30.116 29.946 29.768 29.623 29.453 29.358 29.271 29.168 29.123 29.048 28.913 28.633 28.616 28.681 28.641 28.448 28.216 27.646 26.978 26.443 25.993 25.958 26.091 26.046 26.428 27.163 27.623 28.041 28.313 28.401 28.448 28.426 28.428 28.453 28.488 28.526 28.516 28.448 28.408 28.386 28.331 28.331 28.376 28.431 28.496 28.588 28.673 28.736 28.796 28.906 29.008 29.148 29.261 29.366 29.516 29.676 29.848
31.176 31.136 31.083 31.048 30.961 30.898 30.861 30.858 30.686 30.538 30.496 30.383 30.311 30.186 30.033 29.861 29.708 29.623 29.476 29.328 29.246 29.196 29.156 29.111 29.076 28.846 28.743 28.781 28.853 28.743 28.611 27.991 27.013 26.511 26.211 26.193 26.401 26.621 27.041 27.673 28.163 28.311 28.361 28.391 28.426 28.411 28.441 28.468 28.473 28.478 28.456 28.401 28.348 28.346 28.343 28.351 28.403 28.466 28.548 28.613 28.691 28.728 28.823 28.956 29.083 29.198 29.298 29.448 29.603 29.776 30.013
31.111 31.063 30.976 30.913 30.853 30.773 30.776 30.761 30.593 30.538 30.436 30.311 30.193 30.046 29.901 29.703 29.593 29.531 29.428 29.313 29.246 29.133 29.053 29.086 29.076 28.971 28.846 28.796 28.921 28.761 28.628 28.156 27.233 26.696 26.483 26.463 26.746 27.288 27.763 28.193 28.413 28.428 28.438 28.396 28.416 28.443 28.461 28.466 28.461 28.413 28.381 28.341 28.328 28.341 28.358 28.366 28.448 28.483 28.543 28.598 28.691 28.788 28.896 29.013 29.136 29.253 29.356 29.518 29.681 29.881 30.116
31.188 31.051 30.996 30.883 30.818 30.791 30.733 30.713 30.623 30.536 30.368 30.208 30.091 29.893 29.721 29.623 29.516 29.446 29.346 29.266 29.221 29.118 29.086 29.106 29.063 28.986 28.891 28.888 28.856 28.811 28.518 28.021 27.428 26.873 26.543 26.878 27.388 27.943 28.298 28.383 28.443 28.481 28.468 28.461 28.478 28.473 28.478 28.478 28.441 28.323 28.278 28.256 28.308 28.313 28.266 28.358 28.443 28.486 28.543 28.583 28.681 28.826 28.946 29.053 29.181 29.293 29.456 29.598 29.788 30.001 30.216
31.191 31.088 30.981 30.886 30.828 30.868 30.821 30.741 30.628 30.476 30.313 30.131 29.946 29.806 29.643 29.548 29.488 29.461 29.368 29.258 29.231 29.193 29.158 29.086 29.023 28.971 28.906 28.876 28.893 28.596 28.213 27.828 27.163 26.738 27.041 27.911 28.276 28.341 28.441 28.468 28.481 28.491 28.491 28.528 28.508 28.491 28.431 28.403 28.318 28.256 28.233 28.226 28.298 28.273 28.273 28.368 28.428 28.503 28.533 28.596 28.683 28.858 28.988 29.086 29.218 29.353 29.486 29.633 29.846 30.078 30.288
31.186 31.088 31.001 30.901 30.903 30.913 30.861 30.733 30.586 30.403 30.228 30.028 29.833 29.681 29.561 29.426 29.356 29.323 29.261 29.201 29.153 29.111 29.076 29.033 29.041 28.986 28.941 28.901 28.926 28.263 27.681 27.358 26.791 26.903 28.033 28.481 28.518 28.508 28.541 28.538 28.538 28.536 28.546 28.493 28.458 28.456 28.353 28.301 28.233 28.191 28.161 28.186 28.218 28.248 28.311 28.381 28.418 28.508 28.568 28.601 28.738 28.901 29.023 29.138 29.261 29.383 29.546 29.708 29.923 30.143 30.361
31.071 30.988 30.971 30.958 30.996 30.961 30.796 30.631 30.476 30.296 30.081 29.906 29.693 29.531 29.418 29.326 29.276 29.226 29.203 29.201 29.163 29.128 29.098 29.071 29.036 28.933 28.888 28.873 28.693 27.848 27.143 26.788 26.651 27.731 28.498 28.508 28.543 28.576 28.578 28.578 28.566 28.576 28.528 28.473 28.411 28.321 28.316 28.246 28.221 28.168 28.203 28.221 28.221 28.231 28.306 28.331 28.376 28.481 28.563 28.663 28.768 28.948 29.076 29.218 29.311 29.451 29.593 29.791 30.018 30.238 30.443
31.013 31.011 31.036 31.033 30.968 30.888 30.753 30.588 30.366 30.181 30.006 29.826 29.618 29.496 29.358 29.288 29.253 29.226 29.228 29.201 29.181 29.161 29.131 29.101 29.043 28.911 28.821 28.158 27.733 27.328 26.638 26.483 27.556 28.416 28.533 28.553 28.578 28.611 28.601 28.598 28.596 28.523 28.488 28.456 28.346 28.276 28.293 28.221 28.243 28.248 28.226 28.181 28.211 28.318 28.371 28.388 28.416 28.413 28.498 28.648 28.751 28.941 29.101 29.218 29.346 29.488 29.646 29.831 30.051 30.316 30.491
31.023 31.038 31.066 31.023 30.918 30.791 30.648 30.453 30.243 30.081 29.921 29.723 29.536 29.463 29.368 29.323 29.286 29.226 29.166 29.123 29.123 29.088 29.088 29.086 28.983 28.671 28.016 27.443 27.091 26.628 26.323 27.311 28.423 28.643 28.603 28.598 28.653 28.706 28.601 28.523 28.611 28.611 28.501 28.393 28.291 28.266 28.301 28.258 28.266 28.228 28.233 28.248 28.256 28.301 28.351 28.421 28.496 28.496 28.523 28.603 28.781 28.931 29.108 29.283 29.413 29.578 29.726 29.956 30.158 30.378 30.586
31.041 31.081 31.068 30.943 30.833 30.721 30.523 30.333 30.133 29.973 29.783 29.658 29.513 29.423 29.386 29.333 29.246 29.138 29.016 28.941 28.948 28.998 29.091 29.161 28.853 27.628 26.956 27.226 27.308 27.073 26.931 27.808 28.576 28.606 28.538 28.521 28.611 28.616 28.581 28.561 28.551 28.496 28.398 28.313 28.298 28.273 28.246 28.198 28.206 28.178 28.238 28.278 28.273 28.258 28.313 28.408 28.506 28.521 28.573 28.741 28.846 28.968 29.181 29.351 29.511 29.653 29.831 30.031 30.218 30.463 30.658
31.111 31.071 30.986 30.866 30.768 30.611 30.406 30.208 30.036 29.881 29.698 29.568 29.451 29.376 29.321 29.228 29.126 29.026 28.928 28.848 28.818 28.936 29.056 29.101 28.603 26.793 26.336 26.416 27.146 27.643 27.786 28.231 28.441 28.468 28.463 28.473 28.508 28.506 28.468 28.481 28.418 28.341 28.298 28.281 28.263 28.281 28.228 28.158 28.128 28.201 28.266 28.286 28.278 28.286 28.328 28.393 28.473 28.526 28.751 28.858 28.966 29.078 29.268 29.396 29.571 29.746 29.923 30.106 30.306 30.538 30.721
31.113 31.008 30.903 30.808 30.663 30.531 30.331 30.103 29.891 29.738 29.613 29.491 29.408 29.346 29.248 29.123 29.031 28.928 28.828 28.733 28.633 28.668 28.563 27.711 26.641 26.211 25.856 25.758 26.908 27.731 27.931 28.128 28.248 28.406 28.423 28.363 28.288 28.266 28.268 28.243 28.283 28.293 28.286 28.281 28.258 28.238 28.206 28.196 28.173 28.223 28.266 28.298 28.286 28.328 28.388 28.426 28.418 28.678 28.901 28.971 29.126 29.173 29.288 29.441 29.591 29.833 30.008 30.218 30.401 30.583 30.746
30.981 30.881 30.856 30.761 30.618 30.403 30.163 29.956 29.796 29.663 29.556 29.446 29.353 29.298 29.153 28.981 28.856 28.808 28.698 28.536 28.326 27.898 27.271 26.521 26.221 25.963 26.011 27.258 27.696 27.793 27.916 28.033 28.153 28.221 28.241 28.188 28.148 28.143 28.153 28.173 28.206 28.218 28.256 28.271 28.226 28.226 28.218 28.213 28.158 28.223 28.268 28.281 28.341 28.368 28.406 28.358 28.503 28.951 28.983 28.988 29.231 29.311 29.391 29.538 29.673 29.916 30.136 30.306 30.478 30.656 30.821
30.916 30.868 30.796 30.673 30.443 30.256 30.088 29.911 29.776 29.616 29.548 29.431 29.316 29.216 29.083 28.898 28.738 28.661 28.536 28.243 27.606 27.098 26.511 26.231 26.096 25.951 26.918 27.688 27.801 27.878 27.923 27.966 28.048 28.093 28.101 28.126 28.113 28.103 28.111 28.156 28.161 28.221 28.253 28.236 28.246 28.241 28.211 28.186 28.163 28.228 28.288 28.321 28.348 28.343 28.353 28.273 28.821 29.041 29.098 29.146 29.293 29.521 29.603 29.668 29.801 29.966 30.191 30.416 30.586 30.763 30.913
30.923 30.861 30.683 30.511 30.371 30.196 30.013 29.851 29.731 29.583 29.468 29.358 29.243 29.153 29.016 28.858 28.661 28.533 28.316 27.691 27.243 26.818 26.023 25.858 25.953 26.506 27.563 27.806 27.881 27.901 27.938 27.996 28.013 28.041 28.033 28.058 28.083 28.088 28.098 28.166 28.181 28.201 28.231 28.196 28.208 28.201 28.178 28.156 28.151 28.231 28.298 28.301 28.308 28.351 28.261 28.506 29.028 29.103 29.196 29.266 29.383 29.593 29.783 29.811 29.908 30.031 30.286 30.483 30.671 30.866 30.988
30.848 30.711 30.566 30.411 30.253 30.088 29.916 29.823 29.656 29.501 29.343 29.286 29.183 29.051 28.903 28.758 28.571 28.393 27.866 27.351 27.123 26.648 25.791 25.803 26.166 26.928 27.691 27.841 27.871 27.946 27.971 27.986 28.016 28.026 28.068 28.073 28.101 28.106 28.121 28.191 28.211 28.201 28.176 28.181 28.163 28.153 28.186 28.201 28.168 28.173 28.228 28.288 28.301 28.258 28.313 28.911 29.158 29.198 29.261 29.341 29.423 29.578 29.748 29.966 30.063 30.168 30.326 30.538 30.773 30.926 31.063
30.701 30.586 30.493 30.341 30.148 29.976 29.861 29.748 29.591 29.421 29.286 29.223 29.113 28.928 28.793 28.643 28.441 28.033 27.423 27.118 26.811 26.121 25.931 25.928 26.206 27.178 27.728 27.843 27.881 27.931 27.963 27.961 28.021 28.046 28.061 28.093 28.128 28.138 28.188 28.201 28.216 28.206 28.186 28.183 28.181 28.191 28.191 28.233 28.216 28.221 28.251 28.328 28.356 28.228 28.551 29.006 29.178 29.271 29.318 29.436 29.513 29.648 29.798 29.963 30.186 30.318 30.441 30.608 30.801 30.993 31.173
30.638 30.523 30.366 30.216 30.033 29.853 29.788 29.676 29.556 29.406 29.253 29.171 29.016 28.873 28.728 28.548 28.266 27.631 27.263 26.926 26.396 25.908 25.828 26.063 26.608 27.441 27.788 27.858 27.883 27.893 27.946 27.978 27.996 28.061 28.061 28.083 28.111 28.151 28.173 28.186 28.191 28.203 28.216 28.173 28.198 28.218 28.253 28.268 28.311 28.331 28.343 28.371 28.333 28.331 28.873 29.106 29.201 29.266 29.361 29.468 29.593 29.751 29.861 29.988 30.221 30.478 30.641 30.696 30.851 31.018 31.206
30.528 30.416 30.256 30.068 29.878 29.828 29.788 29.636 29.506 29.383 29.231 29.128 28.913 28.776 28.628 28.428 28.031 27.423 27.133 26.723 26.173 25.956 26.031 26.251 27.121 27.608 27.783 27.826 27.831 27.913 27.923 27.938 28.006 28.043 28.073 28.081 28.081 28.138 28.153 28.173 28.181 28.166 28.171 28.178 28.201 28.246 28.266 28.288 28.306 28.351 28.378 28.386 28.296 28.638 29.081 29.166 29.218 29.313 29.411 29.503 29.616 29.781 29.933 30.103 30.271 30.481 30.673 30.873 30.958 31.103 31.248
30.423 30.296 30.116 29.921 29.798 29.806 29.733 29.611 29.476 29.311 29.193 28.996 28.823 28.648 28.506 28.296 27.763 27.208 26.973 26.431 26.071 25.948 26.101 26.721 27.486 27.713 27.788 27.828 27.848 27.886 27.933 27.963 28.006 28.028 28.086 28.081 28.096 28.158 28.161 28.178 28.198 28.183 28.166 28.193 28.253 28.296 28.321 28.328 28.323 28.356 28.388 28.333 28.398 28.903 29.083 29.148 29.206 29.293 29.433 29.516 29.673 29.841 30.026 30.188 30.341 30.513 30.746 30.913 31.081 31.223 31.291
30.263 30.153 29.998 29.843 29.793 29.753 29.641 29.533 29.428 29.283 29.076 28.851 28.731 28.568 28.401 28.006 27.436 26.996 26.613 26.166 26.011 26.078 26.221 27.266 27.661 27.763 27.766 27.831 27.871 27.906 27.903 27.918 27.988 28.016 28.051 28.056 28.081 28.126 28.163 28.203 28.201 28.206 28.226 28.243 28.246 28.316 28.351 28.331 28.313 28.336 28.353 28.273 28.661 28.993 29.068 29.138 29.236 29.343 29.453 29.573 29.716 29.903 30.103 30.266 30.431 30.586 30.756 30.943 31.166 31.311 31.353
30.171 30.051 29.873 29.803 29.751 29.626 29.513 29.451 29.333 29.178 28.971 28.761 28.576 28.458 28.191 27.643 27.153 26.786 26.173 26.148 26.124 26.188 26.878 27.531 27.733 27.753 27.753 27.761 27.818 27.873 27.881 27.933 27.983 27.988 27.993 28.053 28.053 28.101 28.123 28.146 28.208 28.236 28.238 28.248 28.303 28.328 28.331 28.306 28.326 28.338 28.333 28.431 28.886 28.996 29.106 29.191 29.293 29.393 29.493 29.626 29.798 29.986 30.168 30.381 30.506 30.656 30.833 30.986 31.168 31.366 31.461
30.036 29.858 29.771 29.756 29.656 29.546 29.483 29.371 29.243 29.058 28.863 28.618 28.466 28.373 28.026 27.351 26.841 26.383 25.923 25.962 26.094 26.453 27.241 27.621 27.731 27.716 27.753 27.768 27.793 27.838 27.883 27.901 27.941 27.951 27.946 28.016 28.061 28.058 28.063 28.138 28.173 28.231 28.248 28.261 28.308 28.301 28.276 28.291 28.328 28.343 28.403 28.731 28.976 29.051 29.126 29.223 29.343 29.468 29.581 29.666 29.826 30.013 30.208 30.428 30.568 30.746 30.903 31.043 31.171 31.378 31.551
29.848 29.741 29.711 29.676 29.611 29.488 29.393 29.296 29.168 28.941 28.706 28.496 28.353 28.168 27.606 27.103 26.596 25.971 25.848 26.049 26.336 26.946 27.488 27.658 27.681 27.718 27.768 27.738 27.808 27.828 27.836 27.881 27.888 27.921 27.961 27.996 28.018 28.048 28.071 28.103 28.161 28.203 28.206 28.248 28.281 28.296 28.291 28.318 28.348 28.343 28.531 28.838 29.006 29.088 29.158 29.271 29.386 29.533 29.643 29.733 29.923 30.103 30.276 30.463 30.648 30.783 30.963 31.108 31.223 31.348 31.611
29.723 29.676 29.608 29.571 29.551 29.433 29.281 29.198 29.061 28.838 28.601 28.378 28.271 27.801 27.223 26.908 26.308 26.066 25.968 26.001 26.693 27.171 27.556 27.628 27.676 27.748 27.733 27.711 27.763 27.808 27.826 27.866 27.858 27.938 27.988 28.011 28.033 28.063 28.066 28.078 28.101 28.128 28.131 28.198 28.216 28.208 28.246 28.351 28.363 28.383 28.728 28.961 29.026 29.121 29.211 29.318 29.441 29.578 29.683 29.858 30.001 30.176 30.346 30.533 30.726 30.858 31.013 31.178 31.286 31.413 31.526
