LIDAR/se2889_DTM_2M.asc
ncols 500
nrows 500
xllcorner    428000
yllcorner    489000
cellsize     2
NODATA_value -9999
[rows 448 to 479 of 500, columns 284 to 354 of 500]
28.824 28.896 28.999 29.029 29.081 29.041 28.976 28.906 28.831 28.761 28.744 28.721 28.719 28.661 28.669 28.689 28.623 28.521 28.428 28.351 28.243 28.238 28.268 27.933 27.678 27.603 27.566 27.553 27.483 27.281 27.276 26.688 26.586 26.526 26.646 26.623 26.426 26.401 26.459 26.452 26.182 26.232 26.487 26.44 26.302 26.162 25.977 25.97 26.073 26.726 26.393 26.088 26.761 27.658 27.993 28.078 28.081 27.986 27.918 27.896 27.888 27.913 27.933 27.973 28.076 28.143 28.231 28.191 28.216 28.363 28.373
28.841 28.926 28.999 29.041 29.009 28.959 28.826 28.769 28.719 28.681 28.689 28.671 28.654 28.609 28.651 28.611 28.506 28.371 28.271 28.181 28.106 28.088 27.881 27.616 27.488 27.413 27.403 27.278 27.053 26.726 26.298 26.048 25.843 26.003 26.026 26.051 25.983 25.791 26.338 26.24 26.208 26.257 26.418 26.309 26.227 26.098 25.94 25.975 26.151 26.648 26.936 26.926 27.216 27.846 28.011 28.108 27.991 27.978 27.991 27.878 27.951 27.963 28.018 28.093 28.136 28.243 28.306 28.276 28.326 28.408 28.423
28.881 28.906 28.996 29.004 29.016 28.906 28.801 28.684 28.699 28.684 28.591 28.554 28.544 28.534 28.501 28.431 28.323 28.233 28.178 28.061 28.068 27.916 27.656 27.423 27.361 27.278 27.146 26.793 26.428 26.198 26.181 26.133 26.066 25.988 25.913 25.996 26.028 25.956 26.087 26.21 26.363 26.314 26.307 26.22 26.142 26.035 25.91 25.988 26.086 26.441 27.351 27.723 27.783 27.911 27.998 28.171 27.958 27.933 27.946 27.913 28.013 28.018 28.028 28.096 28.208 28.338 28.333 28.413 28.376 28.428 28.553
28.894 28.924 28.931 28.921 28.891 28.814 28.724 28.664 28.654 28.594 28.539 28.494 28.496 28.419 28.346 28.231 28.243 28.228 28.066 27.998 27.906 27.708 27.536 27.496 27.381 27.068 26.656 26.268 26.246 26.238 26.231 26.178 26.101 26.081 25.851 25.996 26.178 26.246 26.478 26.421 26.401 26.178 25.841 26.106 26.053 25.965 25.952 25.966 26.501 27.393 27.838 28.038 27.991 27.968 28.101 28.021 27.948 27.946 27.993 28.043 28.071 28.068 28.068 28.136 28.256 28.308 28.391 28.536 28.476 28.498 28.631
28.779 28.831 28.844 28.776 28.709 28.749 28.714 28.684 28.594 28.516 28.486 28.444 28.441 28.334 28.201 28.169 28.116 28.068 27.941 27.926 27.758 27.591 27.513 27.436 27.278 26.646 26.201 26.168 26.246 26.336 26.301 26.276 26.398 26.488 26.706 26.893 27.031 27.233 27.458 27.286 27.228 26.738 26.073 26.028 25.951 25.948 26.086 26.591 27.436 27.798 27.996 28.153 28.143 28.063 27.988 27.921 27.991 28.006 28.058 28.111 28.078 28.058 28.088 28.213 28.328 28.416 28.438 28.576 28.611 28.596 28.743
28.716 28.714 28.721 28.696 28.554 28.641 28.654 28.649 28.594 28.471 28.459 28.454 28.359 28.186 28.091 28.006 27.916 27.878 27.923 27.841 27.671 27.488 27.451 27.313 26.816 26.131 26.286 26.368 26.331 26.478 26.738 27.108 27.386 27.426 27.643 27.808 27.831 27.778 27.638 27.451 27.161 26.406 26.131 26.133 26.013 26.043 26.716 27.453 27.778 27.881 28.026 28.198 28.193 28.063 27.863 27.906 28.023 28.001 28.036 28.056 28.011 27.998 28.136 28.281 28.383 28.551 28.508 28.483 28.636 28.726 28.896
28.566 28.569 28.551 28.511 28.509 28.574 28.579 28.599 28.506 28.426 28.401 28.369 28.201 28.056 27.951 27.841 27.746 27.768 27.843 27.763 27.603 27.476 27.361 26.901 26.135 26.113 26.416 26.571 26.623 27.173 27.528 27.591 27.671 27.881 27.878 27.913 27.968 27.843 27.701 27.176 26.323 26.041 26.121 26.273 26.461 26.976 27.616 27.861 28.003 28.066 28.048 27.911 27.853 27.828 27.778 27.911 27.923 27.946 27.971 28.041 28.038 28.083 28.178 28.221 28.286 28.468 28.531 28.561 28.678 28.963 29.136
28.451 28.449 28.449 28.441 28.466 28.526 28.496 28.454 28.396 28.314 28.269 28.231 28.061 27.964 27.914 27.801 27.823 27.891 27.943 27.838 27.583 27.438 26.841 26.306 26.116 26.235 26.634 26.631 27.173 27.593 27.713 27.863 27.983 28.103 27.996 27.958 27.913 27.781 27.301 26.418 25.976 26.198 26.296 26.511 27.078 27.556 27.793 27.943 28.061 28.118 27.943 27.751 27.728 27.721 27.748 27.838 27.876 27.948 28.018 28.106 28.108 28.118 28.163 28.271 28.378 28.423 28.531 28.621 28.723 29.068 29.203
28.401 28.366 28.389 28.331 28.286 28.316 28.366 28.356 28.311 28.249 28.136 28.021 27.924 27.796 27.799 27.906 27.881 27.936 27.931 27.738 27.503 27.053 26.218 26.233 26.318 26.357 26.446 27.171 27.588 27.783 27.901 28.166 28.183 28.168 28.131 27.983 27.811 27.353 26.471 26.016 25.803 26.268 26.686 27.213 27.621 27.761 27.826 27.876 27.868 27.896 27.776 27.718 27.706 27.696 27.718 27.728 27.743 27.951 28.056 28.111 28.213 28.226 28.238 28.296 28.383 28.521 28.591 28.721 28.863 29.298 29.283
28.351 28.329 28.284 28.251 28.221 28.181 28.211 28.186 28.159 28.114 27.961 27.894 27.796 27.776 27.834 27.896 27.863 27.783 27.633 27.516 27.111 26.253 26.083 26.111 26.303 26.548 27.091 27.571 27.788 28.016 28.148 28.326 28.273 28.238 28.071 27.691 27.026 26.476 26.372 26.193 25.873 26.488 27.286 27.616 27.703 27.773 27.763 27.756 27.663 27.641 27.653 27.636 27.651 27.643 27.686 27.663 27.716 27.833 28.003 28.106 28.236 28.313 28.361 28.453 28.503 28.611 28.706 28.793 29.003 29.343 29.391
28.304 28.269 28.244 28.224 28.189 28.079 28.051 28.054 28.074 27.976 27.821 27.786 27.816 27.869 27.949 27.881 27.868 27.706 27.538 27.363 26.776 26.371 26.411 26.471 26.678 27.216 27.721 27.801 27.961 28.156 28.293 28.291 28.281 28.098 27.748 27.058 26.498 26.591 26.69 26.789 26.386 27.151 27.656 27.771 27.793 27.791 27.788 27.663 27.453 27.463 27.501 27.608 27.623 27.613 27.688 27.763 27.758 27.878 27.946 28.061 28.176 28.358 28.461 28.523 28.601 28.716 28.831 28.941 29.131 29.413 29.468
28.311 28.284 28.224 28.224 28.164 27.984 27.946 27.954 27.939 27.869 27.829 27.824 27.869 27.951 27.964 27.839 27.778 27.643 27.383 26.753 26.506 26.776 26.688 26.863 27.263 27.778 27.903 28.003 28.126 28.153 28.208 28.206 28.071 27.638 26.858 26.477 26.732 26.878 26.997 26.629 27.241 27.576 27.723 27.763 27.783 27.788 27.763 27.561 27.483 27.491 27.533 27.563 27.638 27.683 27.811 27.836 27.841 27.933 28.006 28.008 28.101 28.273 28.441 28.586 28.666 28.851 28.888 29.013 29.273 29.493 29.578
28.304 28.204 28.176 28.114 28.099 27.979 27.924 27.871 27.846 27.846 27.801 27.786 27.889 27.941 27.891 27.786 27.641 27.413 26.733 26.211 26.226 26.576 26.876 27.136 27.668 27.856 28.026 28.048 27.981 28.028 28.086 27.918 27.481 26.567 26.285 26.607 26.832 27.065 26.568 27.176 27.556 27.723 27.758 27.811 27.883 27.758 27.656 27.561 27.523 27.543 27.546 27.591 27.623 27.751 27.921 27.923 27.883 27.978 28.056 28.078 28.043 28.201 28.433 28.623 28.813 28.961 28.988 29.118 29.398 29.598 29.656
28.411 28.264 28.161 28.106 28.071 27.994 27.901 27.831 27.871 27.936 27.781 27.781 27.879 27.959 27.911 27.714 27.526 27.018 26.343 26.303 26.196 26.288 26.728 27.491 27.833 27.906 27.983 27.976 27.946 27.976 27.793 27.218 26.453 26.073 26.249 26.817 27.019 26.859 27.298 27.533 27.683 27.766 27.856 27.946 27.891 27.743 27.606 27.581 27.553 27.588 27.633 27.616 27.676 27.783 27.946 27.961 28.001 28.018 28.103 28.111 28.133 28.196 28.326 28.518 28.801 29.038 29.253 29.451 29.576 29.626 29.711
28.339 28.246 28.184 28.154 28.054 27.981 27.844 27.871 27.934 27.871 27.796 27.859 27.976 28.051 27.921 27.641 27.113 26.413 26.466 26.581 26.503 26.333 26.906 27.701 27.936 27.898 27.963 27.901 27.866 27.688 27.038 26.258 25.988 25.926 26.32 26.845 27.068 27.361 27.678 27.736 27.773 27.911 27.976 27.898 27.743 27.683 27.628 27.576 27.578 27.633 27.678 27.663 27.591 27.738 27.956 28.043 28.066 28.081 28.168 28.163 28.166 28.218 28.298 28.463 28.588 29.018 29.363 29.681 29.723 29.726 29.776
28.249 28.131 28.129 28.006 27.896 27.839 27.804 27.881 27.931 27.869 27.889 28.016 28.124 28.009 27.784 27.411 26.458 26.166 26.491 26.748 26.843 26.983 27.543 27.961 27.993 27.876 27.883 27.736 27.453 26.941 26.333 26.266 26.121 26.083 26.498 27.123 27.568 27.703 27.786 27.888 27.918 27.966 27.981 27.796 27.623 27.626 27.598 27.586 27.606 27.626 27.663 27.693 27.701 27.863 27.998 28.126 28.138 28.091 28.203 28.186 28.131 28.166 28.313 28.448 28.568 28.931 29.306 29.696 29.796 29.781 29.821
28.161 28.024 27.996 27.876 27.794 27.766 27.744 27.764 27.769 27.816 27.856 27.991 27.976 27.786 27.504 26.894 26.128 26.126 26.411 26.713 27.116 27.656 27.843 28.006 27.883 27.856 27.786 27.438 26.743 26.223 26.246 26.513 26.393 26.801 27.336 27.671 27.781 27.798 27.906 28.061 28.073 28.028 27.926 27.713 27.571 27.588 27.586 27.586 27.593 27.611 27.671 27.761 27.856 28.033 28.023 28.068 28.151 28.138 28.126 28.123 28.171 28.301 28.438 28.571 28.741 29.061 29.366 29.693 29.796 29.838 29.873
28.076 27.976 27.871 27.811 27.749 27.756 27.754 27.661 27.724 27.804 27.849 27.814 27.726 27.524 26.909 26.371 26.208 26.146 26.381 26.781 27.506 27.888 27.881 27.871 27.766 27.701 27.426 26.703 26.113 25.931 26.031 26.633 27.043 27.516 27.751 27.761 27.831 27.893 28.053 28.106 28.033 27.933 27.831 27.716 27.596 27.586 27.601 27.611 27.586 27.623 27.711 27.863 27.926 27.981 28.013 28.043 28.131 28.173 28.143 28.233 28.421 28.546 28.591 28.681 28.978 29.408 29.573 29.751 29.841 29.891 29.946
27.974 27.994 27.821 27.846 27.794 27.716 27.654 27.616 27.736 27.836 27.826 27.694 27.469 26.741 26.301 26.264 26.208 26.143 26.291 27.166 27.766 27.911 27.911 27.813 27.703 27.366 26.726 26.091 26.088 26.036 26.411 27.193 27.551 27.686 27.721 27.801 27.906 27.998 28.048 27.963 27.926 27.831 27.738 27.656 27.621 27.638 27.651 27.678 27.693 27.691 27.741 27.881 27.936 27.973 28.048 27.951 27.971 28.186 28.251 28.381 28.523 28.661 28.711 28.943 29.353 29.723 29.848 29.851 29.906 29.923 30.053
27.956 27.926 27.794 27.766 27.704 27.671 27.619 27.604 27.644 27.774 27.729 27.491 26.731 26.236 26.274 26.236 26.218 26.483 27.013 27.568 27.991 27.913 27.866 27.726 27.396 26.733 26.386 25.953 25.813 26.626 27.258 27.661 27.728 27.751 27.793 27.911 27.921 27.858 27.783 27.696 27.738 27.696 27.636 27.631 27.641 27.688 27.716 27.758 27.816 27.836 27.908 27.961 27.988 28.001 28.038 28.101 28.118 28.221 28.331 28.498 28.653 28.798 29.038 29.421 29.751 29.876 29.848 29.868 29.936 29.993 30.106
27.964 28.004 27.891 27.711 27.671 27.679 27.629 27.551 27.539 27.481 27.411 26.919 26.326 26.389 26.424 26.431 26.278 27.136 27.921 28.046 28.063 27.938 27.768 27.456 26.871 26.538 26.403 25.998 26.648 27.403 27.646 27.773 27.821 27.856 27.818 27.838 27.768 27.646 27.516 27.513 27.576 27.558 27.578 27.648 27.706 27.733 27.758 27.806 27.858 27.916 27.991 28.091 28.158 28.183 28.143 28.156 28.203 28.313 28.441 28.573 28.828 29.056 29.386 29.761 29.836 29.841 29.856 29.901 29.978 30.101 30.141
27.841 27.904 27.759 27.654 27.574 27.669 27.616 27.441 27.374 27.081 26.746 26.579 26.266 26.449 26.684 26.721 26.883 27.666 28.153 28.153 28.043 27.836 27.491 26.636 26.126 26.303 26.398 26.553 27.483 27.723 27.733 27.738 27.753 27.788 27.756 27.728 27.603 27.413 27.453 27.508 27.516 27.561 27.586 27.743 27.793 27.846 27.866 27.861 27.891 27.966 28.023 28.076 28.163 28.228 28.328 28.316 28.318 28.438 28.583 28.713 28.963 29.373 29.758 29.861 29.846 29.856 29.911 29.966 30.041 30.153 30.203
27.746 27.754 27.684 27.599 27.526 27.539 27.484 27.199 26.734 26.331 26.546 26.489 26.284 26.289 26.766 27.214 27.711 28.113 28.153 28.038 27.948 27.588 26.868 26.251 26.196 26.423 26.738 27.333 27.753 27.743 27.711 27.653 27.546 27.518 27.568 27.598 27.513 27.476 27.448 27.541 27.523 27.576 27.661 27.863 27.886 27.931 27.948 27.916 28.038 28.078 28.121 28.151 28.188 28.296 28.378 28.376 28.468 28.593 28.773 28.933 29.241 29.691 29.803 29.838 29.851 29.896 29.948 30.028 30.146 30.181 30.263
27.626 27.651 27.589 27.516 27.476 27.416 27.026 26.254 26.066 26.251 26.379 26.401 26.239 26.304 27.064 27.616 27.901 27.936 27.931 27.903 27.666 26.796 26.396 26.483 26.466 26.711 27.353 27.713 27.763 27.693 27.741 27.683 27.406 27.428 27.446 27.438 27.453 27.468 27.511 27.503 27.528 27.643 27.741 27.848 27.941 27.991 28.021 27.996 28.063 28.083 28.111 28.221 28.286 28.336 28.346 28.423 28.496 28.731 28.933 29.161 29.621 29.898 29.838 29.853 29.858 29.931 30.013 30.106 30.181 30.251 30.416
27.554 27.526 27.511 27.444 27.144 26.739 26.329 26.106 26.079 26.214 26.299 26.311 26.704 27.376 27.631 27.821 27.811 27.816 27.748 27.643 27.091 26.121 26.128 26.388 26.716 27.438 27.751 27.703 27.736 27.753 27.801 27.641 27.388 27.408 27.423 27.448 27.448 27.471 27.496 27.503 27.538 27.616 27.708 27.843 27.978 28.038 28.096 28.041 28.046 28.071 28.118 28.216 28.331 28.348 28.386 28.526 28.701 28.888 29.093 29.568 29.876 29.886 29.841 29.816 29.896 30.001 30.063 30.178 30.288 30.381 30.543
27.609 27.489 27.364 27.094 26.584 26.284 26.209 26.179 26.174 26.194 26.341 27.036 27.591 27.816 27.936 27.801 27.793 27.763 27.568 27.008 26.328 26.046 25.926 26.448 27.326 27.676 27.738 27.701 27.846 27.866 27.691 27.521 27.413 27.463 27.491 27.488 27.456 27.508 27.548 27.548 27.553 27.631 27.723 27.968 27.986 27.983 28.128 28.086 28.053 28.083 28.188 28.321 28.438 28.386 28.508 28.711 28.876 29.101 29.348 29.748 29.806 29.818 29.796 29.866 29.953 30.006 30.113 30.206 30.371 30.501 30.671
27.606 27.419 27.066 26.639 26.276 26.241 26.186 26.139 26.166 26.374 27.169 27.944 28.011 28.069 28.046 27.914 27.821 27.631 27.071 26.243 26.153 26.121 26.281 27.146 27.633 27.706 27.711 27.833 27.858 27.736 27.523 27.483 27.421 27.468 27.518 27.566 27.498 27.521 27.606 27.606 27.678 27.766 27.801 27.866 27.916 27.898 28.011 28.021 28.096 28.093 28.286 28.443 28.461 28.518 28.741 28.916 29.053 29.401 29.671 29.788 29.768 29.778 29.793 29.886 29.973 30.058 30.143 30.328 30.438 30.606 30.753
27.471 27.199 26.709 26.331 26.254 26.266 26.224 26.344 26.781 27.511 28.086 28.354 28.246 28.134 28.044 27.889 27.481 26.766 26.251 26.113 26.153 26.433 27.173 27.656 27.748 27.813 27.803 27.836 27.691 27.543 27.443 27.493 27.481 27.433 27.503 27.548 27.483 27.513 27.588 27.643 27.688 27.823 27.808 27.818 27.868 27.848 27.856 28.028 28.208 28.186 28.401 28.461 28.438 28.646 28.903 29.053 29.228 29.686 29.818 29.771 29.761 29.756 29.826 29.903 29.978 30.101 30.213 30.381 30.521 30.711 30.838
27.304 26.891 26.349 26.406 26.354 26.284 26.506 27.164 27.804 28.146 28.306 28.306 28.181 27.999 27.551 26.969 26.318 26.083 26.143 26.066 26.383 27.233 27.601 27.646 27.716 27.886 27.903 27.883 27.628 27.463 27.453 27.436 27.411 27.383 27.473 27.496 27.498 27.508 27.603 27.693 27.953 28.021 27.901 27.821 27.828 27.758 27.928 28.161 28.306 28.421 28.481 28.473 28.581 28.803 29.016 29.191 29.438 29.773 29.761 29.718 29.716 29.803 29.836 29.928 29.996 30.136 30.278 30.411 30.591 30.746 30.873
27.001 26.316 26.199 26.344 26.489 26.749 27.309 27.809 28.129 28.236 28.261 28.141 27.671 27.004 26.29 26.051 25.973 26.101 26.186 26.636 27.443 27.666 27.668 27.503 27.461 27.521 27.668 27.678 27.536 27.451 27.463 27.491 27.448 27.448 27.518 27.531 27.548 27.546 27.703 27.991 28.341 28.298 28.026 27.826 27.848 27.813 27.958 28.126 28.271 28.351 28.438 28.483 28.681 28.906 29.068 29.213 29.603 29.738 29.681 29.676 29.731 29.791 29.846 29.866 30.011 30.153 30.323 30.456 30.601 30.806 30.968
26.351 26.286 26.306 26.374 26.839 27.324 27.806 28.089 28.209 28.221 28.049 27.531 26.531 26.141 26.184 25.949 26.008 26.356 26.991 27.561 27.723 27.746 27.681 27.573 27.463 27.433 27.453 27.428 27.406 27.438 27.513 27.476 27.446 27.463 27.533 27.603 27.588 27.581 27.691 27.921 28.191 28.126 28.008 27.953 27.963 27.931 27.961 28.126 28.251 28.318 28.403 28.491 28.698 28.861 29.116 29.433 29.678 29.701 29.611 29.696 29.716 29.771 29.818 29.888 30.051 30.223 30.368 30.493 30.641 30.816 30.978
26.241 26.294 26.456 26.809 27.336 27.811 28.109 28.171 28.154 28.009 27.261 26.531 26.179 26.169 26.302 26.299 26.758 27.288 27.556 27.723 27.721 27.698 27.638 27.551 27.496 27.508 27.513 27.511 27.446 27.413 27.416 27.398 27.443 27.476 27.623 27.661 27.691 27.748 27.718 27.753 27.926 28.003 28.118 28.146 28.178 28.168 28.063 28.143 28.258 28.308 28.418 28.753 28.808 28.836 29.158 29.618 29.748 29.598 29.616 29.676 29.701 29.786 29.796 29.916 30.081 30.216 30.401 30.516 30.666 30.846 30.998
