LIDAR/se2886_DTM_2M.asc
ncols 500
nrows 500
xllcorner    428000
yllcorner    486000
cellsize     2
NODATA_value -9999
[rows 352 to 383 of 500, columns 72 to 143 of 500]
29.112 29.085 29.105 29.062 29.035 29.067 29.042 29.02 29.002 29.035 29.045 29.025 29.03 29.025 29.05 29.042 29.045 29.035 29.025 29.015 28.992 28.997 28.987 28.962 28.982 28.98 28.977 28.97 29 28.99 28.95 28.942 28.967 28.945 28.95 29 28.982 28.98 29 29.002 29.01 29.02 29.03 29.027 29.035 29.05 29.072 29.095 29.145 29.155 29.225 29.271 29.276 29.356 29.432 29.483 29.551 29.645 29.722 29.803 29.878 29.987 30.06 30.162 30.238 30.282 30.327 30.374 30.377 30.366 30.386 30.376
29.07 29.08 29.07 29.082 29.042 29.015 29.03 29.04 29 28.995 29.027 29 29.012 29.035 29.012 29.015 29.042 29.025 29.007 28.997 28.99 28.982 28.992 28.97 28.97 28.967 28.947 28.935 28.967 28.992 28.962 28.94 28.987 28.982 28.945 29.007 29.037 28.997 29.005 29.045 29.035 29.04 29.03 29.055 29.07 29.077 29.107 29.112 29.137 29.171 29.223 29.276 29.304 29.377 29.412 29.504 29.581 29.654 29.745 29.827 29.905 30.015 30.087 30.157 30.24 30.268 30.313 30.336 30.356 30.357 30.366 30.344
29.055 29.06 29.06 29.065 29.04 29.01 29.022 29.022 29.012 28.982 29.025 28.987 28.995 28.995 28.975 29.02 29.055 29.047 29.01 28.987 29 28.97 28.97 28.987 28.97 28.97 28.955 28.93 28.95 28.982 28.985 28.985 29 28.992 28.995 29.015 29.002 29.02 29.037 29.062 29.057 29.065 29.085 29.12 29.097 29.115 29.102 29.102 29.135 29.184 29.223 29.272 29.315 29.367 29.414 29.515 29.603 29.679 29.756 29.831 29.911 30.007 30.091 30.131 30.183 30.247 30.275 30.295 30.268 30.322 30.315 30.272
29.03 29.037 29.022 29.035 29.037 29.015 28.992 29.04 29.035 28.977 28.972 29.01 29 28.962 28.987 28.977 29.002 29.047 28.997 28.982 29 28.962 28.957 29.002 28.962 28.965 28.975 28.96 28.955 28.972 28.992 28.997 29.012 29.037 29.025 29.017 29.027 29.047 29.042 29.06 29.077 29.077 29.097 29.13 29.122 29.105 29.132 29.125 29.168 29.177 29.214 29.251 29.292 29.358 29.414 29.519 29.601 29.669 29.733 29.843 29.905 29.968 30.083 30.116 30.156 30.209 30.222 30.234 30.242 30.269 30.245 30.251
29.017 29.042 29.01 29.01 29.03 29.02 28.997 29.022 29.037 29.027 29.01 29.01 28.995 28.99 29.01 29.007 28.995 29.022 29.02 28.997 28.995 28.99 28.977 28.995 29.01 29.002 28.982 28.98 28.972 28.985 29.025 29.05 29.042 29.057 29.085 29.047 29.065 29.09 29.085 29.08 29.095 29.097 29.087 29.095 29.135 29.116 29.148 29.172 29.167 29.189 29.243 29.263 29.294 29.358 29.413 29.493 29.575 29.64 29.709 29.79 29.877 29.935 30.018 30.077 30.134 30.154 30.165 30.172 30.19 30.192 30.184 30.192
28.967 28.99 29.01 29.01 29.002 29.03 29.015 28.992 29.01 29.04 29.012 29.022 29.055 29.02 29.005 29.015 29.005 29.025 29.047 29.032 28.997 29.03 29.017 29.015 29.045 29.027 29 29.01 29.022 29.025 29.052 29.102 29.09 29.087 29.11 29.097 29.097 29.122 29.117 29.095 29.072 29.107 29.102 29.096 29.134 29.145 29.139 29.175 29.177 29.19 29.225 29.272 29.3 29.364 29.408 29.457 29.528 29.604 29.693 29.761 29.838 29.896 29.953 30.01 30.065 30.096 30.108 30.103 30.107 30.106 30.107 30.122
28.965 28.967 29.007 29.007 29.015 29.04 29.045 29.012 29.007 29.03 29.052 29.037 29.05 29.082 29.06 29.075 29.035 29.057 29.057 29.077 29.05 29.05 29.055 29.055 29.06 29.067 29.04 29.077 29.075 29.08 29.027 29.11 29.127 29.105 29.117 29.15 29.132 29.132 29.147 29.115 29.092 29.1 29.095 29.093 29.115 29.129 29.137 29.146 29.166 29.176 29.217 29.27 29.31 29.346 29.381 29.427 29.483 29.558 29.664 29.718 29.772 29.859 29.902 29.939 29.988 30.005 29.987 30.03 30.028 30.027 30.035 30.042
28.992 28.962 28.987 29.015 29.017 29.035 29.072 29.037 29.02 29.045 29.08 29.08 29.045 29.135 29.092 29.095 29.09 29.09 29.11 29.125 29.105 29.092 29.092 29.095 29.102 29.117 29.122 29.13 29.132 29.112 29.075 29.13 29.152 29.112 29.102 29.15 29.135 29.117 29.14 29.13 29.113 29.105 29.12 29.118 29.104 29.108 29.118 29.126 29.165 29.199 29.197 29.247 29.302 29.351 29.371 29.423 29.467 29.518 29.593 29.656 29.747 29.787 29.842 29.872 29.884 29.928 29.93 29.92 29.97 29.965 29.96 29.962
28.975 28.957 28.977 29.007 29.025 29.027 29.062 29.062 29.06 29.072 29.132 29.147 29.13 29.14 29.185 29.15 29.125 29.147 29.142 29.14 29.167 29.125 29.12 29.132 29.127 29.125 29.167 29.155 29.147 29.14 29.125 29.12 29.152 29.13 29.125 29.137 29.132 29.092 29.097 29.144 29.113 29.102 29.107 29.112 29.083 29.087 29.093 29.127 29.144 29.187 29.191 29.238 29.29 29.314 29.339 29.414 29.421 29.48 29.556 29.573 29.652 29.713 29.775 29.803 29.816 29.837 29.83 29.85 29.875 29.92 29.905 29.887
28.992 29.005 28.985 28.995 29.057 29.05 29.06 29.102 29.132 29.117 29.132 29.187 29.17 29.18 29.232 29.23 29.21 29.21 29.175 29.182 29.21 29.187 29.16 29.162 29.157 29.167 29.192 29.2 29.145 29.155 29.147 29.12 29.135 29.155 29.155 29.14 29.16 29.156 29.132 29.143 29.125 29.119 29.109 29.101 29.091 29.081 29.094 29.114 29.143 29.17 29.206 29.225 29.255 29.292 29.311 29.359 29.412 29.429 29.496 29.561 29.591 29.622 29.682 29.715 29.755 29.762 29.802 29.797 29.81 29.837 29.825 29.805
29.005 29.04 29.012 29.01 29.06 29.087 29.105 29.12 29.162 29.195 29.19 29.237 29.25 29.262 29.28 29.305 29.277 29.247 29.217 29.217 29.207 29.24 29.207 29.18 29.2 29.175 29.18 29.212 29.165 29.165 29.19 29.15 29.117 29.16 29.185 29.15 29.152 29.153 29.153 29.144 29.134 29.158 29.123 29.085 29.094 29.082 29.109 29.115 29.129 29.138 29.171 29.177 29.229 29.283 29.299 29.329 29.352 29.392 29.449 29.469 29.516 29.566 29.605 29.632 29.66 29.687 29.727 29.705 29.732 29.742 29.76 29.775
29.042 29.042 29.055 29.05 29.045 29.132 29.127 29.165 29.222 29.275 29.242 29.297 29.347 29.345 29.345 29.365 29.352 29.31 29.28 29.265 29.217 29.23 29.222 29.227 29.21 29.197 29.185 29.182 29.197 29.167 29.172 29.16 29.137 29.135 29.184 29.155 29.15 29.156 29.168 29.142 29.132 29.159 29.132 29.109 29.09 29.089 29.08 29.095 29.113 29.124 29.171 29.182 29.203 29.227 29.256 29.265 29.29 29.34 29.365 29.388 29.435 29.495 29.53 29.565 29.597 29.622 29.64 29.645 29.637 29.662 29.692 29.73
29.07 29.085 29.095 29.107 29.1 29.162 29.207 29.217 29.272 29.312 29.345 29.34 29.412 29.432 29.412 29.412 29.41 29.37 29.327 29.3 29.245 29.227 29.265 29.237 29.215 29.205 29.187 29.182 29.192 29.185 29.19 29.177 29.167 29.129 29.172 29.183 29.166 29.169 29.191 29.175 29.131 29.145 29.148 29.127 29.105 29.097 29.096 29.097 29.098 29.128 29.126 29.165 29.169 29.183 29.203 29.224 29.243 29.286 29.291 29.33 29.38 29.395 29.467 29.492 29.522 29.53 29.567 29.6 29.61 29.625 29.637 29.667
29.152 29.122 29.16 29.19 29.192 29.2 29.272 29.307 29.315 29.382 29.44 29.447 29.457 29.502 29.482 29.465 29.44 29.417 29.365 29.307 29.295 29.25 29.25 29.252 29.25 29.215 29.23 29.19 29.187 29.197 29.2 29.174 29.163 29.144 29.126 29.165 29.18 29.163 29.187 29.196 29.171 29.146 29.133 29.134 29.119 29.128 29.086 29.063 29.068 29.098 29.129 29.143 29.134 29.123 29.149 29.186 29.21 29.234 29.265 29.29 29.315 29.355 29.397 29.46 29.467 29.495 29.495 29.522 29.537 29.567 29.585 29.567
29.192 29.212 29.202 29.24 29.27 29.275 29.32 29.37 29.392 29.435 29.497 29.515 29.505 29.547 29.54 29.507 29.472 29.447 29.402 29.347 29.34 29.26 29.272 29.272 29.28 29.212 29.235 29.202 29.18 29.205 29.2 29.184 29.171 29.17 29.148 29.16 29.159 29.167 29.165 29.191 29.188 29.157 29.167 29.144 29.123 29.114 29.091 29.08 29.055 29.069 29.089 29.097 29.125 29.119 29.088 29.16 29.147 29.182 29.187 29.22 29.297 29.272 29.337 29.367 29.4 29.422 29.42 29.462 29.482 29.515 29.525 29.54
29.24 29.277 29.282 29.302 29.36 29.367 29.387 29.437 29.455 29.49 29.54 29.59 29.582 29.567 29.575 29.552 29.502 29.482 29.447 29.412 29.355 29.305 29.265 29.235 29.262 29.225 29.21 29.257 29.193 29.187 29.194 29.172 29.156 29.152 29.137 29.151 29.173 29.181 29.176 29.183 29.198 29.182 29.161 29.153 29.126 29.102 29.087 29.061 29.041 29.062 29.061 29.056 29.092 29.089 29.08 29.087 29.097 29.12 29.14 29.165 29.227 29.232 29.267 29.305 29.32 29.36 29.367 29.417 29.405 29.435 29.485 29.492
29.292 29.335 29.35 29.377 29.42 29.465 29.445 29.497 29.545 29.542 29.597 29.652 29.64 29.625 29.615 29.61 29.555 29.527 29.5 29.442 29.397 29.342 29.28 29.242 29.257 29.262 29.245 29.239 29.233 29.205 29.205 29.189 29.153 29.164 29.158 29.138 29.151 29.172 29.157 29.166 29.188 29.162 29.143 29.13 29.149 29.104 29.071 29.038 29.027 29.006 29.027 29.029 29.063 29.094 29.042 29.062 29.09 29.087 29.117 29.127 29.17 29.227 29.177 29.225 29.265 29.315 29.33 29.337 29.36 29.372 29.432 29.43
29.357 29.372 29.43 29.437 29.472 29.542 29.532 29.552 29.587 29.605 29.64 29.685 29.707 29.67 29.635 29.625 29.63 29.56 29.507 29.45 29.422 29.377 29.32 29.257 29.277 29.283 29.261 29.234 29.254 29.223 29.196 29.215 29.205 29.178 29.158 29.144 29.138 29.148 29.169 29.172 29.165 29.15 29.14 29.145 29.117 29.101 29.059 29.03 29.015 28.989 29.009 29.027 29.052 29.075 29.06 29.065 29.075 29.057 29.085 29.107 29.132 29.172 29.162 29.175 29.247 29.227 29.292 29.27 29.29 29.34 29.372 29.387
29.4 29.435 29.485 29.505 29.52 29.565 29.602 29.582 29.615 29.65 29.662 29.722 29.747 29.72 29.652 29.65 29.657 29.59 29.527 29.497 29.452 29.395 29.347 29.31 29.268 29.288 29.274 29.223 29.234 29.216 29.186 29.217 29.199 29.182 29.178 29.154 29.135 29.133 29.156 29.163 29.178 29.159 29.128 29.109 29.088 29.071 29.062 28.999 29 28.975 28.99 29.01 29.022 29.035 29.047 29.037 29.052 29.037 29.07 29.1 29.087 29.14 29.122 29.127 29.172 29.165 29.247 29.257 29.292 29.3 29.307 29.332
29.47 29.485 29.532 29.58 29.575 29.605 29.65 29.67 29.66 29.722 29.725 29.757 29.76 29.775 29.72 29.685 29.667 29.647 29.585 29.507 29.447 29.43 29.361 29.326 29.29 29.288 29.295 29.257 29.227 29.215 29.198 29.209 29.213 29.19 29.173 29.183 29.133 29.128 29.144 29.186 29.176 29.133 29.124 29.1 29.086 29.059 29.036 29.005 29.034 28.975 28.985 28.957 28.977 29.02 29.022 29.072 29.06 29.022 29.045 29.047 29.052 29.077 29.092 29.115 29.145 29.177 29.195 29.24 29.267 29.245 29.232 29.262
29.56 29.54 29.55 29.607 29.622 29.645 29.675 29.725 29.722 29.75 29.78 29.785 29.787 29.802 29.767 29.717 29.667 29.672 29.62 29.547 29.485 29.432 29.375 29.34 29.305 29.3 29.305 29.28 29.228 29.219 29.209 29.172 29.211 29.18 29.167 29.185 29.157 29.13 29.126 29.152 29.154 29.125 29.106 29.112 29.065 29.015 28.993 29.012 29.005 28.972 28.945 28.972 28.962 28.975 29.002 29.02 29.067 29.007 28.99 28.977 29.035 29.045 29.067 29.105 29.142 29.16 29.172 29.177 29.18 29.195 29.21 29.22
29.592 29.607 29.595 29.617 29.702 29.692 29.707 29.755 29.76 29.752 29.777 29.815 29.78 29.797 29.817 29.755 29.697 29.677 29.647 29.562 29.505 29.472 29.393 29.351 29.343 29.299 29.299 29.297 29.268 29.208 29.182 29.178 29.154 29.175 29.183 29.174 29.163 29.16 29.127 29.119 29.157 29.135 29.104 29.101 29.04 28.999 28.98 28.96 28.952 28.957 28.977 28.972 28.97 28.98 28.967 28.997 29.032 28.997 29 28.995 29.017 29.005 29.052 29.092 29.12 29.142 29.135 29.137 29.132 29.162 29.165 29.16
29.595 29.645 29.635 29.657 29.715 29.735 29.732 29.772 29.812 29.762 29.8 29.822 29.817 29.815 29.85 29.805 29.742 29.697 29.652 29.597 29.539 29.481 29.44 29.376 29.352 29.328 29.302 29.283 29.287 29.234 29.18 29.184 29.169 29.168 29.183 29.161 29.158 29.155 29.124 29.106 29.113 29.114 29.104 29.067 29.002 29.015 28.967 28.937 28.925 28.907 28.93 28.965 28.967 28.98 28.995 29.012 29.015 28.995 28.972 28.987 29 29.035 29.047 29.092 29.112 29.125 29.115 29.137 29.12 29.142 29.165 29.137
29.615 29.655 29.652 29.687 29.72 29.797 29.767 29.765 29.817 29.82 29.797 29.812 29.845 29.817 29.83 29.832 29.788 29.713 29.678 29.65 29.568 29.519 29.449 29.376 29.359 29.333 29.309 29.263 29.256 29.246 29.196 29.184 29.166 29.168 29.181 29.171 29.14 29.154 29.106 29.097 29.106 29.115 29.064 29.055 29.027 29.022 28.987 28.967 28.952 28.957 28.985 28.97 28.965 28.962 28.975 28.975 29.002 29 28.985 28.99 28.997 29.062 29.035 29.055 29.092 29.1 29.115 29.132 29.087 29.132 29.112 29.125
29.63 29.65 29.722 29.727 29.73 29.797 29.81 29.795 29.817 29.83 29.82 29.832 29.847 29.84 29.832 29.816 29.796 29.751 29.684 29.659 29.577 29.518 29.449 29.416 29.362 29.322 29.304 29.273 29.276 29.254 29.225 29.183 29.157 29.158 29.155 29.168 29.162 29.146 29.11 29.112 29.106 29.072 29.082 29.065 29.027 29.03 28.967 28.982 28.977 28.98 29 28.99 28.967 28.947 28.99 28.97 29 28.997 29.005 28.992 28.98 29.04 29.057 29.045 29.09 29.087 29.125 29.105 29.102 29.105 29.1 29.115
29.697 29.687 29.737 29.747 29.755 29.78 29.845 29.83 29.835 29.85 29.872 29.83 29.855 29.871 29.839 29.816 29.804 29.76 29.702 29.653 29.616 29.517 29.465 29.418 29.351 29.328 29.311 29.28 29.26 29.247 29.221 29.187 29.163 29.157 29.147 29.164 29.174 29.137 29.12 29.096 29.095 29.095 29.11 29.067 29.037 29.02 28.992 28.965 28.967 28.995 28.985 28.975 28.987 29.005 28.99 28.982 28.977 29.017 29.017 29.022 29.01 29.017 29.045 29.047 29.082 29.112 29.1 29.097 29.125 29.087 29.095 29.06
29.72 29.675 29.71 29.757 29.757 29.777 29.817 29.842 29.84 29.827 29.872 29.864 29.856 29.851 29.844 29.803 29.789 29.763 29.712 29.64 29.587 29.522 29.467 29.415 29.363 29.316 29.305 29.284 29.251 29.259 29.266 29.204 29.168 29.153 29.153 29.175 29.169 29.158 29.12 29.1 29.115 29.095 29.087 29.052 29.042 29.022 29.025 28.982 28.975 28.98 28.987 29.012 29.007 29.002 29.03 28.992 28.997 29.015 28.997 29.02 29.002 29.01 29.035 29.1 29.095 29.105 29.102 29.11 29.047 29.09 29.062 29.05
29.742 29.71 29.717 29.75 29.785 29.785 29.785 29.855 29.87 29.837 29.86 29.895 29.85 29.838 29.823 29.808 29.773 29.761 29.717 29.64 29.57 29.505 29.449 29.4 29.354 29.32 29.293 29.258 29.216 29.241 29.231 29.219 29.17 29.133 29.148 29.14 29.153 29.165 29.112 29.1 29.087 29.08 29.095 29.07 29.045 29.03 29.015 28.997 28.962 29.015 29.012 29.065 29.062 29.057 29.062 29.055 29.072 29.057 29.05 29.025 29.005 29.035 29.045 29.087 29.112 29.112 29.097 29.105 29.075 29.085 29.065 29.07
29.762 29.737 29.705 29.735 29.77 29.787 29.787 29.835 29.868 29.834 29.846 29.852 29.823 29.817 29.799 29.792 29.754 29.732 29.678 29.622 29.551 29.498 29.421 29.376 29.347 29.324 29.268 29.246 29.192 29.225 29.218 29.207 29.174 29.146 29.135 29.132 29.167 29.162 29.157 29.135 29.14 29.117 29.097 29.09 29.107 29.067 29.032 29.027 29.027 29.017 29.025 29.055 29.062 29.065 29.047 29.08 29.082 29.077 29.062 29.052 29.057 29.055 29.08 29.105 29.107 29.095 29.135 29.127 29.092 29.035 29.02 29.092
29.777 29.765 29.727 29.722 29.752 29.772 29.8 29.788 29.833 29.829 29.804 29.811 29.822 29.781 29.777 29.782 29.726 29.686 29.642 29.591 29.517 29.466 29.399 29.364 29.317 29.296 29.277 29.249 29.201 29.175 29.173 29.171 29.193 29.148 29.185 29.152 29.155 29.122 29.182 29.177 29.15 29.14 29.1 29.112 29.1 29.085 29.09 29.072 29.07 29.06 29.025 29.07 29.08 29.095 29.092 29.087 29.097 29.115 29.11 29.112 29.11 29.115 29.122 29.117 29.115 29.137 29.105 29.102 29.075 29.052 29.045 29.017
29.795 29.767 29.757 29.702 29.73 29.764 29.781 29.777 29.794 29.814 29.795 29.765 29.779 29.772 29.734 29.723 29.683 29.651 29.605 29.562 29.491 29.43 29.376 29.343 29.302 29.293 29.275 29.233 29.192 29.204 29.206 29.219 29.185 29.19 29.192 29.165 29.157 29.157 29.182 29.195 29.18 29.152 29.132 29.105 29.115 29.105 29.095 29.085 29.097 29.065 29.045 29.072 29.112 29.095 29.127 29.107 29.15 29.117 29.107 29.105 29.11 29.157 29.142 29.15 29.16 29.167 29.127 29.1 29.1 29.14 29.065 29.032
29.807 29.765 29.77 29.73 29.707 29.733 29.776 29.771 29.762 29.768 29.791 29.74 29.725 29.718 29.686 29.672 29.65 29.6 29.579 29.509 29.455 29.398 29.34 29.302 29.294 29.263 29.249 29.21 29.187 29.178 29.18 29.212 29.212 29.232 29.185 29.155 29.177 29.175 29.17 29.22 29.192 29.177 29.145 29.105 29.125 29.12 29.157 29.175 29.125 29.1 29.095 29.127 29.135 29.132 29.152 29.165 29.157 29.16 29.145 29.11 29.13 29.15 29.157 29.157 29.147 29.142 29.112 29.115 29.122 29.165 29.06 29.095
