LIDAR/se2886_DTM_2M.asc
ncols 500
nrows 500
xllcorner    428000
yllcorner    486000
cellsize     2
NODATA_value -9999
[rows 320 to 351 of 500, columns 216 to 287 of 500]
29.647 29.622 29.579 29.554 29.549 29.537 29.527 29.519 29.497 29.497 29.492 29.439 29.412 29.449 29.432 29.402 29.377 29.307 29.294 29.297 29.294 29.277 29.257 29.282 29.292 29.337 29.372 29.427 29.432 29.429 29.437 29.469 29.444 29.409 29.432 29.394 29.372 29.307 29.247 29.179 29.154 29.082 28.974 28.842 28.742 28.689 28.577 28.509 28.434 28.337 28.237 28.184 28.154 28.089 28.069 28.029 27.992 27.957 27.892 27.884 27.907 27.932 27.912 27.947 28.002 28.027 28.032 27.992 28.019 28.027 28.062 28.062
29.639 29.574 29.587 29.519 29.522 29.532 29.522 29.492 29.454 29.442 29.474 29.454 29.412 29.414 29.404 29.379 29.369 29.329 29.319 29.294 29.304 29.292 29.284 29.294 29.327 29.342 29.382 29.437 29.444 29.462 29.444 29.472 29.464 29.437 29.464 29.427 29.377 29.339 29.239 29.184 29.187 29.082 29.014 28.889 28.807 28.744 28.614 28.484 28.437 28.354 28.272 28.184 28.137 28.102 28.034 28.019 27.944 27.939 27.932 27.857 27.884 27.889 27.909 27.897 27.969 28.019 28.062 28.027 28.049 28.079 28.109 28.104
29.672 29.629 29.587 29.534 29.537 29.552 29.532 29.494 29.462 29.479 29.434 29.422 29.417 29.459 29.422 29.369 29.384 29.357 29.349 29.292 29.294 29.289 29.264 29.289 29.327 29.384 29.397 29.434 29.442 29.454 29.489 29.507 29.472 29.442 29.477 29.427 29.397 29.362 29.252 29.199 29.189 29.134 29.062 28.949 28.854 28.722 28.609 28.537 28.477 28.384 28.297 28.209 28.144 28.082 28.014 28.014 27.942 27.902 27.917 27.869 27.902 27.897 27.934 27.989 28.007 28.047 28.034 28.037 28.074 28.084 28.157 28.179
29.672 29.632 29.614 29.567 29.557 29.559 29.542 29.514 29.492 29.467 29.424 29.402 29.399 29.407 29.432 29.379 29.397 29.332 29.304 29.312 29.309 29.299 29.292 29.297 29.332 29.384 29.352 29.404 29.454 29.477 29.482 29.504 29.477 29.477 29.422 29.399 29.407 29.352 29.257 29.252 29.159 29.047 29.039 28.957 28.894 28.752 28.664 28.584 28.482 28.389 28.304 28.234 28.192 28.072 28.037 27.997 27.932 27.894 27.922 27.892 27.877 27.889 27.904 27.977 28.089 28.084 28.069 28.079 28.139 28.152 28.169 28.204
29.664 29.657 29.592 29.557 29.562 29.514 29.524 29.509 29.487 29.444 29.437 29.424 29.457 29.404 29.362 29.357 29.367 29.367 29.319 29.309 29.324 29.274 29.304 29.324 29.342 29.349 29.337 29.409 29.477 29.487 29.487 29.474 29.474 29.454 29.412 29.367 29.397 29.359 29.262 29.237 29.189 29.087 29.017 28.984 28.902 28.812 28.684 28.564 28.484 28.407 28.359 28.277 28.202 28.062 27.984 27.999 27.944 27.902 27.919 27.899 27.907 27.887 27.924 27.982 28.112 28.089 28.062 28.112 28.184 28.199 28.217 28.234
29.614 29.629 29.577 29.544 29.559 29.527 29.529 29.507 29.509 29.514 29.432 29.419 29.409 29.392 29.399 29.392 29.364 29.347 29.319 29.309 29.289 29.279 29.284 29.279 29.332 29.337 29.349 29.424 29.437 29.462 29.499 29.484 29.459 29.472 29.434 29.372 29.389 29.334 29.259 29.222 29.187 29.132 29.084 28.997 28.952 28.839 28.704 28.627 28.514 28.464 28.369 28.272 28.204 28.102 27.999 27.994 27.954 27.939 27.942 27.897 27.929 27.939 27.989 28.004 28.092 28.117 28.079 28.142 28.174 28.187 28.222 28.229
29.627 29.657 29.587 29.567 29.559 29.542 29.532 29.507 29.507 29.464 29.379 29.377 29.402 29.342 29.377 29.364 29.359 29.332 29.312 29.327 29.317 29.282 29.264 29.254 29.304 29.294 29.384 29.402 29.417 29.407 29.482 29.444 29.439 29.442 29.394 29.367 29.372 29.324 29.257 29.229 29.154 29.144 29.092 28.984 28.944 28.864 28.787 28.702 28.562 28.449 28.412 28.309 28.257 28.182 28.082 28.027 27.962 27.939 27.937 27.922 27.942 27.967 27.959 27.997 28.097 28.089 28.052 28.094 28.157 28.204 28.222 28.254
29.619 29.614 29.584 29.544 29.559 29.549 29.524 29.504 29.447 29.439 29.404 29.374 29.404 29.387 29.387 29.307 29.334 29.332 29.277 29.264 29.284 29.249 29.259 29.262 29.304 29.242 29.339 29.379 29.397 29.384 29.424 29.397 29.397 29.387 29.347 29.344 29.307 29.269 29.257 29.257 29.169 29.112 29.092 29.022 28.962 28.864 28.837 28.724 28.644 28.537 28.449 28.347 28.284 28.174 28.094 28.057 28.004 27.957 27.934 27.944 28.007 28.014 27.992 27.967 28.017 28.082 28.032 28.052 28.084 28.139 28.159 28.179
29.604 29.589 29.557 29.554 29.534 29.522 29.539 29.502 29.457 29.417 29.402 29.364 29.372 29.334 29.334 29.314 29.304 29.304 29.229 29.254 29.257 29.269 29.212 29.242 29.244 29.222 29.282 29.339 29.334 29.337 29.374 29.379 29.377 29.332 29.332 29.282 29.292 29.254 29.219 29.229 29.192 29.139 29.084 29.032 28.987 28.892 28.849 28.779 28.709 28.614 28.519 28.444 28.359 28.222 28.134 28.099 28.014 28.009 27.979 27.972 27.979 27.972 27.944 27.942 27.939 28.002 27.962 28.004 28.047 28.074 28.087 28.114
29.617 29.584 29.549 29.527 29.487 29.529 29.532 29.492 29.457 29.407 29.372 29.347 29.339 29.332 29.309 29.289 29.297 29.254 29.257 29.229 29.217 29.229 29.207 29.182 29.204 29.164 29.247 29.279 29.274 29.244 29.349 29.382 29.364 29.302 29.282 29.247 29.259 29.242 29.169 29.169 29.192 29.152 29.119 29.064 28.992 28.917 28.874 28.819 28.762 28.632 28.557 28.472 28.402 28.277 28.182 28.137 28.044 27.999 27.964 27.957 27.937 27.917 27.882 27.869 27.894 27.924 27.899 27.932 27.982 28.032 28.044 28.082
29.604 29.579 29.507 29.512 29.512 29.507 29.497 29.444 29.407 29.382 29.372 29.347 29.302 29.327 29.277 29.282 29.262 29.252 29.232 29.192 29.187 29.199 29.159 29.174 29.167 29.142 29.204 29.212 29.247 29.237 29.282 29.287 29.277 29.282 29.264 29.219 29.189 29.162 29.184 29.159 29.122 29.134 29.109 29.074 28.984 28.907 28.867 28.829 28.794 28.704 28.587 28.469 28.414 28.337 28.239 28.124 28.047 28.014 27.932 27.912 27.894 27.887 27.882 27.854 27.867 27.827 27.834 27.897 27.914 27.999 28.039 28.024
29.567 29.552 29.537 29.522 29.504 29.459 29.427 29.387 29.382 29.402 29.344 29.312 29.239 29.269 29.254 29.217 29.219 29.214 29.162 29.134 29.187 29.154 29.114 29.112 29.102 29.097 29.154 29.199 29.187 29.197 29.194 29.212 29.212 29.204 29.207 29.192 29.192 29.142 29.144 29.139 29.117 29.092 29.042 29.019 28.979 28.954 28.907 28.867 28.837 28.747 28.637 28.582 28.439 28.312 28.232 28.127 28.027 27.957 27.889 27.864 27.874 27.827 27.807 27.784 27.804 27.792 27.794 27.842 27.894 27.949 27.964 27.992
29.532 29.522 29.512 29.472 29.479 29.452 29.397 29.384 29.339 29.327 29.279 29.207 29.194 29.194 29.172 29.197 29.144 29.154 29.084 29.094 29.102 29.087 29.074 29.047 29.044 29.059 29.079 29.094 29.129 29.169 29.162 29.177 29.134 29.134 29.157 29.112 29.119 29.102 29.092 29.087 29.072 29.052 29.044 28.974 28.989 28.979 28.942 28.882 28.804 28.727 28.659 28.584 28.447 28.329 28.244 28.099 27.992 27.909 27.819 27.829 27.799 27.754 27.714 27.682 27.697 27.742 27.729 27.789 27.887 27.919 27.959 27.982
29.522 29.454 29.454 29.404 29.422 29.412 29.407 29.314 29.289 29.247 29.222 29.164 29.179 29.184 29.167 29.139 29.094 29.099 29.049 29.067 29.047 29.039 29.024 29.027 28.999 29.002 29.057 29.042 29.042 29.069 29.082 29.089 29.054 29.089 29.049 29.062 29.057 29.069 29.067 29.059 29.009 29.067 29.044 28.987 28.967 28.984 28.957 28.854 28.837 28.754 28.642 28.569 28.462 28.337 28.247 28.127 27.997 27.867 27.819 27.794 27.749 27.714 27.664 27.569 27.624 27.654 27.692 27.769 27.837 27.912 27.972 27.979
29.464 29.429 29.412 29.377 29.367 29.352 29.327 29.249 29.239 29.197 29.169 29.149 29.119 29.132 29.142 29.017 29.027 29.019 29.014 29.029 29.024 29.017 29.014 28.987 28.979 28.982 28.989 29.027 29.024 29.042 29.067 29.024 29.014 29.027 28.984 28.992 29.024 29.009 29.037 29.002 29.002 29.027 28.992 28.942 28.967 28.929 28.947 28.902 28.889 28.754 28.659 28.574 28.437 28.329 28.229 28.092 27.994 27.864 27.802 27.762 27.712 27.657 27.632 27.599 27.607 27.619 27.687 27.752 27.829 27.904 27.964 27.977
29.414 29.389 29.354 29.344 29.322 29.312 29.267 29.209 29.189 29.167 29.127 29.112 29.072 29.042 29.057 29.002 28.989 28.952 28.969 28.964 28.947 28.949 28.969 28.964 28.942 28.949 28.949 28.974 28.997 28.989 28.987 29.034 29.007 29.022 28.982 28.972 28.984 29.012 28.994 28.972 29.052 29.012 28.972 28.954 28.994 28.967 28.957 28.902 28.859 28.754 28.684 28.597 28.447 28.359 28.227 28.064 27.947 27.812 27.782 27.729 27.622 27.602 27.617 27.572 27.584 27.614 27.689 27.752 27.812 27.889 27.987 27.977
29.397 29.367 29.304 29.274 29.262 29.289 29.244 29.194 29.147 29.147 29.069 29.017 29.027 28.959 28.927 28.939 28.942 28.907 28.864 28.887 28.917 28.922 28.927 28.924 28.907 28.932 28.924 28.932 28.964 29.004 28.977 28.974 28.999 28.997 28.972 28.972 28.967 28.994 29.009 29.014 29.049 29.037 28.989 28.984 28.997 28.997 28.984 28.939 28.854 28.767 28.654 28.574 28.424 28.319 28.219 28.087 27.984 27.889 27.774 27.712 27.599 27.574 27.562 27.567 27.547 27.572 27.664 27.732 27.794 27.892 27.942 27.972
29.337 29.282 29.267 29.227 29.174 29.224 29.164 29.124 29.067 29.067 29.024 28.979 28.917 28.894 28.907 28.904 28.889 28.874 28.832 28.857 28.899 28.862 28.877 28.917 28.854 28.897 28.932 28.972 28.957 28.967 28.962 28.957 28.994 28.982 28.972 28.962 28.984 29.012 29.014 29.067 29.047 29.059 29.049 28.997 29.029 29.009 28.964 28.944 28.842 28.774 28.669 28.552 28.467 28.322 28.189 28.109 27.992 27.889 27.764 27.679 27.617 27.517 27.509 27.522 27.529 27.562 27.644 27.732 27.789 27.864 27.914 27.947
29.267 29.227 29.197 29.187 29.179 29.149 29.104 29.052 29.017 28.984 28.957 28.917 28.867 28.842 28.864 28.842 28.844 28.812 28.809 28.819 28.819 28.817 28.852 28.909 28.864 28.899 28.912 28.934 28.964 28.969 28.949 28.959 28.992 28.999 28.959 28.964 28.962 28.997 29.037 29.047 29.089 29.084 29.089 29.034 29.042 29.019 29.017 28.937 28.847 28.799 28.699 28.592 28.542 28.412 28.252 28.112 27.997 27.867 27.762 27.644 27.574 27.559 27.517 27.547 27.502 27.549 27.649 27.739 27.789 27.847 27.909 27.919
29.184 29.169 29.149 29.157 29.119 29.069 28.992 28.977 28.987 28.962 28.909 28.849 28.817 28.809 28.819 28.797 28.799 28.784 28.784 28.749 28.747 28.752 28.817 28.867 28.872 28.897 28.907 28.927 28.969 28.942 28.994 28.984 28.989 29.037 29.029 29.009 29.039 29.049 29.057 29.059 29.057 29.097 29.102 29.057 29.084 29.067 28.999 28.974 28.917 28.839 28.769 28.599 28.519 28.394 28.282 28.144 28.027 27.892 27.759 27.652 27.592 27.562 27.517 27.539 27.517 27.542 27.642 27.744 27.772 27.857 27.894 27.944
29.147 29.127 29.072 29.067 29.034 29.004 28.969 28.929 28.912 28.854 28.842 28.804 28.807 28.772 28.747 28.744 28.709 28.727 28.724 28.739 28.769 28.757 28.789 28.832 28.849 28.912 28.942 28.934 28.997 28.982 29.032 29.057 29.059 29.069 29.082 29.094 29.094 29.087 29.107 29.134 29.127 29.112 29.097 29.067 29.084 29.112 29.039 29.002 28.967 28.859 28.797 28.659 28.542 28.477 28.362 28.199 28.097 27.872 27.794 27.677 27.589 27.544 27.444 27.517 27.472 27.532 27.639 27.722 27.807 27.839 27.877 27.914
29.047 29.074 29.024 28.997 28.989 28.942 28.909 28.872 28.822 28.819 28.809 28.747 28.737 28.764 28.697 28.682 28.657 28.687 28.687 28.704 28.717 28.744 28.802 28.859 28.864 28.917 28.982 29.029 29.072 29.064 29.102 29.134 29.127 29.127 29.094 29.149 29.154 29.159 29.152 29.129 29.144 29.152 29.182 29.152 29.122 29.129 29.084 29.039 28.957 28.902 28.824 28.707 28.657 28.492 28.334 28.219 28.032 27.924 27.817 27.672 27.564 27.514 27.497 27.474 27.449 27.537 27.609 27.699 27.792 27.827 27.852 27.892
28.974 28.999 28.969 28.944 28.957 28.897 28.864 28.812 28.757 28.742 28.739 28.712 28.687 28.669 28.662 28.684 28.632 28.622 28.647 28.632 28.662 28.727 28.772 28.827 28.892 28.964 28.982 29.042 29.117 29.092 29.129 29.157 29.174 29.172 29.197 29.217 29.219 29.204 29.204 29.197 29.209 29.187 29.192 29.194 29.174 29.174 29.119 29.047 28.982 28.939 28.837 28.737 28.647 28.572 28.367 28.239 28.069 27.922 27.822 27.722 27.579 27.524 27.507 27.484 27.479 27.524 27.597 27.677 27.717 27.779 27.852 27.867
28.962 28.942 28.887 28.862 28.899 28.874 28.807 28.797 28.739 28.724 28.687 28.649 28.609 28.639 28.604 28.609 28.584 28.602 28.609 28.612 28.649 28.757 28.784 28.824 28.889 28.992 29.042 29.077 29.167 29.214 29.247 29.254 29.257 29.254 29.299 29.282 29.257 29.242 29.214 29.269 29.279 29.244 29.234 29.239 29.207 29.194 29.154 29.122 28.999 28.942 28.862 28.747 28.639 28.557 28.434 28.317 28.124 27.964 27.864 27.734 27.614 27.529 27.522 27.507 27.437 27.509 27.569 27.669 27.714 27.759 27.812 27.829
28.874 28.912 28.882 28.824 28.832 28.814 28.782 28.732 28.682 28.659 28.607 28.582 28.559 28.594 28.579 28.582 28.564 28.649 28.622 28.647 28.667 28.757 28.824 28.869 28.917 29.049 29.084 29.182 29.232 29.259 29.299 29.347 29.357 29.337 29.327 29.332 29.347 29.282 29.287 29.332 29.324 29.289 29.287 29.284 29.277 29.249 29.212 29.147 29.062 28.977 28.897 28.767 28.684 28.572 28.462 28.324 28.144 27.982 27.892 27.774 27.649 27.562 27.584 27.547 27.457 27.497 27.542 27.619 27.692 27.744 27.784 27.804
28.854 28.864 28.867 28.814 28.809 28.732 28.704 28.639 28.622 28.672 28.622 28.539 28.527 28.572 28.574 28.592 28.577 28.629 28.647 28.649 28.664 28.742 28.839 28.914 28.989 29.042 29.137 29.264 29.269 29.287 29.319 29.389 29.417 29.384 29.384 29.432 29.397 29.332 29.329 29.367 29.359 29.302 29.312 29.329 29.317 29.307 29.272 29.172 29.107 29.017 28.937 28.802 28.707 28.587 28.459 28.314 28.169 28.017 27.879 27.759 27.632 27.537 27.574 27.544 27.462 27.487 27.519 27.604 27.669 27.744 27.782 27.784
28.847 28.824 28.792 28.797 28.739 28.719 28.667 28.617 28.637 28.639 28.619 28.572 28.517 28.502 28.559 28.579 28.574 28.577 28.607 28.732 28.734 28.817 28.897 28.962 29.062 29.124 29.169 29.274 29.347 29.352 29.379 29.424 29.464 29.452 29.427 29.419 29.419 29.402 29.409 29.392 29.397 29.359 29.359 29.349 29.372 29.309 29.307 29.224 29.152 29.072 28.942 28.827 28.732 28.652 28.454 28.337 28.187 28.037 27.872 27.752 27.652 27.639 27.607 27.504 27.447 27.449 27.512 27.554 27.657 27.719 27.779 27.784
28.797 28.782 28.769 28.774 28.752 28.704 28.619 28.614 28.607 28.592 28.537 28.542 28.507 28.544 28.599 28.577 28.542 28.532 28.627 28.694 28.729 28.827 28.939 29.002 29.107 29.167 29.249 29.352 29.387 29.397 29.449 29.487 29.477 29.452 29.487 29.437 29.437 29.442 29.452 29.424 29.472 29.424 29.412 29.372 29.407 29.349 29.317 29.252 29.137 29.074 28.957 28.877 28.787 28.637 28.497 28.344 28.192 28.047 27.894 27.744 27.702 27.649 27.597 27.504 27.437 27.462 27.519 27.554 27.669 27.687 27.709 27.737
28.769 28.742 28.777 28.754 28.739 28.704 28.629 28.609 28.569 28.539 28.567 28.537 28.544 28.564 28.577 28.529 28.572 28.612 28.669 28.724 28.794 28.924 29.007 29.047 29.132 29.204 29.264 29.387 29.419 29.427 29.482 29.474 29.477 29.482 29.479 29.452 29.449 29.447 29.437 29.447 29.487 29.457 29.447 29.432 29.427 29.362 29.337 29.232 29.157 29.089 28.997 28.909 28.797 28.607 28.482 28.367 28.194 28.054 27.909 27.787 27.684 27.629 27.619 27.489 27.409 27.399 27.467 27.549 27.589 27.654 27.642 27.672
28.729 28.739 28.749 28.712 28.637 28.644 28.627 28.589 28.572 28.507 28.517 28.479 28.524 28.517 28.584 28.572 28.612 28.667 28.727 28.759 28.842 28.967 29.009 29.089 29.144 29.234 29.294 29.359 29.429 29.464 29.504 29.484 29.489 29.512 29.494 29.432 29.459 29.482 29.479 29.482 29.459 29.484 29.429 29.422 29.414 29.372 29.347 29.279 29.214 29.142 29.034 28.954 28.814 28.637 28.514 28.399 28.214 28.029 27.909 27.787 27.709 27.662 27.604 27.472 27.407 27.404 27.439 27.482 27.529 27.589 27.614 27.627
28.707 28.709 28.719 28.657 28.657 28.657 28.627 28.574 28.554 28.564 28.542 28.522 28.527 28.534 28.562 28.602 28.617 28.627 28.702 28.817 28.874 28.962 29.029 29.147 29.174 29.254 29.359 29.384 29.419 29.452 29.459 29.447 29.442 29.482 29.474 29.459 29.469 29.482 29.477 29.487 29.472 29.447 29.434 29.419 29.419 29.387 29.367 29.297 29.257 29.172 29.024 28.947 28.792 28.644 28.517 28.404 28.237 28.054 27.869 27.752 27.694 27.639 27.557 27.457 27.382 27.422 27.409 27.474 27.499 27.534 27.597 27.594
28.714 28.712 28.722 28.669 28.654 28.647 28.654 28.604 28.577 28.564 28.572 28.524 28.514 28.564 28.607 28.592 28.647 28.682 28.737 28.834 28.909 29.024 29.042 29.159 29.209 29.282 29.327 29.379 29.414 29.457 29.459 29.509 29.449 29.447 29.449 29.472 29.452 29.459 29.452 29.454 29.457 29.409 29.429 29.469 29.442 29.437 29.382 29.287 29.244 29.134 29.067 28.964 28.822 28.662 28.514 28.352 28.227 28.034 27.849 27.739 27.722 27.659 27.549 27.427 27.367 27.387 27.382 27.427 27.459 27.482 27.512 27.554
