LIDAR/se2887_DTM_2M.asc
ncols 500
nrows 500
xllcorner    428000
yllcorner    487000
cellsize     2
NODATA_value -9999
[rows 160 to 191 of 500, columns 71 to 141 of 500]
32.007 32.009 31.972 31.954 31.934 31.914 31.892 31.887 31.879 31.874 31.894 31.907 31.927 31.987 32.034 32.119 32.202 32.239 32.309 32.389 32.429 32.474 32.532 32.549 32.604 32.652 32.617 32.669 32.667 32.637 32.664 32.672 32.624 32.619 32.607 32.579 32.562 32.519 32.477 32.439 32.449 32.439 32.427 32.427 32.429 32.449 32.439 32.464 32.502 32.532 32.557 32.552 32.589 32.619 32.644 32.742 32.864 32.919 32.994 33.012 33.014 33.009 32.992 33.067 33.152 33.172 33.179 33.237 33.264 33.307 33.269
32.009 32.004 31.969 31.949 31.917 31.889 31.844 31.854 31.837 31.814 31.829 31.847 31.894 31.964 32.014 32.094 32.182 32.247 32.329 32.384 32.432 32.487 32.552 32.582 32.617 32.654 32.662 32.672 32.667 32.649 32.679 32.662 32.664 32.637 32.632 32.612 32.584 32.529 32.497 32.467 32.442 32.429 32.397 32.427 32.399 32.402 32.394 32.404 32.444 32.487 32.477 32.497 32.539 32.559 32.584 32.694 32.797 32.842 32.912 32.862 32.877 32.907 32.867 33.014 33.064 33.054 33.124 33.157 33.142 33.174 33.159
32.062 31.994 31.972 31.979 31.917 31.879 31.829 31.822 31.822 31.804 31.797 31.809 31.857 31.929 32.009 32.084 32.157 32.244 32.339 32.402 32.439 32.487 32.552 32.594 32.634 32.709 32.682 32.704 32.687 32.719 32.712 32.724 32.694 32.679 32.677 32.632 32.582 32.534 32.512 32.457 32.417 32.399 32.382 32.374 32.327 32.344 32.377 32.377 32.397 32.412 32.439 32.434 32.462 32.477 32.509 32.614 32.729 32.792 32.827 32.804 32.819 32.824 32.834 32.904 32.977 32.999 33.007 33.054 33.074 33.057 33.094
32.107 32.074 32.032 31.992 31.939 31.879 31.867 31.837 31.804 31.782 31.789 31.772 31.832 31.909 31.967 32.057 32.144 32.227 32.312 32.399 32.472 32.542 32.582 32.629 32.659 32.719 32.759 32.762 32.769 32.772 32.764 32.779 32.739 32.694 32.684 32.657 32.592 32.552 32.529 32.462 32.412 32.377 32.364 32.344 32.317 32.324 32.349 32.372 32.362 32.402 32.424 32.387 32.392 32.429 32.482 32.579 32.667 32.729 32.754 32.774 32.797 32.774 32.812 32.864 32.904 32.909 32.934 32.949 32.997 32.994 32.979
32.172 32.124 32.084 32.034 31.984 31.927 31.874 31.857 31.797 31.782 31.797 31.787 31.829 31.869 31.924 32.034 32.114 32.217 32.312 32.384 32.474 32.552 32.612 32.677 32.719 32.767 32.809 32.797 32.814 32.787 32.812 32.814 32.782 32.719 32.712 32.689 32.667 32.582 32.507 32.444 32.424 32.382 32.327 32.337 32.327 32.297 32.299 32.327 32.327 32.334 32.369 32.354 32.379 32.412 32.412 32.534 32.579 32.682 32.684 32.654 32.699 32.699 32.734 32.827 32.829 32.832 32.829 32.894 32.892 32.902 32.897
32.249 32.187 32.137 32.059 32.024 31.967 31.887 31.857 31.807 31.789 31.772 31.772 31.819 31.839 31.912 32.007 32.087 32.172 32.294 32.377 32.449 32.574 32.612 32.679 32.742 32.807 32.832 32.882 32.839 32.849 32.884 32.859 32.824 32.799 32.767 32.697 32.647 32.582 32.537 32.452 32.399 32.379 32.344 32.347 32.304 32.299 32.279 32.304 32.312 32.304 32.319 32.319 32.317 32.349 32.364 32.504 32.554 32.637 32.617 32.609 32.624 32.614 32.617 32.744 32.742 32.739 32.742 32.804 32.814 32.852 32.819
32.319 32.249 32.177 32.139 32.079 32.012 31.969 31.917 31.844 31.814 31.784 31.784 31.799 31.822 31.904 31.969 32.074 32.169 32.279 32.392 32.474 32.574 32.634 32.679 32.767 32.819 32.854 32.904 32.909 32.894 32.912 32.894 32.857 32.829 32.797 32.727 32.642 32.594 32.502 32.467 32.409 32.382 32.372 32.334 32.314 32.274 32.269 32.277 32.302 32.282 32.294 32.304 32.302 32.317 32.344 32.469 32.522 32.574 32.594 32.599 32.627 32.564 32.577 32.679 32.667 32.667 32.694 32.724 32.762 32.754 32.747
32.422 32.344 32.254 32.209 32.144 32.059 32.012 31.947 31.894 31.854 31.802 31.799 31.809 31.812 31.894 31.957 32.037 32.147 32.249 32.382 32.472 32.572 32.654 32.709 32.799 32.862 32.887 32.939 32.954 32.949 32.909 32.899 32.894 32.854 32.804 32.737 32.669 32.609 32.514 32.479 32.394 32.364 32.342 32.304 32.299 32.269 32.262 32.272 32.304 32.289 32.282 32.292 32.299 32.299 32.319 32.454 32.512 32.524 32.487 32.484 32.537 32.512 32.514 32.584 32.599 32.604 32.624 32.642 32.667 32.672 32.669
32.484 32.424 32.324 32.269 32.177 32.104 32.044 31.979 31.917 31.882 31.857 31.847 31.834 31.822 31.894 31.929 32.022 32.129 32.237 32.339 32.419 32.557 32.654 32.719 32.812 32.867 32.884 32.949 32.984 32.979 32.934 32.949 32.919 32.864 32.842 32.742 32.657 32.607 32.527 32.449 32.409 32.389 32.347 32.339 32.312 32.269 32.299 32.312 32.332 32.284 32.309 32.277 32.272 32.267 32.329 32.422 32.449 32.492 32.472 32.514 32.454 32.442 32.452 32.524 32.489 32.519 32.552 32.562 32.599 32.587 32.569
32.542 32.472 32.399 32.357 32.247 32.137 32.114 32.039 31.969 31.944 31.884 31.867 31.854 31.847 31.882 31.919 32.029 32.129 32.234 32.342 32.439 32.557 32.652 32.762 32.834 32.869 32.937 32.982 32.987 32.989 32.974 32.982 32.944 32.889 32.812 32.739 32.697 32.592 32.514 32.447 32.407 32.377 32.327 32.312 32.342 32.324 32.342 32.337 32.322 32.277 32.292 32.299 32.282 32.242 32.322 32.429 32.439 32.484 32.472 32.407 32.404 32.389 32.387 32.437 32.434 32.462 32.482 32.457 32.529 32.514 32.522
32.617 32.524 32.447 32.392 32.312 32.184 32.167 32.097 32.014 31.984 31.927 31.887 31.899 31.877 31.902 31.934 32.024 32.102 32.212 32.322 32.422 32.562 32.664 32.759 32.824 32.909 32.962 32.999 33.002 32.997 32.987 32.984 32.952 32.904 32.827 32.757 32.687 32.622 32.509 32.462 32.399 32.369 32.364 32.322 32.334 32.332 32.332 32.339 32.299 32.294 32.292 32.257 32.269 32.242 32.297 32.409 32.412 32.474 32.437 32.412 32.387 32.342 32.387 32.397 32.342 32.367 32.394 32.437 32.467 32.454 32.449
32.659 32.584 32.519 32.457 32.329 32.269 32.204 32.124 32.067 32.052 31.987 31.944 31.922 31.907 31.932 31.989 32.042 32.117 32.227 32.322 32.437 32.564 32.647 32.744 32.809 32.889 32.967 33.017 32.997 32.967 33.002 33.012 32.969 32.914 32.824 32.769 32.712 32.587 32.499 32.462 32.414 32.374 32.352 32.354 32.342 32.309 32.329 32.334 32.302 32.292 32.277 32.267 32.277 32.272 32.319 32.367 32.424 32.449 32.437 32.447 32.314 32.254 32.307 32.292 32.274 32.284 32.297 32.369 32.407 32.424 32.374
32.687 32.609 32.527 32.449 32.354 32.279 32.252 32.134 32.084 32.097 32.027 31.999 31.957 31.974 31.949 31.982 32.047 32.127 32.254 32.309 32.434 32.564 32.632 32.727 32.812 32.887 32.947 32.969 33.019 32.997 33.027 33.019 32.944 32.904 32.842 32.794 32.719 32.594 32.527 32.454 32.414 32.387 32.377 32.329 32.307 32.312 32.342 32.357 32.332 32.314 32.262 32.284 32.257 32.244 32.309 32.382 32.409 32.467 32.457 32.437 32.227 32.177 32.202 32.184 32.174 32.189 32.247 32.299 32.314 32.342 32.307
32.707 32.649 32.567 32.507 32.379 32.319 32.302 32.187 32.149 32.082 32.062 32.029 31.994 31.997 31.989 32.029 32.067 32.119 32.249 32.329 32.422 32.534 32.649 32.727 32.804 32.867 32.944 32.952 33.012 32.997 32.987 33.004 32.932 32.899 32.822 32.774 32.697 32.587 32.537 32.467 32.414 32.382 32.362 32.339 32.319 32.312 32.337 32.329 32.307 32.292 32.249 32.264 32.259 32.252 32.309 32.389 32.437 32.442 32.404 32.319 32.204 32.162 32.129 32.152 32.094 32.149 32.114 32.214 32.244 32.277 32.244
32.717 32.649 32.587 32.519 32.392 32.339 32.299 32.217 32.149 32.134 32.104 32.044 32.044 32.014 32.022 32.099 32.124 32.164 32.272 32.344 32.444 32.549 32.642 32.719 32.809 32.879 32.942 32.964 32.982 32.999 33.012 32.999 32.939 32.902 32.834 32.754 32.682 32.597 32.539 32.447 32.414 32.397 32.377 32.332 32.327 32.327 32.294 32.322 32.289 32.269 32.232 32.264 32.257 32.259 32.274 32.377 32.409 32.417 32.319 32.202 32.099 32.037 32.037 32.029 32.002 32.014 32.062 32.139 32.149 32.187 32.154
32.722 32.632 32.577 32.534 32.402 32.359 32.297 32.202 32.154 32.162 32.107 32.089 32.067 32.074 32.074 32.114 32.149 32.232 32.314 32.347 32.464 32.567 32.649 32.714 32.817 32.857 32.939 32.977 32.959 32.979 33.004 32.972 32.932 32.922 32.847 32.782 32.709 32.622 32.554 32.457 32.432 32.384 32.367 32.349 32.344 32.314 32.294 32.324 32.274 32.242 32.232 32.199 32.199 32.229 32.257 32.314 32.354 32.357 32.299 32.152 32.032 31.999 31.937 31.912 31.942 31.929 31.974 32.024 32.074 32.077 32.052
32.694 32.637 32.557 32.504 32.427 32.362 32.269 32.207 32.182 32.169 32.119 32.122 32.099 32.094 32.127 32.179 32.194 32.269 32.347 32.397 32.487 32.592 32.639 32.709 32.817 32.862 32.924 32.944 32.952 32.967 32.967 32.924 32.904 32.887 32.837 32.759 32.669 32.627 32.567 32.492 32.432 32.402 32.372 32.352 32.359 32.334 32.304 32.299 32.249 32.242 32.207 32.199 32.199 32.164 32.252 32.287 32.324 32.349 32.239 32.079 31.954 31.884 31.892 31.852 31.874 31.879 31.924 31.967 32.009 32.024 31.994
32.644 32.587 32.519 32.444 32.399 32.337 32.287 32.217 32.179 32.174 32.137 32.117 32.144 32.147 32.159 32.204 32.249 32.299 32.389 32.437 32.499 32.607 32.672 32.732 32.807 32.859 32.912 32.949 32.937 32.949 32.949 32.919 32.887 32.872 32.819 32.777 32.699 32.644 32.602 32.522 32.464 32.444 32.392 32.377 32.339 32.332 32.304 32.274 32.247 32.214 32.202 32.167 32.132 32.144 32.197 32.244 32.272 32.282 32.199 32.077 31.857 31.802 31.807 31.757 31.774 31.772 31.819 31.874 31.907 31.944 31.929
32.609 32.549 32.494 32.437 32.364 32.324 32.264 32.202 32.197 32.167 32.134 32.114 32.132 32.174 32.209 32.264 32.294 32.327 32.397 32.482 32.562 32.634 32.687 32.767 32.819 32.852 32.904 32.919 32.922 32.929 32.932 32.892 32.879 32.869 32.842 32.802 32.742 32.627 32.594 32.542 32.482 32.487 32.447 32.409 32.362 32.312 32.307 32.247 32.219 32.182 32.154 32.114 32.044 32.082 32.144 32.172 32.194 32.204 32.094 31.907 31.807 31.742 31.727 31.689 31.684 31.682 31.717 31.779 31.792 31.802 31.822
32.559 32.459 32.422 32.384 32.319 32.262 32.222 32.197 32.177 32.149 32.147 32.177 32.152 32.172 32.222 32.292 32.314 32.369 32.447 32.504 32.589 32.662 32.682 32.757 32.804 32.862 32.897 32.917 32.934 32.907 32.912 32.892 32.867 32.867 32.827 32.797 32.747 32.684 32.607 32.597 32.539 32.512 32.469 32.414 32.344 32.307 32.267 32.239 32.204 32.159 32.104 32.074 32.029 32.039 32.079 32.097 32.134 32.129 32.162 31.924 31.754 31.657 31.614 31.599 31.587 31.619 31.669 31.702 31.729 31.762 31.754
32.487 32.449 32.404 32.317 32.294 32.242 32.192 32.142 32.142 32.104 32.134 32.179 32.164 32.214 32.259 32.329 32.374 32.402 32.469 32.512 32.592 32.664 32.697 32.759 32.809 32.869 32.874 32.874 32.907 32.902 32.879 32.872 32.857 32.834 32.817 32.787 32.739 32.689 32.654 32.582 32.554 32.519 32.467 32.434 32.357 32.292 32.252 32.184 32.162 32.112 32.044 32.019 31.984 31.957 32.002 32.044 32.042 32.012 32.094 31.924 31.692 31.592 31.527 31.509 31.522 31.547 31.569 31.589 31.614 31.639 31.652
32.377 32.364 32.317 32.254 32.202 32.172 32.157 32.127 32.114 32.107 32.149 32.149 32.199 32.219 32.269 32.329 32.384 32.454 32.517 32.549 32.619 32.684 32.714 32.779 32.834 32.864 32.874 32.889 32.884 32.862 32.869 32.847 32.847 32.814 32.739 32.759 32.712 32.649 32.612 32.597 32.554 32.522 32.457 32.419 32.327 32.232 32.237 32.179 32.094 32.057 32.009 31.959 31.904 31.899 31.899 31.959 31.972 31.899 31.959 31.779 31.644 31.612 31.472 31.474 31.462 31.469 31.507 31.522 31.534 31.544 31.547
32.294 32.274 32.232 32.177 32.127 32.107 32.084 32.067 32.072 32.062 32.117 32.152 32.194 32.232 32.257 32.304 32.374 32.444 32.542 32.582 32.642 32.694 32.722 32.774 32.817 32.834 32.852 32.882 32.864 32.837 32.817 32.792 32.797 32.769 32.734 32.739 32.692 32.617 32.592 32.572 32.534 32.472 32.417 32.367 32.287 32.192 32.187 32.122 32.057 32.004 31.944 31.892 31.837 31.837 31.879 31.879 31.859 31.802 31.814 31.717 31.579 31.502 31.424 31.407 31.394 31.409 31.417 31.442 31.454 31.449 31.439
32.224 32.184 32.164 32.087 32.054 32.042 32.049 32.022 32.019 32.019 32.067 32.114 32.139 32.232 32.284 32.354 32.414 32.464 32.554 32.597 32.634 32.702 32.737 32.754 32.779 32.807 32.849 32.819 32.814 32.799 32.802 32.772 32.767 32.719 32.692 32.677 32.654 32.599 32.567 32.529 32.489 32.429 32.407 32.329 32.264 32.174 32.127 32.084 32.044 31.962 31.884 31.827 31.792 31.769 31.822 31.819 31.802 31.712 31.672 31.627 31.542 31.437 31.359 31.317 31.324 31.344 31.374 31.384 31.344 31.362 31.354
32.127 32.087 32.062 32.004 31.967 31.934 31.984 31.957 31.999 32.002 32.044 32.102 32.172 32.249 32.292 32.359 32.412 32.474 32.542 32.592 32.662 32.704 32.734 32.762 32.787 32.799 32.807 32.809 32.774 32.764 32.759 32.739 32.724 32.702 32.677 32.629 32.594 32.539 32.522 32.494 32.452 32.397 32.344 32.259 32.207 32.139 32.089 32.024 31.937 31.897 31.837 31.782 31.739 31.719 31.759 31.759 31.709 31.679 31.662 31.577 31.474 31.352 31.342 31.272 31.262 31.274 31.297 31.294 31.289 31.294 31.272
31.982 31.982 31.954 31.879 31.889 31.869 31.857 31.882 31.902 31.922 32.012 32.047 32.139 32.222 32.257 32.297 32.412 32.477 32.529 32.587 32.662 32.704 32.714 32.729 32.752 32.757 32.782 32.767 32.714 32.747 32.687 32.669 32.679 32.642 32.594 32.562 32.549 32.497 32.467 32.434 32.397 32.349 32.289 32.224 32.174 32.112 32.049 31.964 31.887 31.882 31.817 31.757 31.684 31.667 31.704 31.694 31.699 31.659 31.692 31.564 31.462 31.359 31.297 31.239 31.207 31.199 31.219 31.209 31.232 31.202 31.194
31.889 31.897 31.832 31.817 31.814 31.804 31.817 31.822 31.849 31.892 31.972 32.017 32.082 32.177 32.244 32.287 32.359 32.434 32.497 32.544 32.619 32.644 32.682 32.712 32.724 32.737 32.739 32.712 32.697 32.692 32.654 32.632 32.614 32.579 32.572 32.527 32.499 32.447 32.409 32.357 32.324 32.284 32.232 32.187 32.114 32.064 32.012 31.944 31.887 31.842 31.789 31.724 31.664 31.627 31.632 31.674 31.662 31.577 31.564 31.524 31.422 31.302 31.257 31.217 31.189 31.162 31.197 31.187 31.159 31.149 31.142
31.767 31.752 31.702 31.722 31.704 31.712 31.744 31.742 31.779 31.839 31.917 31.967 32.057 32.142 32.229 32.279 32.352 32.417 32.469 32.492 32.592 32.599 32.662 32.692 32.689 32.699 32.707 32.669 32.664 32.662 32.627 32.589 32.579 32.534 32.517 32.489 32.444 32.409 32.369 32.332 32.287 32.234 32.192 32.139 32.094 32.042 31.992 31.929 31.854 31.802 31.752 31.699 31.644 31.619 31.622 31.647 31.612 31.514 31.542 31.474 31.389 31.204 31.219 31.177 31.144 31.132 31.152 31.154 31.134 31.114 31.084
31.637 31.644 31.637 31.609 31.607 31.647 31.664 31.692 31.729 31.767 31.852 31.947 32.039 32.114 32.189 32.232 32.299 32.384 32.414 32.474 32.527 32.554 32.592 32.632 32.642 32.652 32.619 32.629 32.637 32.622 32.577 32.549 32.524 32.509 32.479 32.422 32.397 32.374 32.319 32.287 32.239 32.189 32.159 32.099 32.067 32.024 31.949 31.922 31.832 31.789 31.719 31.684 31.629 31.584 31.617 31.624 31.612 31.507 31.494 31.444 31.344 31.202 31.157 31.124 31.112 31.142 31.109 31.094 31.074 31.059 31.017
31.512 31.527 31.514 31.514 31.519 31.562 31.607 31.664 31.719 31.737 31.807 31.884 31.977 32.094 32.152 32.194 32.244 32.332 32.364 32.427 32.467 32.492 32.517 32.559 32.587 32.599 32.577 32.577 32.549 32.569 32.534 32.504 32.449 32.442 32.427 32.372 32.357 32.319 32.272 32.229 32.214 32.172 32.144 32.072 32.034 31.974 31.934 31.889 31.812 31.767 31.719 31.647 31.602 31.587 31.614 31.619 31.579 31.489 31.497 31.404 31.322 31.147 31.124 31.094 31.067 31.082 31.057 31.037 31.032 31.004 30.972
31.409 31.439 31.422 31.404 31.444 31.512 31.537 31.589 31.662 31.724 31.787 31.887 31.937 32.037 32.099 32.134 32.202 32.234 32.279 32.349 32.397 32.402 32.464 32.484 32.514 32.507 32.507 32.502 32.492 32.507 32.472 32.457 32.407 32.397 32.372 32.349 32.334 32.272 32.217 32.182 32.187 32.152 32.089 32.024 31.994 31.962 31.899 31.854 31.827 31.747 31.694 31.619 31.609 31.584 31.592 31.592 31.537 31.449 31.469 31.367 31.239 31.094 31.119 31.087 31.034 31.032 31.012 31.012 31.007 30.952 30.952
31.314 31.339 31.339 31.359 31.372 31.442 31.477 31.529 31.609 31.692 31.742 31.837 31.909 31.974 32.032 32.102 32.137 32.189 32.229 32.272 32.312 32.322 32.392 32.407 32.434 32.437 32.434 32.422 32.412 32.439 32.429 32.397 32.342 32.327 32.307 32.279 32.282 32.219 32.197 32.144 32.147 32.109 32.057 32.024 31.974 31.952 31.882 31.837 31.804 31.732 31.682 31.634 31.577 31.569 31.574 31.622 31.552 31.457 31.409 31.327 31.202 31.084 31.079 31.044 30.992 30.984 30.997 30.982 30.902 30.902 30.904
