LIDAR/se2887_DTM_2M.asc
ncols 500
nrows 500
xllcorner    428000
yllcorner    487000
cellsize     2
NODATA_value -9999
[rows 384 to 415 of 500, columns 71 to 141 of 500]
28.024 28.067 28.089 28.067 27.982 27.939 27.919 27.869 27.859 27.889 27.904 27.877 27.927 27.862 27.899 27.937 27.952 27.972 27.997 27.977 27.974 27.977 28.024 28.082 28.099 28.114 28.127 28.157 28.144 28.192 28.244 28.222 28.214 28.209 28.282 28.294 28.292 28.249 28.222 28.222 28.274 28.287 28.284 28.322 28.347 28.367 28.359 28.379 28.387 28.372 28.374 28.359 28.329 28.332 28.307 28.252 28.247 28.244 28.224 28.257 28.289 28.354 28.457 28.532 28.582 28.622 28.642 28.649 28.579 28.567 28.574
27.954 27.974 28.027 28.032 27.972 27.944 27.927 27.902 27.887 27.867 27.869 27.874 27.914 27.914 27.937 27.939 27.934 27.964 27.944 27.969 27.959 27.974 28.042 28.114 28.127 28.132 28.137 28.167 28.174 28.229 28.287 28.319 28.302 28.324 28.392 28.414 28.409 28.402 28.374 28.387 28.392 28.402 28.384 28.354 28.347 28.357 28.349 28.344 28.372 28.384 28.392 28.374 28.334 28.332 28.312 28.257 28.237 28.242 28.239 28.289 28.329 28.369 28.429 28.489 28.547 28.604 28.642 28.604 28.549 28.549 28.522
27.914 27.997 28.022 28.027 28.019 27.979 27.909 27.899 27.869 27.839 27.852 27.859 27.882 27.899 27.917 27.907 27.904 27.939 27.954 27.967 27.962 27.979 28.042 28.077 28.129 28.139 28.162 28.204 28.279 28.334 28.407 28.447 28.444 28.469 28.459 28.449 28.477 28.462 28.427 28.422 28.399 28.439 28.402 28.392 28.387 28.364 28.342 28.332 28.397 28.389 28.452 28.449 28.397 28.382 28.344 28.277 28.257 28.254 28.292 28.347 28.359 28.404 28.529 28.582 28.627 28.684 28.672 28.604 28.614 28.502 28.432
27.887 27.919 27.954 27.969 28.007 27.994 27.977 28.039 28.012 27.912 27.862 27.877 27.842 27.899 27.922 27.897 27.904 27.914 27.942 27.957 27.964 27.972 28.027 28.069 28.124 28.169 28.204 28.234 28.287 28.354 28.432 28.439 28.462 28.479 28.467 28.469 28.467 28.457 28.452 28.457 28.437 28.447 28.434 28.429 28.422 28.374 28.374 28.374 28.389 28.449 28.509 28.509 28.494 28.467 28.424 28.324 28.327 28.304 28.337 28.384 28.397 28.434 28.547 28.604 28.644 28.692 28.602 28.594 28.562 28.469 28.412
27.792 27.837 27.892 27.929 27.959 27.994 28.084 28.129 28.087 27.992 27.917 27.897 27.837 27.884 27.947 27.952 27.919 27.912 27.902 27.944 27.957 27.977 27.994 28.042 28.112 28.139 28.197 28.224 28.279 28.339 28.399 28.459 28.469 28.482 28.509 28.504 28.539 28.509 28.529 28.519 28.504 28.499 28.454 28.457 28.437 28.444 28.419 28.474 28.484 28.542 28.577 28.602 28.582 28.562 28.499 28.439 28.377 28.424 28.447 28.462 28.482 28.497 28.589 28.619 28.659 28.682 28.637 28.594 28.552 28.442 28.384
27.752 27.802 27.827 27.849 27.894 27.939 27.992 28.112 28.092 27.907 27.842 27.864 27.867 27.912 27.907 27.909 27.914 27.887 27.892 27.887 27.902 27.954 27.984 28.022 28.092 28.132 28.199 28.242 28.294 28.372 28.434 28.457 28.487 28.507 28.544 28.574 28.589 28.587 28.584 28.589 28.594 28.582 28.564 28.574 28.544 28.537 28.539 28.577 28.589 28.644 28.682 28.707 28.667 28.659 28.602 28.494 28.457 28.497 28.532 28.537 28.534 28.542 28.614 28.644 28.652 28.659 28.634 28.579 28.604 28.447 28.299
27.734 27.769 27.777 27.824 27.862 27.857 27.954 27.989 27.944 27.804 27.799 27.834 27.839 27.847 27.884 27.897 27.877 27.849 27.854 27.859 27.894 27.919 27.992 28.059 28.092 28.189 28.247 28.299 28.339 28.399 28.457 28.507 28.569 28.589 28.614 28.624 28.634 28.659 28.682 28.669 28.679 28.684 28.682 28.664 28.669 28.657 28.682 28.702 28.724 28.759 28.807 28.819 28.807 28.782 28.722 28.607 28.547 28.559 28.614 28.604 28.622 28.612 28.664 28.697 28.707 28.694 28.639 28.597 28.592 28.459 28.269
27.704 27.749 27.762 27.802 27.827 27.809 27.867 27.862 27.824 27.764 27.754 27.769 27.834 27.859 27.867 27.867 27.819 27.809 27.824 27.872 27.899 27.949 28.024 28.034 28.134 28.217 28.267 28.334 28.359 28.414 28.477 28.537 28.592 28.639 28.689 28.692 28.709 28.734 28.764 28.762 28.809 28.804 28.804 28.799 28.817 28.829 28.814 28.829 28.862 28.864 28.919 28.939 28.917 28.889 28.822 28.707 28.637 28.647 28.647 28.652 28.669 28.677 28.692 28.724 28.722 28.714 28.679 28.672 28.612 28.604 28.292
27.749 27.757 27.757 27.804 27.724 27.732 27.767 27.719 27.732 27.737 27.749 27.797 27.844 27.854 27.852 27.807 27.784 27.779 27.802 27.847 27.899 27.959 28.072 28.122 28.197 28.282 28.324 28.359 28.407 28.477 28.534 28.599 28.637 28.692 28.729 28.747 28.782 28.839 28.874 28.897 28.919 28.929 28.912 28.904 28.934 28.942 28.957 28.957 28.954 28.944 28.979 29.024 28.999 28.962 28.942 28.872 28.769 28.737 28.724 28.707 28.717 28.709 28.727 28.712 28.657 28.687 28.714 28.707 28.654 28.532 28.299
27.707 27.742 27.754 27.794 27.734 27.687 27.679 27.689 27.667 27.687 27.767 27.777 27.829 27.802 27.804 27.719 27.739 27.749 27.834 27.892 27.964 28.042 28.162 28.207 28.259 28.344 28.397 28.394 28.442 28.557 28.604 28.694 28.729 28.739 28.789 28.847 28.892 28.939 28.952 28.967 28.977 28.969 28.959 28.979 28.999 29.014 29.002 29.024 29.029 29.007 29.037 29.082 29.084 29.034 29.037 28.982 28.884 28.842 28.844 28.797 28.779 28.752 28.809 28.752 28.777 28.779 28.737 28.739 28.732 28.639 28.332
27.707 27.714 27.739 27.749 27.724 27.669 27.687 27.657 27.644 27.672 27.737 27.777 27.802 27.782 27.777 27.727 27.742 27.784 27.857 27.902 28.012 28.117 28.162 28.262 28.314 28.377 28.434 28.479 28.547 28.624 28.684 28.759 28.779 28.797 28.869 28.897 28.972 29.007 29.044 29.039 29.044 29.032 29.012 29.004 29.029 29.074 29.032 29.022 29.029 29.074 29.087 29.079 29.102 29.077 29.097 29.062 29.004 28.954 28.919 28.889 28.899 28.844 28.849 28.849 28.839 28.857 28.824 28.827 28.794 28.709 28.444
27.664 27.687 27.714 27.722 27.684 27.719 27.707 27.637 27.627 27.652 27.714 27.757 27.747 27.732 27.747 27.742 27.769 27.799 27.877 27.967 28.062 28.142 28.199 28.279 28.347 28.382 28.434 28.502 28.564 28.642 28.704 28.744 28.807 28.859 28.889 28.939 29.007 29.059 29.102 29.094 29.099 29.079 29.004 29.029 29.064 29.062 29.044 29.059 29.064 29.087 29.107 29.109 29.112 29.107 29.129 29.132 29.117 29.079 29.059 29.007 28.962 28.944 28.944 28.922 28.902 28.894 28.889 28.877 28.864 28.832 28.584
27.684 27.674 27.677 27.704 27.697 27.714 27.707 27.659 27.634 27.659 27.709 27.744 27.759 27.757 27.804 27.837 27.844 27.902 27.964 28.022 28.112 28.194 28.264 28.307 28.387 28.444 28.454 28.494 28.574 28.624 28.674 28.749 28.802 28.844 28.897 28.954 28.994 29.029 29.064 29.069 29.087 29.074 29.009 29.022 29.032 29.062 29.082 29.067 29.087 29.084 29.084 29.089 29.129 29.139 29.169 29.204 29.199 29.182 29.137 29.094 29.054 29.009 28.984 28.937 28.944 28.967 28.974 28.947 28.897 28.922 28.619
27.709 27.672 27.679 27.667 27.652 27.652 27.667 27.674 27.677 27.722 27.719 27.754 27.764 27.787 27.829 27.844 27.909 27.964 27.999 28.059 28.134 28.257 28.299 28.364 28.404 28.427 28.464 28.502 28.554 28.589 28.649 28.724 28.762 28.809 28.854 28.857 28.909 28.937 28.989 29.017 29.032 29.017 29.007 29.014 29.054 29.077 29.104 29.082 29.057 29.079 29.084 29.119 29.147 29.152 29.192 29.259 29.297 29.272 29.222 29.144 29.109 29.097 29.072 29.017 29.002 29.037 29.049 29.007 28.962 28.977 28.857
27.719 27.699 27.682 27.634 27.654 27.664 27.677 27.659 27.644 27.709 27.742 27.752 27.769 27.789 27.844 27.859 27.902 27.944 28.017 28.117 28.169 28.237 28.254 28.287 28.324 28.369 28.414 28.427 28.462 28.489 28.532 28.604 28.659 28.724 28.767 28.782 28.832 28.867 28.922 28.909 28.947 28.994 29.012 29.022 29.044 29.097 29.124 29.122 29.102 29.099 29.084 29.097 29.114 29.152 29.204 29.274 29.314 29.302 29.267 29.232 29.179 29.124 29.117 29.074 29.067 29.074 29.099 29.069 28.982 29.029 28.994
27.704 27.689 27.662 27.629 27.649 27.649 27.677 27.657 27.659 27.714 27.722 27.739 27.739 27.809 27.864 27.887 27.917 27.957 28.019 28.094 28.177 28.222 28.242 28.244 28.287 28.309 28.317 28.347 28.372 28.414 28.467 28.544 28.654 28.702 28.759 28.744 28.789 28.797 28.829 28.859 28.889 28.917 28.937 28.959 29.002 29.019 29.077 29.102 29.104 29.107 29.069 29.042 29.072 29.114 29.177 29.294 29.342 29.309 29.277 29.222 29.194 29.162 29.124 29.094 29.104 29.084 29.107 29.099 28.987 29.067 29.069
27.769 27.759 27.694 27.669 27.662 27.659 27.704 27.687 27.682 27.684 27.694 27.682 27.732 27.804 27.852 27.877 27.934 28.004 28.027 28.097 28.134 28.179 28.214 28.209 28.239 28.252 28.274 28.297 28.334 28.404 28.459 28.544 28.614 28.672 28.717 28.714 28.732 28.744 28.749 28.774 28.797 28.827 28.869 28.887 28.937 28.979 29.009 29.039 29.039 29.032 29.014 28.999 29.002 29.044 29.129 29.227 29.307 29.309 29.237 29.207 29.154 29.132 29.112 29.074 29.087 29.087 29.114 29.109 28.999 29.072 29.064
27.764 27.762 27.714 27.677 27.649 27.667 27.702 27.714 27.727 27.702 27.687 27.724 27.754 27.809 27.857 27.909 27.984 28.027 28.007 28.062 28.109 28.184 28.189 28.172 28.172 28.199 28.259 28.287 28.329 28.409 28.474 28.557 28.624 28.657 28.672 28.669 28.687 28.662 28.684 28.694 28.717 28.744 28.774 28.817 28.859 28.899 28.932 28.979 28.982 28.972 28.932 28.929 28.947 28.997 29.064 29.134 29.232 29.244 29.199 29.182 29.157 29.152 29.087 29.054 29.064 29.054 29.074 29.079 29.004 29.012 29.082
27.732 27.762 27.729 27.682 27.677 27.719 27.744 27.742 27.747 27.727 27.707 27.739 27.737 27.804 27.852 27.934 27.999 28.022 28.047 28.057 28.084 28.074 28.132 28.139 28.172 28.199 28.232 28.249 28.309 28.387 28.474 28.524 28.602 28.642 28.689 28.677 28.644 28.609 28.607 28.632 28.647 28.677 28.717 28.752 28.804 28.832 28.874 28.889 28.929 28.904 28.884 28.889 28.932 28.964 28.982 29.042 29.127 29.149 29.164 29.164 29.119 29.092 29.059 29.024 29.059 29.062 29.072 29.062 29.029 28.969 29.022
27.734 27.749 27.734 27.714 27.702 27.732 27.777 27.754 27.769 27.764 27.752 27.767 27.777 27.799 27.854 27.949 28.004 28.034 28.072 28.069 28.084 28.064 28.069 28.082 28.119 28.144 28.184 28.232 28.292 28.399 28.457 28.502 28.577 28.627 28.662 28.677 28.649 28.584 28.577 28.582 28.602 28.632 28.684 28.717 28.792 28.819 28.837 28.874 28.904 28.877 28.884 28.892 28.914 28.967 28.974 29.027 29.089 29.147 29.144 29.139 29.122 29.092 29.067 29.064 29.057 29.069 29.054 29.042 29.009 28.997 28.999
27.787 27.804 27.779 27.712 27.729 27.767 27.754 27.739 27.734 27.784 27.797 27.807 27.809 27.837 27.904 27.954 28.012 28.052 28.032 28.034 28.049 28.024 27.982 27.997 28.002 28.062 28.137 28.209 28.264 28.352 28.444 28.494 28.554 28.597 28.619 28.622 28.607 28.564 28.549 28.577 28.549 28.599 28.642 28.697 28.762 28.799 28.849 28.874 28.894 28.884 28.872 28.862 28.929 28.962 28.994 28.997 29.082 29.107 29.137 29.127 29.102 29.074 29.067 29.072 29.049 29.054 29.057 29.049 29.009 28.967 28.952
27.812 27.839 27.807 27.759 27.767 27.779 27.759 27.769 27.772 27.792 27.839 27.807 27.847 27.839 27.889 27.932 27.994 28.012 27.947 27.962 27.972 27.959 27.967 27.987 27.989 27.994 28.074 28.167 28.229 28.322 28.419 28.452 28.467 28.524 28.547 28.589 28.577 28.559 28.527 28.542 28.547 28.602 28.639 28.687 28.737 28.814 28.857 28.864 28.902 28.882 28.852 28.852 28.897 28.919 28.954 28.979 29.037 29.042 29.097 29.084 29.074 29.079 29.067 29.054 29.042 29.047 29.022 29.037 28.992 28.949 28.964
27.857 27.869 27.854 27.842 27.807 27.814 27.792 27.754 27.764 27.757 27.809 27.814 27.834 27.822 27.834 27.877 27.939 27.949 27.897 27.889 27.884 27.867 27.884 27.904 27.947 27.979 28.029 28.087 28.192 28.287 28.357 28.369 28.412 28.467 28.497 28.542 28.564 28.544 28.542 28.564 28.542 28.592 28.619 28.684 28.757 28.832 28.854 28.874 28.887 28.894 28.864 28.899 28.892 28.924 28.947 28.967 29.022 29.029 29.054 29.047 29.052 29.079 29.057 29.067 29.052 29.052 29.047 29.047 29.044 28.962 28.954
27.874 27.877 27.812 27.844 27.812 27.759 27.774 27.764 27.747 27.747 27.789 27.789 27.789 27.762 27.792 27.834 27.852 27.877 27.847 27.827 27.777 27.762 27.777 27.817 27.887 27.899 27.977 28.007 28.117 28.184 28.249 28.324 28.314 28.379 28.424 28.467 28.517 28.499 28.507 28.527 28.554 28.602 28.627 28.697 28.787 28.829 28.864 28.899 28.912 28.894 28.912 28.919 28.892 28.924 28.964 28.982 28.989 29.007 29.082 29.072 29.057 29.054 29.057 29.044 29.032 29.032 29.034 29.019 29.012 28.954 28.897
27.817 27.827 27.789 27.779 27.754 27.699 27.734 27.752 27.687 27.672 27.692 27.749 27.734 27.729 27.732 27.759 27.784 27.779 27.779 27.759 27.692 27.702 27.669 27.732 27.784 27.802 27.857 27.929 28.002 28.107 28.179 28.262 28.284 28.337 28.347 28.387 28.447 28.462 28.474 28.509 28.569 28.612 28.664 28.722 28.774 28.827 28.902 28.914 28.914 28.939 28.954 28.944 28.959 28.959 28.972 29.009 29.002 29.014 29.037 29.079 29.059 29.054 29.057 29.047 29.037 29.039 29.034 28.987 28.957 28.902 28.847
27.827 27.774 27.749 27.772 27.764 27.747 27.777 27.712 27.657 27.637 27.627 27.719 27.704 27.672 27.704 27.654 27.724 27.709 27.687 27.719 27.694 27.647 27.649 27.629 27.687 27.759 27.789 27.904 27.969 28.054 28.114 28.189 28.257 28.317 28.369 28.399 28.414 28.457 28.479 28.519 28.544 28.624 28.659 28.737 28.774 28.849 28.904 28.924 28.949 28.977 28.974 28.964 29.007 28.987 29.014 29.019 29.004 29.014 29.062 29.092 29.082 29.067 29.039 29.037 29.082 29.059 29.027 28.979 28.942 28.874 28.814
27.772 27.769 27.732 27.712 27.737 27.764 27.734 27.674 27.629 27.577 27.627 27.649 27.617 27.619 27.657 27.677 27.682 27.694 27.674 27.634 27.672 27.667 27.672 27.699 27.719 27.734 27.774 27.844 27.919 27.994 28.069 28.152 28.219 28.242 28.314 28.342 28.392 28.462 28.477 28.527 28.579 28.602 28.667 28.747 28.799 28.869 28.909 28.934 28.969 28.999 28.994 29.002 29.027 28.994 29.029 29.047 29.012 29.024 29.087 29.099 29.082 29.047 29.057 29.052 29.079 29.062 29.004 28.934 28.942 28.879 28.837
27.729 27.734 27.717 27.674 27.689 27.684 27.634 27.582 27.549 27.554 27.519 27.567 27.557 27.599 27.639 27.629 27.659 27.689 27.694 27.642 27.647 27.672 27.672 27.679 27.672 27.717 27.757 27.817 27.894 27.947 28.062 28.114 28.159 28.187 28.267 28.312 28.369 28.414 28.467 28.504 28.544 28.577 28.669 28.764 28.824 28.854 28.924 28.964 28.987 28.992 28.992 28.989 28.977 28.969 28.979 29.002 28.997 29.002 29.062 29.052 29.052 29.064 29.022 29.032 29.032 29.022 28.992 28.912 28.882 28.837 28.812
27.667 27.682 27.647 27.637 27.582 27.604 27.572 27.517 27.522 27.532 27.529 27.567 27.517 27.547 27.604 27.597 27.604 27.644 27.664 27.652 27.667 27.697 27.719 27.742 27.727 27.749 27.772 27.802 27.857 27.902 27.974 28.049 28.097 28.147 28.244 28.289 28.359 28.414 28.474 28.519 28.564 28.607 28.687 28.742 28.827 28.859 28.912 28.922 28.947 28.947 28.944 28.914 28.909 28.937 28.944 28.982 28.964 28.929 29.039 29.037 29.022 29.014 28.999 28.984 28.999 28.967 28.947 28.912 28.864 28.817 28.719
27.654 27.672 27.639 27.574 27.522 27.572 27.529 27.524 27.547 27.539 27.542 27.542 27.517 27.537 27.577 27.604 27.622 27.694 27.702 27.709 27.682 27.697 27.752 27.757 27.822 27.804 27.789 27.797 27.824 27.849 27.942 28.027 28.082 28.154 28.222 28.279 28.324 28.382 28.444 28.497 28.532 28.572 28.649 28.707 28.769 28.784 28.854 28.894 28.892 28.944 28.914 28.894 28.879 28.889 28.907 28.924 28.922 28.877 28.952 28.967 28.964 28.924 28.919 28.904 28.927 28.907 28.859 28.824 28.822 28.779 28.679
27.599 27.599 27.582 27.507 27.502 27.534 27.537 27.532 27.537 27.524 27.527 27.562 27.582 27.582 27.589 27.657 27.692 27.704 27.697 27.684 27.702 27.719 27.737 27.754 27.744 27.777 27.782 27.812 27.814 27.824 27.849 27.907 27.974 28.049 28.159 28.202 28.269 28.324 28.414 28.459 28.497 28.567 28.609 28.654 28.692 28.732 28.772 28.807 28.842 28.879 28.852 28.817 28.824 28.812 28.802 28.802 28.802 28.794 28.869 28.927 28.897 28.844 28.804 28.817 28.824 28.849 28.819 28.762 28.749 28.744 28.642
27.529 27.552 27.557 27.492 27.519 27.509 27.537 27.544 27.534 27.547 27.562 27.617 27.609 27.622 27.647 27.639 27.664 27.667 27.679 27.629 27.614 27.629 27.667 27.689 27.737 27.727 27.774 27.769 27.777 27.792 27.804 27.892 27.939 27.982 28.067 28.119 28.212 28.272 28.344 28.409 28.449 28.484 28.529 28.539 28.584 28.617 28.642 28.709 28.729 28.749 28.767 28.764 28.749 28.712 28.699 28.734 28.719 28.727 28.774 28.814 28.804 28.777 28.737 28.747 28.749 28.754 28.734 28.702 28.667 28.647 28.574
