LIDAR/se2888_DTM_2M.asc
ncols 500
nrows 500
xllcorner    428000
yllcorner    488000
cellsize     2
NODATA_value -9999
[rows 384 to 415 of 500, columns 355 to 425 of 500]
27.406 27.479 27.504 27.581 27.704 27.844 27.969 28.089 28.196 28.354 28.516 28.601 28.711 28.786 28.809 28.934 29.031 29.084 29.379 29.519 29.484 29.484 29.549 29.586 29.629 29.696 29.791 29.934 30.036 30.179 30.296 30.441 30.574 30.759 30.886 31.041 31.209 31.381 31.524 31.679 31.856 31.951 32.089 32.189 32.319 32.464 32.556 32.674 32.826 32.906 33.006 33.119 33.189 33.241 33.311 33.366 33.426 33.504 33.546 33.634 33.736 33.781 33.889 33.936 33.969 34.021 34.054 34.091 34.134 34.131 34.186
27.431 27.521 27.566 27.674 27.804 27.904 27.991 28.129 28.254 28.354 28.481 28.619 28.706 28.806 28.904 29.011 29.054 29.091 29.256 29.399 29.494 29.529 29.566 29.594 29.684 29.776 29.919 30.049 30.141 30.261 30.399 30.541 30.679 30.811 30.956 31.136 31.286 31.414 31.546 31.694 31.796 31.884 32.019 32.141 32.284 32.464 32.549 32.666 32.781 32.871 32.999 33.071 33.169 33.236 33.251 33.314 33.384 33.461 33.509 33.586 33.666 33.766 33.844 33.906 33.924 33.971 34.034 34.076 34.071 34.119 34.141
27.474 27.529 27.609 27.746 27.876 27.991 28.084 28.199 28.316 28.409 28.529 28.651 28.726 28.801 28.881 29.041 29.124 29.101 29.209 29.391 29.474 29.496 29.581 29.676 29.801 29.929 30.019 30.099 30.201 30.331 30.451 30.564 30.729 30.884 31.051 31.184 31.284 31.409 31.534 31.669 31.771 31.896 32.006 32.164 32.296 32.394 32.509 32.636 32.756 32.864 32.996 33.079 33.134 33.211 33.259 33.301 33.374 33.434 33.496 33.539 33.626 33.719 33.791 33.871 33.901 33.964 33.994 33.991 34.034 34.111 34.101
27.504 27.566 27.644 27.771 27.901 28.021 28.154 28.269 28.399 28.491 28.589 28.699 28.784 28.886 28.979 29.079 29.174 29.189 29.364 29.424 29.474 29.544 29.651 29.781 29.876 29.959 30.054 30.156 30.279 30.384 30.494 30.656 30.799 30.941 31.049 31.196 31.294 31.399 31.521 31.636 31.789 31.906 32.006 32.114 32.251 32.369 32.476 32.621 32.729 32.829 32.936 33.011 33.116 33.184 33.271 33.309 33.374 33.396 33.471 33.506 33.574 33.656 33.736 33.821 33.871 33.949 33.936 33.959 33.984 34.036 34.049
27.566 27.639 27.706 27.819 27.924 28.064 28.176 28.324 28.439 28.574 28.659 28.781 28.874 28.934 29.024 29.124 29.206 29.299 29.391 29.466 29.586 29.661 29.706 29.801 29.894 29.991 30.086 30.219 30.334 30.461 30.574 30.704 30.826 30.921 31.051 31.179 31.299 31.409 31.529 31.646 31.751 31.866 31.971 32.124 32.229 32.351 32.454 32.564 32.669 32.789 32.914 32.989 33.081 33.154 33.251 33.281 33.316 33.374 33.421 33.466 33.511 33.609 33.654 33.759 33.801 33.879 33.909 33.939 33.934 33.971 34.024
27.601 27.706 27.776 27.894 27.984 28.114 28.226 28.331 28.461 28.594 28.726 28.834 28.956 29.054 29.116 29.191 29.309 29.411 29.504 29.556 29.639 29.674 29.726 29.811 29.909 30.006 30.154 30.289 30.404 30.509 30.641 30.729 30.829 30.961 31.091 31.191 31.309 31.406 31.531 31.631 31.741 31.846 31.976 32.091 32.196 32.276 32.409 32.539 32.674 32.759 32.866 32.984 33.056 33.146 33.179 33.241 33.289 33.354 33.429 33.446 33.491 33.541 33.624 33.716 33.806 33.846 33.874 33.899 33.909 33.926 33.981
27.664 27.744 27.841 27.921 28.044 28.181 28.276 28.384 28.499 28.661 28.764 28.891 28.979 29.096 29.236 29.331 29.419 29.484 29.564 29.616 29.679 29.726 29.804 29.834 29.989 30.124 30.219 30.306 30.416 30.521 30.626 30.724 30.849 30.974 31.089 31.219 31.294 31.381 31.491 31.629 31.746 31.844 31.936 32.066 32.161 32.291 32.399 32.501 32.606 32.751 32.864 32.951 33.019 33.114 33.186 33.241 33.276 33.314 33.379 33.406 33.461 33.534 33.579 33.656 33.744 33.821 33.841 33.886 33.889 33.909 33.914
27.716 27.781 27.881 27.986 28.111 28.241 28.354 28.454 28.546 28.701 28.799 28.911 29.004 29.141 29.274 29.396 29.476 29.544 29.601 29.661 29.726 29.779 29.854 29.956 30.081 30.149 30.236 30.336 30.429 30.521 30.646 30.776 30.901 30.979 31.046 31.154 31.261 31.374 31.506 31.614 31.721 31.806 31.959 32.076 32.181 32.306 32.396 32.491 32.601 32.721 32.816 32.936 32.996 33.104 33.186 33.246 33.271 33.311 33.359 33.411 33.449 33.544 33.604 33.631 33.699 33.759 33.819 33.826 33.841 33.851 33.874
27.756 27.836 27.931 28.021 28.146 28.304 28.419 28.519 28.614 28.776 28.879 28.986 29.076 29.174 29.289 29.399 29.481 29.569 29.624 29.706 29.789 29.854 29.926 29.986 30.064 30.139 30.226 30.379 30.469 30.576 30.659 30.736 30.849 30.919 31.046 31.174 31.281 31.369 31.506 31.606 31.724 31.834 31.944 32.044 32.159 32.306 32.404 32.491 32.601 32.701 32.834 32.921 33.009 33.111 33.171 33.214 33.284 33.326 33.349 33.401 33.434 33.471 33.551 33.604 33.669 33.731 33.764 33.804 33.809 33.836 33.859
27.789 27.876 27.999 28.101 28.234 28.364 28.486 28.614 28.709 28.834 28.944 29.056 29.164 29.259 29.351 29.431 29.519 29.589 29.654 29.709 29.776 29.836 29.911 29.979 30.084 30.166 30.276 30.366 30.436 30.539 30.631 30.724 30.824 30.939 31.064 31.191 31.296 31.384 31.501 31.601 31.731 31.861 31.941 32.074 32.196 32.281 32.391 32.499 32.601 32.709 32.819 32.906 32.974 33.079 33.159 33.211 33.274 33.301 33.314 33.359 33.399 33.426 33.501 33.551 33.631 33.696 33.749 33.786 33.804 33.844 33.836
27.799 27.904 28.039 28.139 28.269 28.411 28.536 28.679 28.789 28.874 28.996 29.096 29.219 29.314 29.389 29.466 29.551 29.571 29.664 29.709 29.791 29.824 29.886 30.001 30.101 30.191 30.269 30.324 30.396 30.516 30.606 30.729 30.834 30.931 31.064 31.171 31.304 31.406 31.526 31.644 31.761 31.876 31.989 32.069 32.179 32.294 32.371 32.504 32.621 32.724 32.786 32.864 32.956 33.046 33.126 33.196 33.229 33.296 33.301 33.371 33.376 33.404 33.459 33.546 33.576 33.619 33.701 33.779 33.791 33.826 33.831
27.854 27.981 28.094 28.224 28.341 28.456 28.599 28.749 28.846 28.931 29.041 29.154 29.239 29.356 29.454 29.534 29.614 29.614 29.694 29.714 29.774 29.851 29.936 29.999 30.084 30.166 30.261 30.339 30.449 30.559 30.621 30.721 30.824 30.946 31.069 31.156 31.326 31.419 31.514 31.659 31.784 31.909 32.021 32.099 32.179 32.304 32.411 32.494 32.579 32.671 32.799 32.894 32.964 33.034 33.091 33.174 33.231 33.264 33.296 33.309 33.336 33.371 33.439 33.496 33.546 33.594 33.691 33.771 33.781 33.801 33.841
27.906 28.001 28.151 28.266 28.404 28.549 28.666 28.781 28.869 28.976 29.079 29.184 29.309 29.409 29.484 29.566 29.616 29.656 29.681 29.736 29.789 29.871 29.941 29.994 30.061 30.141 30.259 30.336 30.426 30.519 30.614 30.759 30.856 30.974 31.064 31.181 31.319 31.444 31.561 31.664 31.791 31.924 32.001 32.141 32.219 32.304 32.396 32.459 32.556 32.669 32.756 32.841 32.899 33.009 33.089 33.149 33.191 33.241 33.264 33.284 33.306 33.321 33.399 33.429 33.471 33.574 33.639 33.699 33.721 33.774 33.834
27.936 28.054 28.176 28.301 28.449 28.576 28.696 28.826 28.896 28.996 29.111 29.211 29.351 29.449 29.504 29.569 29.624 29.679 29.724 29.731 29.811 29.846 29.931 30.011 30.071 30.166 30.246 30.314 30.416 30.521 30.636 30.761 30.836 30.944 31.089 31.199 31.311 31.456 31.584 31.694 31.809 31.914 32.006 32.134 32.194 32.296 32.384 32.496 32.561 32.666 32.749 32.801 32.874 32.964 33.069 33.129 33.186 33.211 33.259 33.289 33.296 33.314 33.381 33.404 33.436 33.521 33.611 33.696 33.741 33.801 33.811
27.946 28.074 28.209 28.349 28.521 28.646 28.739 28.861 28.969 29.066 29.154 29.276 29.351 29.441 29.506 29.556 29.626 29.679 29.709 29.736 29.779 29.854 29.936 29.976 30.049 30.141 30.226 30.319 30.441 30.544 30.631 30.741 30.866 30.989 31.119 31.221 31.321 31.434 31.606 31.726 31.801 31.891 32.016 32.104 32.226 32.306 32.366 32.431 32.511 32.621 32.719 32.786 32.856 32.944 33.001 33.096 33.164 33.181 33.226 33.239 33.281 33.269 33.324 33.389 33.441 33.534 33.614 33.701 33.731 33.804 33.819
27.991 28.141 28.304 28.429 28.566 28.699 28.784 28.911 29.016 29.091 29.164 29.266 29.364 29.436 29.531 29.589 29.619 29.671 29.706 29.744 29.771 29.839 29.896 29.966 30.056 30.141 30.234 30.326 30.431 30.536 30.666 30.729 30.854 30.981 31.111 31.229 31.349 31.481 31.606 31.694 31.781 31.929 31.979 32.086 32.209 32.264 32.349 32.434 32.509 32.596 32.676 32.761 32.836 32.901 32.961 33.029 33.096 33.154 33.174 33.226 33.274 33.254 33.304 33.344 33.424 33.514 33.564 33.624 33.681 33.781 33.821
28.089 28.216 28.336 28.466 28.594 28.731 28.851 28.959 29.044 29.121 29.191 29.271 29.366 29.456 29.531 29.601 29.619 29.654 29.696 29.736 29.791 29.834 29.864 29.974 30.054 30.164 30.231 30.321 30.429 30.546 30.644 30.729 30.841 30.971 31.119 31.201 31.334 31.459 31.616 31.701 31.799 31.914 31.996 32.084 32.174 32.261 32.341 32.389 32.494 32.579 32.646 32.736 32.791 32.854 32.921 32.979 33.031 33.134 33.146 33.209 33.244 33.269 33.314 33.371 33.411 33.464 33.534 33.631 33.716 33.776 33.839
28.134 28.231 28.406 28.534 28.641 28.746 28.876 28.946 29.046 29.154 29.229 29.299 29.374 29.476 29.541 29.579 29.604 29.651 29.681 29.709 29.769 29.814 29.891 29.966 30.074 30.166 30.234 30.341 30.434 30.549 30.646 30.744 30.846 30.966 31.101 31.214 31.301 31.431 31.586 31.706 31.811 31.904 31.989 32.056 32.151 32.244 32.286 32.364 32.451 32.556 32.611 32.684 32.741 32.831 32.896 32.946 33.001 33.059 33.126 33.161 33.241 33.256 33.271 33.326 33.376 33.459 33.544 33.654 33.706 33.776 33.859
28.201 28.309 28.466 28.574 28.676 28.774 28.906 29.011 29.089 29.164 29.234 29.294 29.374 29.481 29.539 29.596 29.621 29.656 29.681 29.716 29.754 29.834 29.906 29.994 30.069 30.166 30.244 30.344 30.441 30.544 30.634 30.751 30.816 30.944 31.054 31.184 31.314 31.406 31.549 31.669 31.771 31.861 31.981 32.046 32.109 32.184 32.234 32.331 32.411 32.489 32.544 32.619 32.709 32.771 32.834 32.889 32.956 33.046 33.094 33.166 33.199 33.206 33.246 33.336 33.384 33.446 33.524 33.599 33.696 33.826 33.916
28.254 28.359 28.484 28.611 28.714 28.836 28.921 29.044 29.099 29.171 29.269 29.321 29.396 29.474 29.519 29.586 29.641 29.644 29.686 29.704 29.774 29.851 29.924 30.009 30.044 30.141 30.269 30.356 30.429 30.541 30.606 30.709 30.809 30.931 31.046 31.184 31.306 31.381 31.491 31.606 31.709 31.831 31.904 31.976 32.069 32.146 32.201 32.274 32.354 32.409 32.516 32.589 32.649 32.721 32.759 32.839 32.954 33.011 33.074 33.111 33.146 33.201 33.284 33.331 33.369 33.446 33.529 33.621 33.749 33.844 33.916
28.296 28.386 28.551 28.656 28.771 28.864 28.936 29.041 29.126 29.201 29.284 29.306 29.406 29.476 29.541 29.574 29.614 29.644 29.684 29.686 29.769 29.849 29.914 29.984 30.054 30.129 30.231 30.339 30.419 30.491 30.606 30.749 30.856 30.959 31.036 31.149 31.261 31.359 31.456 31.584 31.691 31.814 31.879 31.959 32.036 32.094 32.141 32.231 32.341 32.411 32.461 32.534 32.606 32.666 32.759 32.826 32.891 32.934 33.039 33.096 33.189 33.236 33.291 33.331 33.419 33.479 33.581 33.649 33.746 33.829 33.934
28.329 28.451 28.574 28.684 28.779 28.869 28.959 29.019 29.111 29.176 29.276 29.344 29.399 29.451 29.514 29.561 29.624 29.661 29.649 29.714 29.761 29.864 29.921 30.001 30.081 30.119 30.234 30.309 30.416 30.519 30.616 30.719 30.796 30.924 31.004 31.111 31.226 31.351 31.454 31.536 31.636 31.756 31.809 31.916 31.936 32.034 32.106 32.181 32.266 32.349 32.399 32.481 32.556 32.664 32.716 32.769 32.861 32.941 33.024 33.104 33.161 33.236 33.289 33.371 33.431 33.506 33.571 33.641 33.729 33.841 33.964
28.376 28.501 28.609 28.681 28.814 28.914 28.976 29.036 29.124 29.214 29.291 29.311 29.396 29.471 29.526 29.574 29.614 29.641 29.669 29.726 29.801 29.866 29.939 30.009 30.059 30.151 30.239 30.351 30.449 30.501 30.604 30.711 30.789 30.916 30.994 31.084 31.171 31.311 31.396 31.494 31.584 31.656 31.776 31.871 31.924 31.994 32.079 32.129 32.214 32.319 32.379 32.461 32.539 32.616 32.691 32.796 32.871 32.956 33.011 33.096 33.181 33.291 33.349 33.384 33.454 33.501 33.586 33.671 33.761 33.849 33.966
28.424 28.534 28.646 28.721 28.829 28.904 29.006 29.054 29.139 29.219 29.296 29.349 29.411 29.491 29.554 29.604 29.609 29.619 29.676 29.741 29.784 29.854 29.939 30.004 30.076 30.176 30.241 30.356 30.411 30.486 30.621 30.711 30.789 30.864 30.964 31.066 31.156 31.274 31.369 31.466 31.546 31.641 31.719 31.824 31.894 31.961 32.049 32.099 32.191 32.276 32.349 32.424 32.511 32.616 32.711 32.791 32.874 32.924 33.041 33.141 33.204 33.299 33.341 33.419 33.469 33.541 33.571 33.694 33.759 33.894 33.966
28.441 28.571 28.674 28.736 28.859 28.921 28.996 29.069 29.144 29.214 29.299 29.389 29.414 29.519 29.566 29.609 29.614 29.624 29.686 29.729 29.784 29.856 29.926 29.979 30.081 30.161 30.254 30.336 30.414 30.474 30.589 30.671 30.759 30.866 30.986 31.081 31.131 31.219 31.336 31.431 31.531 31.609 31.709 31.769 31.844 31.966 32.054 32.099 32.194 32.274 32.349 32.456 32.514 32.596 32.704 32.796 32.869 32.936 33.026 33.131 33.259 33.329 33.401 33.414 33.484 33.574 33.641 33.726 33.811 33.859 33.941
28.529 28.591 28.671 28.791 28.879 28.926 29.021 29.094 29.146 29.229 29.304 29.386 29.439 29.519 29.599 29.621 29.654 29.654 29.721 29.761 29.824 29.874 29.921 29.999 30.094 30.156 30.244 30.316 30.416 30.481 30.574 30.649 30.751 30.874 30.969 31.054 31.144 31.229 31.319 31.394 31.479 31.579 31.659 31.739 31.846 31.961 32.011 32.109 32.191 32.259 32.304 32.411 32.519 32.601 32.704 32.784 32.851 32.959 33.056 33.164 33.254 33.349 33.436 33.449 33.539 33.611 33.699 33.741 33.776 33.846 33.956
28.559 28.641 28.751 28.836 28.901 28.971 29.061 29.131 29.204 29.254 29.321 29.404 29.481 29.509 29.581 29.619 29.674 29.691 29.709 29.754 29.801 29.879 29.924 30.019 30.094 30.154 30.246 30.311 30.391 30.506 30.601 30.676 30.749 30.844 30.929 31.029 31.101 31.189 31.279 31.376 31.479 31.566 31.694 31.754 31.841 31.964 32.031 32.121 32.199 32.259 32.336 32.429 32.541 32.604 32.686 32.756 32.866 32.956 33.064 33.139 33.251 33.331 33.424 33.504 33.576 33.611 33.701 33.746 33.791 33.869 33.966
28.584 28.681 28.769 28.866 28.946 29.009 29.071 29.144 29.214 29.289 29.371 29.424 29.484 29.556 29.586 29.626 29.691 29.699 29.724 29.769 29.826 29.871 29.944 30.024 30.091 30.159 30.249 30.301 30.391 30.484 30.546 30.656 30.716 30.826 30.924 31.019 31.094 31.174 31.304 31.374 31.496 31.611 31.686 31.776 31.874 31.959 32.036 32.126 32.251 32.296 32.394 32.439 32.531 32.636 32.696 32.764 32.864 32.966 33.056 33.144 33.251 33.319 33.429 33.506 33.541 33.611 33.681 33.739 33.816 33.896 33.961
28.611 28.721 28.794 28.886 28.989 29.036 29.124 29.184 29.254 29.294 29.369 29.404 29.499 29.556 29.611 29.671 29.686 29.699 29.764 29.799 29.856 29.904 29.971 30.046 30.099 30.174 30.239 30.309 30.361 30.436 30.544 30.626 30.739 30.851 30.924 31.011 31.119 31.231 31.309 31.401 31.514 31.611 31.729 31.819 31.901 31.961 32.064 32.146 32.266 32.334 32.391 32.446 32.551 32.626 32.694 32.764 32.846 32.971 33.066 33.184 33.266 33.351 33.444 33.544 33.569 33.636 33.696 33.749 33.814 33.881 33.951
28.679 28.754 28.854 28.919 28.996 29.074 29.154 29.214 29.279 29.331 29.416 29.451 29.534 29.586 29.641 29.666 29.699 29.754 29.804 29.831 29.874 29.936 29.989 30.029 30.096 30.164 30.219 30.316 30.386 30.464 30.536 30.636 30.736 30.841 30.954 31.051 31.164 31.236 31.316 31.431 31.534 31.651 31.741 31.819 31.926 31.991 32.096 32.186 32.274 32.334 32.414 32.491 32.519 32.586 32.696 32.799 32.911 32.989 33.064 33.149 33.246 33.351 33.471 33.544 33.586 33.646 33.699 33.771 33.824 33.891 33.971
28.689 28.806 28.896 28.994 29.059 29.134 29.194 29.239 29.319 29.396 29.431 29.494 29.549 29.604 29.656 29.674 29.731 29.764 29.786 29.854 29.891 29.944 29.989 30.044 30.116 30.146 30.241 30.324 30.396 30.494 30.594 30.676 30.809 30.879 30.976 31.056 31.174 31.296 31.374 31.479 31.546 31.641 31.736 31.854 31.959 32.034 32.094 32.186 32.259 32.316 32.381 32.464 32.536 32.611 32.716 32.801 32.899 32.979 33.054 33.121 33.246 33.329 33.431 33.511 33.561 33.634 33.684 33.764 33.851 33.921 33.974
28.749 28.876 28.939 29.034 29.091 29.174 29.244 29.311 29.381 29.431 29.471 29.489 29.546 29.654 29.696 29.724 29.764 29.781 29.804 29.834 29.879 29.921 30.016 30.054 30.131 30.156 30.249 30.329 30.421 30.531 30.601 30.724 30.806 30.859 30.976 31.099 31.249 31.324 31.406 31.509 31.581 31.679 31.801 31.904 31.991 32.071 32.149 32.209 32.289 32.329 32.424 32.486 32.569 32.659 32.719 32.794 32.879 32.949 33.046 33.134 33.231 33.339 33.411 33.526 33.591 33.679 33.694 33.776 33.829 33.874 33.936
