LIDAR/se2887_DTM_2M.asc
ncols 500
nrows 500
xllcorner    428000
yllcorner    487000
cellsize     2
NODATA_value -9999
[rows 448 to 479 of 500, columns 0 to 70 of 500]
30.007 29.949 29.927 29.932 29.907 29.862 29.754 29.659 29.579 29.482 29.399 29.329 29.272 29.204 29.177 29.139 29.094 29.044 28.964 28.967 28.927 28.929 28.894 28.904 28.889 28.907 28.904 28.914 28.952 28.934 28.904 28.879 28.867 28.872 28.817 28.792 28.722 28.729 28.739 28.664 28.609 28.597 28.567 28.582 28.594 28.604 28.629 28.644 28.719 28.667 28.624 28.747 28.824 28.949 28.982 28.999 29.007 28.989 28.989 28.949 28.942 28.954 28.967 28.929 28.894 28.867 28.842 28.824 28.787 28.762 28.759
29.952 29.942 29.924 29.869 29.787 29.724 29.652 29.554 29.464 29.369 29.294 29.207 29.154 29.094 29.049 29.039 29.009 28.964 28.917 28.889 28.897 28.894 28.889 28.892 28.889 28.877 28.879 28.859 28.879 28.842 28.852 28.864 28.889 28.854 28.732 28.617 28.629 28.702 28.699 28.694 28.659 28.547 28.554 28.549 28.554 28.587 28.614 28.637 28.689 28.629 28.587 28.699 28.847 29.002 28.987 29.029 29.049 29.029 29.012 28.979 29.014 29.014 28.987 28.954 28.937 28.944 28.874 28.909 28.889 28.874 28.852
29.894 29.879 29.852 29.779 29.704 29.604 29.534 29.449 29.357 29.274 29.184 29.137 29.054 29.032 28.977 28.969 28.904 28.884 28.859 28.872 28.864 28.892 28.904 28.879 28.889 28.837 28.799 28.782 28.812 28.869 28.864 28.889 28.802 28.584 28.462 28.462 28.514 28.689 28.822 28.859 28.842 28.542 28.559 28.524 28.542 28.559 28.582 28.619 28.649 28.617 28.599 28.729 28.914 29.044 29.012 29.047 29.072 29.054 29.052 29.039 29.054 29.039 28.992 29.009 28.977 28.964 28.952 28.934 28.929 28.929 28.949
29.872 29.827 29.772 29.717 29.599 29.504 29.449 29.347 29.247 29.167 29.092 29.067 28.989 28.949 28.887 28.867 28.842 28.824 28.814 28.859 28.894 28.889 28.894 28.867 28.807 28.784 28.722 28.767 28.802 28.829 28.807 28.637 28.439 28.372 28.329 28.369 28.394 28.514 28.894 29.047 28.979 28.579 28.519 28.512 28.527 28.542 28.557 28.572 28.602 28.582 28.549 28.662 28.897 29.037 29.049 29.054 29.054 29.092 29.079 29.114 29.109 29.072 29.029 29.037 28.999 28.959 29.009 28.962 28.952 28.974 28.962
29.789 29.752 29.699 29.629 29.527 29.434 29.357 29.282 29.177 29.102 29.044 28.959 28.909 28.867 28.824 28.782 28.789 28.802 28.817 28.824 28.872 28.859 28.832 28.804 28.762 28.819 28.727 28.717 28.649 28.562 28.434 28.302 28.292 28.282 28.297 28.257 28.274 28.372 28.694 29.062 28.872 28.637 28.534 28.522 28.529 28.527 28.524 28.552 28.574 28.559 28.524 28.702 28.907 29.019 29.059 29.114 29.084 29.102 29.127 29.142 29.117 29.082 29.039 29.022 28.992 29.009 29.012 28.977 28.974 28.967 28.984
29.712 29.677 29.589 29.524 29.427 29.349 29.254 29.182 29.082 29.009 28.919 28.882 28.822 28.754 28.754 28.737 28.759 28.759 28.774 28.757 28.762 28.717 28.717 28.749 28.759 28.819 28.669 28.499 28.367 28.294 28.259 28.249 28.239 28.237 28.199 28.174 28.187 28.252 28.494 28.902 28.817 28.752 28.739 28.587 28.507 28.502 28.494 28.529 28.539 28.549 28.494 28.674 28.947 29.024 29.087 29.099 29.107 29.122 29.129 29.139 29.107 29.077 29.069 29.044 29.032 29.014 28.987 28.994 29.002 28.987 28.997
29.597 29.527 29.462 29.412 29.339 29.262 29.167 29.099 28.994 28.909 28.842 28.762 28.722 28.674 28.699 28.667 28.637 28.614 28.622 28.647 28.679 28.699 28.717 28.742 28.594 28.459 28.317 28.249 28.242 28.197 28.187 28.189 28.212 28.214 28.122 28.102 28.144 28.119 28.297 28.727 28.934 28.942 28.964 28.794 28.489 28.487 28.464 28.519 28.517 28.482 28.469 28.622 28.869 28.977 29.052 29.089 29.089 29.114 29.132 29.154 29.122 29.067 29.047 29.049 29.042 29.012 28.964 28.982 28.982 28.967 28.997
29.479 29.419 29.314 29.287 29.224 29.164 29.064 28.989 28.912 28.852 28.764 28.677 28.664 28.624 28.602 28.582 28.517 28.484 28.547 28.622 28.637 28.647 28.522 28.349 28.229 28.167 28.159 28.142 28.164 28.169 28.127 28.122 28.134 28.139 28.107 28.074 28.089 28.082 28.177 28.499 28.929 29.014 29.039 28.907 28.507 28.444 28.462 28.449 28.482 28.459 28.449 28.597 28.817 28.922 28.992 29.024 29.044 29.069 29.092 29.144 29.112 29.094 29.054 29.044 28.999 28.979 28.984 28.957 28.947 28.947 28.939
29.404 29.307 29.197 29.154 29.127 29.012 28.957 28.872 28.829 28.749 28.682 28.637 28.607 28.559 28.554 28.509 28.489 28.549 28.567 28.584 28.517 28.332 28.199 28.154 28.107 28.112 28.097 28.124 28.094 28.079 28.054 28.062 28.094 28.072 28.062 28.027 28.062 28.049 28.099 28.412 28.927 29.057 29.022 28.767 28.482 28.407 28.424 28.449 28.434 28.457 28.444 28.574 28.757 28.914 28.959 29.007 29.032 29.047 29.079 29.117 29.099 29.094 29.019 29.039 28.979 28.977 28.972 28.922 28.904 28.904 28.894
29.357 29.234 29.142 29.047 29.004 28.937 28.862 28.779 28.727 28.699 28.654 28.597 28.544 28.522 28.487 28.524 28.549 28.539 28.449 28.294 28.152 28.092 28.069 28.067 28.064 28.032 28.044 28.027 27.999 28.002 27.992 28.032 28.007 27.992 27.964 27.952 27.992 28.007 28.074 28.269 28.767 29.037 28.857 28.567 28.404 28.364 28.369 28.437 28.444 28.469 28.424 28.509 28.684 28.859 28.902 28.959 28.989 29.014 29.069 29.104 29.067 29.059 29.014 28.999 28.959 28.944 28.922 28.889 28.887 28.872 28.847
29.274 29.162 29.019 28.947 28.874 28.829 28.787 28.707 28.667 28.664 28.622 28.559 28.489 28.497 28.452 28.457 28.379 28.179 28.097 28.007 28.014 27.987 27.984 27.974 27.989 27.969 27.914 27.929 27.944 27.942 27.947 27.927 27.954 27.922 27.894 27.882 27.929 27.964 28.027 28.157 28.527 28.899 28.719 28.502 28.384 28.369 28.354 28.424 28.469 28.504 28.432 28.484 28.642 28.814 28.874 28.914 28.932 28.974 29.017 29.064 29.047 29.004 28.984 28.984 28.907 28.899 28.889 28.842 28.827 28.807 28.812
29.194 29.062 28.957 28.847 28.774 28.722 28.682 28.672 28.634 28.614 28.567 28.587 28.577 28.512 28.342 28.162 28.049 27.982 27.917 27.877 27.904 27.917 27.902 27.892 27.879 27.862 27.837 27.827 27.857 27.859 27.894 27.909 27.877 27.849 27.792 27.832 27.842 27.932 27.969 28.057 28.329 28.804 28.737 28.532 28.404 28.377 28.292 28.369 28.472 28.504 28.457 28.492 28.577 28.767 28.817 28.837 28.899 28.924 28.994 29.017 29.004 28.987 28.979 28.927 28.872 28.839 28.849 28.814 28.787 28.762 28.759
29.089 28.962 28.867 28.792 28.689 28.629 28.602 28.584 28.634 28.637 28.624 28.597 28.464 28.249 28.002 27.944 27.889 27.892 27.857 27.834 27.869 27.857 27.844 27.822 27.819 27.782 27.814 27.812 27.789 27.812 27.862 27.854 27.844 27.802 27.769 27.739 27.757 27.867 27.907 27.937 28.119 28.497 28.647 28.569 28.419 28.224 28.054 28.294 28.457 28.489 28.452 28.509 28.609 28.694 28.749 28.809 28.829 28.864 28.907 28.947 28.984 28.959 28.922 28.897 28.874 28.807 28.804 28.784 28.802 28.737 28.732
29.029 28.904 28.784 28.717 28.629 28.512 28.504 28.597 28.592 28.589 28.487 28.219 28.049 27.947 27.894 27.907 27.864 27.859 27.847 27.819 27.797 27.764 27.764 27.754 27.767 27.734 27.744 27.752 27.764 27.792 27.794 27.807 27.764 27.749 27.692 27.632 27.697 27.787 27.812 27.832 27.967 28.082 28.167 28.352 28.414 28.224 27.854 28.224 28.492 28.514 28.464 28.452 28.569 28.682 28.697 28.772 28.792 28.787 28.854 28.919 28.927 28.937 28.897 28.867 28.862 28.769 28.782 28.759 28.747 28.674 28.659
28.964 28.834 28.727 28.654 28.529 28.517 28.554 28.567 28.454 28.292 28.079 27.974 27.899 27.834 27.824 27.862 27.834 27.824 27.797 27.749 27.734 27.744 27.739 27.744 27.727 27.744 27.722 27.737 27.739 27.747 27.757 27.774 27.739 27.732 27.717 27.639 27.607 27.734 27.774 27.817 27.854 27.907 27.944 28.077 28.192 28.047 27.919 28.137 28.404 28.507 28.482 28.447 28.517 28.634 28.634 28.717 28.727 28.779 28.812 28.862 28.892 28.877 28.877 28.839 28.819 28.767 28.772 28.734 28.682 28.642 28.627
28.912 28.809 28.712 28.644 28.567 28.469 28.447 28.354 28.169 27.994 27.909 27.892 27.869 27.854 27.837 27.819 27.814 27.832 27.797 27.762 27.744 27.724 27.739 27.742 27.742 27.727 27.717 27.707 27.759 27.707 27.717 27.714 27.744 27.724 27.704 27.667 27.664 27.667 27.757 27.807 27.877 27.914 27.947 27.892 27.952 27.859 27.919 28.109 28.307 28.492 28.537 28.497 28.449 28.594 28.619 28.689 28.702 28.742 28.767 28.807 28.837 28.822 28.842 28.824 28.799 28.724 28.722 28.694 28.649 28.609 28.612
28.789 28.759 28.662 28.647 28.497 28.292 28.182 28.069 27.987 27.932 27.892 27.914 27.877 27.857 27.812 27.774 27.789 27.777 27.722 27.742 27.752 27.717 27.707 27.704 27.699 27.719 27.709 27.674 27.704 27.697 27.704 27.717 27.727 27.704 27.687 27.662 27.679 27.687 27.769 27.797 27.892 27.937 27.949 27.917 27.907 27.894 27.907 28.099 28.324 28.554 28.572 28.502 28.432 28.559 28.617 28.627 28.642 28.649 28.694 28.769 28.772 28.757 28.779 28.799 28.772 28.692 28.684 28.652 28.584 28.564 28.579
28.737 28.704 28.607 28.409 28.227 28.072 28.029 27.959 27.919 27.902 27.894 27.867 27.814 27.797 27.769 27.764 27.769 27.772 27.752 27.742 27.772 27.742 27.702 27.674 27.697 27.702 27.702 27.692 27.679 27.709 27.719 27.717 27.682 27.652 27.659 27.669 27.749 27.797 27.822 27.817 27.894 27.929 27.934 27.929 27.944 27.964 27.929 27.959 28.237 28.542 28.577 28.447 28.409 28.517 28.582 28.594 28.637 28.619 28.622 28.672 28.744 28.732 28.749 28.757 28.714 28.697 28.657 28.632 28.579 28.574 28.557
28.637 28.534 28.314 28.179 28.087 28.007 27.944 27.914 27.877 27.847 27.827 27.824 27.774 27.777 27.757 27.764 27.772 27.789 27.759 27.752 27.777 27.729 27.754 27.737 27.734 27.689 27.637 27.644 27.692 27.669 27.687 27.667 27.624 27.639 27.652 27.679 27.749 27.777 27.789 27.844 27.847 27.852 27.934 27.949 27.992 28.019 28.004 28.024 28.204 28.544 28.584 28.487 28.437 28.502 28.557 28.607 28.617 28.584 28.627 28.644 28.679 28.699 28.714 28.697 28.684 28.687 28.639 28.614 28.577 28.529 28.504
28.492 28.344 28.242 28.144 28.072 28.022 27.919 27.889 27.859 27.839 27.804 27.777 27.762 27.782 27.774 27.787 27.772 27.757 27.747 27.757 27.762 27.727 27.754 27.729 27.732 27.702 27.662 27.649 27.662 27.674 27.664 27.639 27.634 27.612 27.647 27.734 27.777 27.767 27.759 27.817 27.842 27.904 27.974 28.019 28.024 28.024 28.089 28.114 28.224 28.579 28.702 28.572 28.437 28.474 28.529 28.579 28.569 28.549 28.582 28.604 28.614 28.657 28.699 28.687 28.692 28.669 28.649 28.589 28.544 28.497 28.524
28.362 28.294 28.214 28.142 28.049 27.962 27.857 27.817 27.827 27.787 27.784 27.782 27.784 27.819 27.789 27.749 27.774 27.759 27.744 27.747 27.734 27.734 27.734 27.712 27.697 27.657 27.664 27.667 27.689 27.674 27.649 27.639 27.664 27.649 27.664 27.692 27.744 27.752 27.734 27.807 27.879 27.984 27.997 28.079 28.059 28.072 28.119 28.169 28.197 28.569 28.764 28.609 28.432 28.429 28.512 28.577 28.577 28.537 28.539 28.572 28.587 28.614 28.642 28.649 28.632 28.644 28.609 28.564 28.537 28.474 28.467
28.369 28.249 28.152 28.082 27.997 27.922 27.844 27.792 27.749 27.782 27.784 27.792 27.809 27.809 27.792 27.769 27.732 27.729 27.737 27.759 27.739 27.734 27.707 27.667 27.654 27.687 27.697 27.684 27.737 27.789 27.717 27.682 27.679 27.657 27.657 27.714 27.772 27.772 27.807 27.914 27.964 28.007 28.042 28.032 28.072 28.104 28.159 28.214 28.212 28.527 28.747 28.702 28.497 28.389 28.464 28.564 28.574 28.509 28.477 28.489 28.552 28.592 28.582 28.599 28.597 28.622 28.594 28.564 28.524 28.424 28.397
28.327 28.192 28.099 28.024 27.922 27.839 27.802 27.807 27.737 27.727 27.744 27.757 27.782 27.772 27.759 27.757 27.752 27.772 27.754 27.759 27.767 27.727 27.697 27.707 27.719 27.739 27.752 27.747 27.764 27.729 27.744 27.794 27.754 27.682 27.714 27.722 27.794 27.807 27.829 27.912 27.959 28.059 28.079 28.067 28.074 28.137 28.209 28.262 28.209 28.449 28.759 28.762 28.602 28.394 28.409 28.504 28.517 28.479 28.479 28.462 28.504 28.534 28.549 28.567 28.589 28.574 28.547 28.524 28.492 28.442 28.404
28.287 28.167 28.062 27.954 27.874 27.822 27.804 27.774 27.757 27.727 27.739 27.739 27.729 27.729 27.722 27.714 27.762 27.757 27.742 27.704 27.737 27.729 27.737 27.777 27.782 27.747 27.802 27.784 27.729 27.749 27.842 27.814 27.772 27.684 27.767 27.789 27.804 27.824 27.852 27.909 27.962 28.024 28.057 28.102 28.112 28.174 28.224 28.304 28.269 28.379 28.749 28.787 28.617 28.439 28.432 28.519 28.547 28.514 28.479 28.434 28.464 28.502 28.509 28.514 28.552 28.572 28.534 28.504 28.464 28.429 28.407
28.204 28.054 27.984 27.902 27.864 27.794 27.767 27.732 27.757 27.744 27.737 27.742 27.719 27.734 27.734 27.769 27.812 27.797 27.757 27.712 27.679 27.677 27.739 27.779 27.782 27.754 27.777 27.774 27.772 27.762 27.797 27.752 27.782 27.794 27.834 27.877 27.859 27.852 27.899 27.957 28.002 28.037 28.077 28.089 28.174 28.224 28.279 28.329 28.339 28.404 28.732 28.802 28.662 28.407 28.427 28.534 28.519 28.499 28.474 28.407 28.414 28.467 28.494 28.512 28.527 28.517 28.542 28.499 28.447 28.399 28.404
28.109 28.004 27.969 27.894 27.854 27.787 27.724 27.744 27.729 27.737 27.739 27.767 27.767 27.772 27.749 27.769 27.772 27.779 27.757 27.734 27.684 27.722 27.782 27.799 27.767 27.759 27.794 27.809 27.787 27.772 27.799 27.779 27.802 27.849 27.829 27.839 27.849 27.909 27.949 28.024 28.067 28.092 28.119 28.117 28.189 28.267 28.294 28.332 28.372 28.339 28.627 28.777 28.754 28.549 28.362 28.477 28.462 28.462 28.434 28.399 28.392 28.439 28.474 28.477 28.492 28.487 28.462 28.429 28.429 28.392 28.389
28.062 27.962 27.907 27.857 27.797 27.784 27.767 27.772 27.779 27.769 27.724 27.764 27.764 27.772 27.759 27.757 27.767 27.772 27.739 27.722 27.714 27.749 27.794 27.789 27.784 27.784 27.812 27.804 27.824 27.819 27.857 27.839 27.832 27.872 27.794 27.784 27.874 27.934 27.987 28.059 28.147 28.172 28.162 28.179 28.199 28.264 28.302 28.344 28.389 28.342 28.544 28.737 28.799 28.689 28.392 28.432 28.479 28.427 28.417 28.374 28.369 28.404 28.457 28.439 28.477 28.459 28.449 28.434 28.409 28.389 28.367
27.964 27.919 27.859 27.817 27.762 27.764 27.747 27.769 27.794 27.792 27.767 27.784 27.779 27.827 27.804 27.784 27.779 27.737 27.719 27.717 27.697 27.727 27.779 27.789 27.824 27.792 27.834 27.842 27.857 27.884 27.884 27.867 27.842 27.819 27.787 27.834 27.902 27.947 28.019 28.082 28.157 28.229 28.237 28.242 28.254 28.282 28.304 28.339 28.379 28.309 28.469 28.724 28.784 28.734 28.397 28.404 28.457 28.454 28.419 28.394 28.342 28.382 28.394 28.414 28.439 28.432 28.397 28.389 28.374 28.359 28.347
27.899 27.857 27.842 27.814 27.794 27.739 27.742 27.754 27.774 27.789 27.787 27.809 27.832 27.839 27.844 27.842 27.819 27.774 27.769 27.752 27.729 27.734 27.762 27.772 27.782 27.814 27.852 27.867 27.874 27.897 27.894 27.847 27.859 27.802 27.824 27.869 27.937 27.984 28.079 28.129 28.219 28.224 28.264 28.272 28.282 28.304 28.324 28.322 28.379 28.382 28.437 28.689 28.797 28.752 28.462 28.329 28.434 28.467 28.414 28.407 28.349 28.337 28.382 28.377 28.387 28.407 28.414 28.372 28.372 28.364 28.322
27.859 27.839 27.847 27.834 27.867 27.747 27.722 27.754 27.762 27.804 27.834 27.872 27.899 27.869 27.874 27.852 27.817 27.799 27.809 27.772 27.742 27.742 27.772 27.777 27.782 27.804 27.854 27.894 27.859 27.882 27.859 27.807 27.804 27.817 27.864 27.944 27.989 28.022 28.102 28.152 28.257 28.277 28.304 28.319 28.329 28.327 28.344 28.359 28.409 28.407 28.387 28.639 28.804 28.777 28.577 28.334 28.404 28.437 28.442 28.342 28.349 28.362 28.382 28.349 28.394 28.387 28.404 28.369 28.354 28.367 28.329
27.839 27.829 27.857 27.889 27.939 27.857 27.809 27.779 27.829 27.862 27.889 27.904 27.902 27.907 27.889 27.879 27.817 27.842 27.814 27.829 27.784 27.752 27.794 27.779 27.782 27.807 27.867 27.897 27.879 27.872 27.822 27.804 27.807 27.852 27.914 27.999 28.024 28.067 28.127 28.197 28.269 28.349 28.359 28.362 28.349 28.339 28.374 28.367 28.414 28.429 28.372 28.569 28.787 28.837 28.674 28.359 28.414 28.442 28.452 28.377 28.344 28.324 28.374 28.367 28.377 28.382 28.414 28.392 28.339 28.357 28.357
27.812 27.817 27.879 27.927 27.994 27.979 27.924 27.892 27.847 27.829 27.877 27.909 27.924 27.927 27.927 27.904 27.874 27.854 27.847 27.842 27.822 27.799 27.792 27.792 27.809 27.837 27.907 27.899 27.872 27.859 27.829 27.804 27.839 27.907 27.949 28.007 28.044 28.059 28.144 28.224 28.304 28.362 28.357 28.354 28.389 28.422 28.397 28.387 28.407 28.452 28.392 28.504 28.789 28.847 28.762 28.449 28.407 28.452 28.459 28.419 28.354 28.332 28.344 28.362 28.409 28.412 28.424 28.419 28.359 28.372 28.369
