LIDAR/se2886_DTM_2M.asc
ncols 500
nrows 500
xllcorner    428000
yllcorner    486000
cellsize     2
NODATA_value -9999
[rows 0 to 31 of 500, columns 360 to 431 of 500]
29.511 29.541 29.591 29.649 29.691 29.719 29.766 29.836 29.856 29.896 29.939 29.969 29.974 30.016 30.039 30.089 30.099 30.111 30.141 30.139 30.139 30.176 30.181 30.211 30.189 30.171 30.144 30.144 30.141 30.116 30.111 30.131 30.094 30.094 30.119 30.119 30.091 30.099 30.096 30.129 30.184 30.211 30.231 30.251 30.274 30.271 30.284 30.286 30.296 30.311 30.346 30.391 30.441 30.456 30.489 30.496 30.514 30.524 30.516 30.526 30.554 30.554 30.544 30.524 30.514 30.496 30.491 30.456 30.429 30.381 30.369 30.379
29.509 29.561 29.596 29.641 29.686 29.709 29.764 29.784 29.811 29.884 29.929 29.939 29.954 29.979 30.021 30.054 30.106 30.099 30.129 30.136 30.116 30.151 30.134 30.176 30.186 30.161 30.149 30.149 30.134 30.119 30.096 30.086 30.099 30.121 30.124 30.121 30.109 30.096 30.126 30.124 30.141 30.171 30.219 30.251 30.269 30.271 30.251 30.284 30.294 30.306 30.326 30.386 30.434 30.446 30.494 30.506 30.499 30.496 30.499 30.499 30.484 30.489 30.486 30.464 30.444 30.451 30.431 30.401 30.396 30.371 30.364 30.364
29.506 29.551 29.589 29.619 29.671 29.696 29.734 29.759 29.794 29.876 29.906 29.939 29.916 29.949 29.971 30.026 30.064 30.066 30.074 30.116 30.114 30.139 30.169 30.176 30.131 30.156 30.129 30.119 30.146 30.111 30.119 30.106 30.094 30.114 30.151 30.126 30.129 30.074 30.116 30.106 30.146 30.184 30.219 30.224 30.241 30.249 30.251 30.261 30.301 30.319 30.336 30.376 30.429 30.441 30.476 30.481 30.451 30.469 30.456 30.416 30.394 30.389 30.401 30.386 30.399 30.381 30.374 30.364 30.324 30.324 30.326 30.329
29.486 29.521 29.584 29.634 29.661 29.671 29.691 29.754 29.776 29.804 29.856 29.896 29.901 29.936 29.964 29.984 30.014 30.029 30.076 30.089 30.059 30.079 30.126 30.134 30.119 30.136 30.114 30.116 30.104 30.114 30.096 30.096 30.111 30.136 30.131 30.151 30.164 30.124 30.134 30.126 30.136 30.154 30.216 30.206 30.226 30.249 30.294 30.271 30.294 30.311 30.321 30.359 30.404 30.411 30.439 30.454 30.431 30.411 30.386 30.354 30.326 30.314 30.326 30.326 30.301 30.311 30.291 30.266 30.271 30.269 30.294 30.314
29.486 29.509 29.554 29.619 29.639 29.634 29.686 29.729 29.736 29.786 29.836 29.889 29.871 29.884 29.931 29.949 29.974 30.019 30.036 30.044 30.044 30.064 30.089 30.116 30.106 30.111 30.091 30.129 30.126 30.131 30.101 30.121 30.119 30.139 30.136 30.164 30.161 30.141 30.139 30.144 30.149 30.154 30.194 30.196 30.241 30.264 30.266 30.261 30.271 30.296 30.294 30.334 30.349 30.394 30.414 30.404 30.389 30.356 30.319 30.299 30.254 30.241 30.239 30.224 30.206 30.216 30.211 30.196 30.196 30.201 30.216 30.206
29.444 29.491 29.521 29.571 29.599 29.629 29.676 29.694 29.716 29.754 29.806 29.856 29.856 29.876 29.886 29.921 29.956 29.954 29.961 30.004 30.036 30.039 30.086 30.084 30.086 30.094 30.106 30.109 30.119 30.104 30.136 30.126 30.149 30.134 30.146 30.179 30.159 30.156 30.141 30.154 30.156 30.171 30.159 30.186 30.216 30.241 30.229 30.251 30.261 30.261 30.294 30.324 30.341 30.356 30.376 30.351 30.336 30.326 30.271 30.254 30.206 30.164 30.166 30.131 30.131 30.124 30.141 30.144 30.139 30.171 30.161 30.201
29.436 29.479 29.509 29.534 29.576 29.609 29.614 29.659 29.711 29.724 29.756 29.806 29.849 29.874 29.859 29.879 29.919 29.939 29.981 30.004 30.016 30.004 30.064 30.071 30.089 30.101 30.081 30.086 30.099 30.124 30.149 30.141 30.149 30.149 30.159 30.174 30.169 30.136 30.161 30.131 30.114 30.124 30.129 30.156 30.184 30.226 30.224 30.246 30.251 30.241 30.256 30.264 30.286 30.299 30.329 30.311 30.286 30.286 30.246 30.184 30.166 30.146 30.104 30.061 30.054 30.049 30.076 30.101 30.089 30.106 30.134 30.169
29.429 29.454 29.509 29.541 29.564 29.594 29.611 29.631 29.679 29.711 29.741 29.791 29.869 29.859 29.871 29.879 29.906 29.909 29.966 29.966 29.981 29.984 30.034 30.076 30.094 30.104 30.114 30.084 30.129 30.126 30.139 30.139 30.134 30.169 30.164 30.161 30.184 30.169 30.139 30.141 30.124 30.121 30.114 30.139 30.136 30.181 30.209 30.246 30.251 30.236 30.246 30.241 30.271 30.274 30.281 30.276 30.249 30.234 30.186 30.141 30.094 30.086 30.044 30.049 30.031 30.001 29.984 30.029 30.041 30.096 30.126 30.139
29.414 29.461 29.506 29.559 29.584 29.604 29.634 29.656 29.661 29.724 29.746 29.784 29.826 29.841 29.856 29.861 29.881 29.911 29.936 29.939 29.981 29.979 30.004 30.024 30.044 30.064 30.081 30.071 30.111 30.114 30.109 30.109 30.121 30.146 30.134 30.161 30.141 30.154 30.141 30.116 30.104 30.104 30.101 30.114 30.114 30.139 30.179 30.214 30.219 30.224 30.249 30.244 30.224 30.244 30.259 30.226 30.211 30.179 30.149 30.114 30.069 30.036 30.046 29.999 30.024 29.979 29.991 30.004 30.036 30.059 30.084 30.124
29.411 29.459 29.519 29.579 29.579 29.636 29.669 29.689 29.696 29.731 29.761 29.786 29.814 29.841 29.881 29.884 29.876 29.886 29.904 29.919 29.921 29.939 29.954 30.009 30.044 30.024 30.041 30.071 30.071 30.094 30.121 30.086 30.109 30.136 30.126 30.161 30.139 30.131 30.139 30.116 30.119 30.111 30.096 30.099 30.099 30.121 30.181 30.196 30.169 30.194 30.201 30.239 30.211 30.226 30.224 30.189 30.186 30.131 30.101 30.094 30.049 30.016 29.979 29.949 29.979 29.954 29.909 29.946 30.001 30.039 30.074 30.119
29.434 29.521 29.541 29.611 29.639 29.651 29.699 29.701 29.739 29.784 29.814 29.799 29.836 29.856 29.876 29.884 29.891 29.884 29.899 29.914 29.901 29.939 29.956 29.966 29.991 29.994 30.019 30.056 30.051 30.041 30.106 30.086 30.106 30.114 30.116 30.126 30.154 30.151 30.169 30.131 30.091 30.081 30.084 30.094 30.079 30.094 30.106 30.146 30.144 30.176 30.174 30.184 30.186 30.179 30.176 30.161 30.129 30.114 30.089 30.046 30.004 29.974 29.951 29.926 29.961 29.966 29.984 29.984 30.011 30.041 30.089 30.136
29.469 29.566 29.606 29.654 29.674 29.681 29.741 29.764 29.781 29.791 29.829 29.829 29.876 29.901 29.919 29.906 29.884 29.881 29.894 29.904 29.896 29.906 29.916 29.926 29.946 29.984 30.009 30.044 30.051 30.056 30.081 30.126 30.106 30.131 30.144 30.131 30.134 30.129 30.151 30.124 30.101 30.084 30.079 30.086 30.081 30.076 30.096 30.121 30.146 30.171 30.166 30.169 30.181 30.151 30.126 30.119 30.129 30.099 30.061 30.016 30.001 29.944 29.906 29.931 29.986 29.996 29.986 29.996 30.014 30.026 30.056 30.086
29.471 29.549 29.621 29.669 29.709 29.731 29.751 29.814 29.824 29.826 29.854 29.876 29.901 29.894 29.941 29.944 29.916 29.926 29.929 29.914 29.894 29.909 29.894 29.924 29.946 29.974 29.991 30.014 30.044 30.074 30.054 30.069 30.124 30.141 30.156 30.136 30.124 30.124 30.151 30.144 30.121 30.084 30.084 30.054 30.076 30.051 30.074 30.079 30.094 30.126 30.146 30.141 30.164 30.159 30.131 30.121 30.081 30.071 30.046 30.001 29.984 29.979 29.896 29.929 29.961 30.006 29.976 29.994 29.976 30.011 30.046 30.071
29.504 29.584 29.656 29.681 29.724 29.766 29.796 29.836 29.879 29.884 29.896 29.909 29.924 29.929 29.964 29.974 29.974 29.959 29.949 29.941 29.911 29.899 29.926 29.939 29.949 29.946 29.969 29.991 30.041 30.074 30.076 30.081 30.104 30.119 30.119 30.121 30.114 30.114 30.134 30.129 30.089 30.056 30.069 30.044 30.024 30.019 30.041 30.089 30.096 30.124 30.134 30.146 30.144 30.124 30.101 30.094 30.096 30.074 29.999 29.826 29.929 29.964 29.904 29.889 29.971 30.006 30.016 30.019 30.001 30.009 30.036 30.069
29.514 29.599 29.661 29.711 29.746 29.769 29.836 29.871 29.906 29.901 29.919 29.911 29.941 29.969 29.994 29.979 30.001 30.009 29.971 29.971 29.944 29.939 29.899 29.909 29.901 29.929 29.946 29.971 30.016 30.056 30.086 30.071 30.051 30.064 30.101 30.106 30.121 30.126 30.116 30.076 30.069 30.059 30.039 30.006 30.029 30.041 30.024 30.049 30.074 30.099 30.109 30.136 30.136 30.119 30.126 30.094 30.024 30.056 30.011 29.979 29.959 29.956 29.914 29.916 29.909 30.006 30.034 30.024 30.004 30.014 30.026 30.046
29.544 29.624 29.686 29.759 29.784 29.801 29.846 29.859 29.909 29.931 29.949 29.964 29.974 29.974 30.029 30.016 30.016 30.004 29.974 29.976 29.929 29.921 29.889 29.909 29.894 29.921 29.951 29.959 30.014 30.024 30.046 30.059 30.039 30.066 30.086 30.109 30.111 30.111 30.069 30.114 30.094 30.064 30.049 30.046 30.039 30.029 30.029 30.049 30.071 30.101 30.109 30.116 30.124 30.101 30.104 30.054 30.024 30.006 30.029 29.999 29.989 29.964 29.961 29.964 29.931 30.001 29.986 30.011 29.986 29.979 30.021 30.059
29.594 29.666 29.736 29.809 29.834 29.861 29.914 29.934 29.924 29.931 29.951 29.949 30.001 30.001 30.026 30.036 30.036 30.031 30.014 29.994 29.954 29.931 29.919 29.889 29.889 29.906 29.921 29.954 29.974 29.999 30.029 30.046 30.046 30.084 30.081 30.081 30.064 30.119 30.099 30.116 30.111 30.091 30.066 30.059 30.041 30.031 30.039 30.034 30.061 30.086 30.086 30.076 30.106 30.109 30.081 30.034 30.014 29.991 30.004 29.994 30.016 30.006 29.991 29.981 29.931 29.969 29.951 29.959 29.971 29.991 30.024 30.059
29.626 29.691 29.781 29.821 29.879 29.924 29.946 29.959 29.954 30.009 29.994 30.009 30.016 29.981 29.996 30.021 30.004 29.981 29.981 29.961 29.941 29.941 29.894 29.864 29.886 29.874 29.924 29.929 29.954 29.984 29.996 30.024 30.049 30.049 30.061 30.076 30.074 30.096 30.109 30.099 30.091 30.084 30.046 30.046 30.056 30.041 30.019 30.036 30.049 30.059 30.094 30.054 30.104 30.091 30.101 30.066 30.034 30.036 30.006 29.994 30.024 30.006 29.986 29.964 29.929 29.949 29.944 29.919 29.911 29.971 30.016 30.029
29.666 29.716 29.809 29.831 29.901 29.939 29.966 29.974 29.994 30.039 30.036 30.029 30.011 29.996 30.011 30.009 30.031 29.999 29.976 29.971 29.936 29.904 29.901 29.874 29.881 29.844 29.884 29.931 29.964 29.979 30.001 30.016 30.034 30.051 30.091 30.106 30.089 30.101 30.096 30.101 30.116 30.084 30.061 30.041 30.034 30.024 30.041 30.046 30.059 30.064 30.071 30.079 30.104 30.061 30.091 30.056 30.059 30.049 29.996 29.959 29.989 30.011 29.989 29.986 29.991 29.984 29.966 29.921 29.876 29.901 29.994 30.004
29.679 29.739 29.799 29.839 29.924 29.954 29.976 29.996 29.996 30.021 30.031 30.011 30.019 30.041 30.019 30.029 30.044 30.004 29.991 29.996 29.939 29.886 29.891 29.894 29.866 29.846 29.864 29.901 29.944 29.966 29.996 30.011 30.011 30.041 30.056 30.081 30.079 30.071 30.086 30.086 30.069 30.064 30.074 30.061 30.036 30.046 30.036 30.021 30.031 30.054 30.059 30.056 30.091 30.081 30.084 30.066 30.064 30.034 29.999 29.974 29.964 29.999 29.999 29.976 29.971 29.951 29.956 29.949 29.876 29.914 29.964 29.994
29.689 29.729 29.774 29.871 29.946 29.954 29.979 30.011 30.011 30.026 30.026 30.039 30.031 30.034 30.024 30.001 30.031 30.016 30.006 29.974 29.926 29.896 29.894 29.914 29.889 29.866 29.886 29.881 29.906 29.934 29.931 29.976 29.976 30.006 30.016 30.044 30.056 30.076 30.109 30.099 30.064 30.056 30.076 30.039 30.026 30.019 30.004 30.039 30.044 30.041 30.066 30.074 30.086 30.099 30.074 30.046 30.049 29.981 30.021 29.996 29.946 29.926 29.916 29.931 29.919 29.874 29.899 29.919 29.926 29.919 29.959 29.991
29.681 29.764 29.784 29.871 29.934 29.946 30.021 30.044 30.034 30.046 30.039 30.036 30.034 30.034 30.009 30.014 30.021 30.019 30.004 29.969 29.939 29.939 29.909 29.886 29.899 29.861 29.864 29.851 29.909 29.919 29.939 29.944 29.979 29.959 30.004 30.039 30.034 30.054 30.066 30.056 30.069 30.079 30.044 30.056 30.029 30.034 30.021 30.029 30.019 30.044 30.061 30.094 30.084 30.079 30.084 30.051 30.029 29.914 29.964 29.999 29.934 29.894 29.871 29.896 29.871 29.879 29.909 29.959 29.981 29.971 30.011 30.021
29.681 29.779 29.844 29.894 29.934 29.936 29.976 30.021 30.021 30.056 30.049 30.036 30.031 30.029 30.041 30.026 30.001 30.006 29.996 29.961 29.891 29.901 29.904 29.896 29.901 29.856 29.844 29.871 29.879 29.924 29.966 29.951 29.996 29.909 29.969 29.996 30.006 30.021 30.024 30.021 30.064 30.044 30.041 30.049 30.024 30.039 30.021 30.009 30.014 30.031 30.039 30.064 30.099 30.099 30.086 30.044 30.014 30.004 29.981 29.989 29.966 29.926 29.899 29.921 29.891 29.964 29.944 29.971 30.021 30.001 30.061 30.059
29.691 29.774 29.836 29.879 29.949 29.966 30.001 30.036 30.059 30.061 30.071 30.054 30.029 30.011 29.994 29.974 29.974 29.966 29.974 29.939 29.914 29.911 29.891 29.881 29.886 29.864 29.834 29.856 29.869 29.894 29.916 29.936 29.981 29.981 29.986 30.009 30.001 29.979 30.001 29.991 30.019 30.014 30.014 30.016 30.019 30.014 29.996 30.014 30.014 30.011 30.009 30.051 30.056 30.081 30.079 30.041 30.016 30.026 29.984 29.971 29.966 29.971 29.979 29.974 29.961 29.994 29.991 29.999 30.021 30.036 30.071 30.074
29.706 29.754 29.834 29.889 29.936 29.949 30.014 30.034 30.059 30.071 30.066 30.049 30.054 30.004 30.016 29.979 29.969 29.961 29.961 29.941 29.901 29.866 29.874 29.874 29.861 29.866 29.854 29.889 29.846 29.884 29.921 29.944 29.964 29.994 30.014 30.004 30.006 29.996 29.999 30.011 29.991 29.991 30.009 30.011 29.984 30.004 30.001 29.949 29.981 30.006 29.989 30.016 30.019 30.071 30.029 30.016 30.021 30.029 29.996 29.969 29.966 29.994 29.981 29.969 29.964 30.009 30.024 30.014 30.029 30.066 30.079 30.096
29.699 29.739 29.821 29.866 29.926 29.954 30.014 30.016 30.051 30.041 30.061 30.041 30.044 30.026 29.989 29.989 29.969 29.944 29.946 29.944 29.881 29.854 29.826 29.839 29.844 29.844 29.836 29.859 29.849 29.884 29.924 29.939 29.926 29.959 30.004 30.001 30.011 30.014 29.986 29.991 29.966 29.986 30.006 30.006 29.974 29.941 29.936 29.914 29.891 29.954 29.961 29.969 29.994 30.001 30.019 30.021 30.041 29.996 30.001 29.999 29.981 29.969 29.979 29.981 29.979 29.989 30.019 30.039 30.051 30.071 30.091 30.116
29.694 29.751 29.811 29.856 29.901 29.926 29.971 30.006 30.019 30.044 30.031 30.021 30.024 30.016 29.979 29.971 29.949 29.929 29.909 29.919 29.876 29.834 29.784 29.829 29.846 29.844 29.851 29.866 29.856 29.866 29.899 29.926 29.934 29.949 29.964 29.981 29.946 29.964 29.964 29.971 29.961 29.969 29.966 29.941 29.936 29.916 29.904 29.886 29.881 29.864 29.919 29.941 29.946 29.966 29.971 29.979 29.991 29.959 29.976 29.989 29.976 29.944 29.984 29.989 29.991 29.989 30.049 30.066 30.074 30.069 30.094 30.149
29.706 29.746 29.816 29.854 29.891 29.911 29.981 30.001 29.999 30.044 30.044 29.999 29.996 30.014 29.976 29.979 29.954 29.924 29.879 29.879 29.884 29.834 29.816 29.814 29.824 29.841 29.841 29.874 29.861 29.881 29.874 29.914 29.901 29.926 29.936 29.941 29.919 29.956 29.919 29.959 29.941 29.909 29.936 29.904 29.911 29.906 29.911 29.894 29.886 29.859 29.876 29.896 29.924 29.929 29.926 29.939 29.961 29.921 29.964 29.989 29.969 29.974 29.979 29.989 30.001 30.016 30.039 30.066 30.101 30.121 30.141 30.186
29.691 29.751 29.801 29.854 29.894 29.921 29.971 29.979 30.006 30.031 30.014 30.011 29.981 30.004 29.961 29.939 29.934 29.906 29.841 29.841 29.889 29.871 29.844 29.839 29.831 29.846 29.846 29.849 29.849 29.864 29.866 29.916 29.906 29.921 29.936 29.936 29.894 29.916 29.904 29.904 29.926 29.906 29.901 29.879 29.874 29.884 29.881 29.869 29.846 29.844 29.861 29.866 29.901 29.901 29.894 29.921 29.906 29.891 29.929 29.954 29.949 29.939 29.959 29.969 30.024 30.036 30.064 30.094 30.121 30.146 30.189 30.214
29.699 29.746 29.791 29.836 29.886 29.926 29.961 29.951 29.991 30.006 30.001 29.999 29.984 29.966 29.946 29.931 29.914 29.896 29.864 29.871 29.874 29.871 29.849 29.849 29.844 29.846 29.839 29.834 29.844 29.836 29.864 29.886 29.889 29.904 29.899 29.911 29.894 29.901 29.901 29.886 29.869 29.869 29.861 29.861 29.846 29.856 29.819 29.811 29.821 29.826 29.799 29.834 29.876 29.859 29.874 29.894 29.884 29.876 29.929 29.919 29.929 29.929 29.954 29.956 30.024 30.036 30.091 30.104 30.139 30.194 30.214 30.226
29.701 29.736 29.821 29.834 29.879 29.909 29.924 29.939 29.961 30.011 30.001 29.991 29.994 29.946 29.946 29.939 29.921 29.894 29.869 29.861 29.864 29.864 29.841 29.836 29.829 29.854 29.836 29.846 29.839 29.834 29.849 29.864 29.886 29.886 29.879 29.871 29.879 29.886 29.859 29.864 29.859 29.839 29.824 29.834 29.816 29.829 29.811 29.801 29.796 29.786 29.771 29.789 29.811 29.811 29.839 29.849 29.829 29.836 29.869 29.904 29.904 29.926 29.929 29.961 30.026 30.059 30.084 30.131 30.134 30.201 30.226 30.254
29.686 29.756 29.801 29.814 29.876 29.909 29.901 29.951 29.954 29.981 29.964 29.981 29.959 29.949 29.931 29.896 29.894 29.884 29.851 29.849 29.866 29.864 29.856 29.834 29.829 29.864 29.856 29.839 29.846 29.859 29.851 29.864 29.849 29.844 29.886 29.884 29.864 29.859 29.864 29.869 29.834 29.841 29.824 29.826 29.796 29.801 29.786 29.774 29.761 29.749 29.741 29.781 29.779 29.796 29.811 29.824 29.799 29.806 29.829 29.854 29.871 29.909 29.941 29.959 30.019 30.059 30.079 30.146 30.174 30.204 30.254 30.291
