LIDAR/se2987_DTM_2M.asc
ncols 500
nrows 500
xllcorner    429000
yllcorner    487000
cellsize     2
NODATA_value -9999
[rows 352 to 383 of 500, columns 72 to 143 of 500]
33.659 33.654 33.659 33.661 33.639 33.636 33.621 33.634 33.676 33.716 33.726 33.651 33.651 33.694 33.701 33.684 33.736 33.759 33.804 33.861 33.919 33.979 34.006 34.059 34.104 34.159 34.211 34.276 34.298 34.368 34.406 34.423 34.443 34.488 34.453 34.461 34.486 34.508 34.581 34.626 34.676 34.763 34.828 34.916 34.911 34.936 34.893 34.963 35.023 35.073 35.048 35.096 35.176 35.186 35.206 35.236 35.246 35.301 35.356 35.406 35.503 35.563 35.678 35.773 35.903 36.023 36.148 36.266 36.433 36.541 36.628 36.756
33.694 33.684 33.646 33.664 33.644 33.659 33.684 33.734 33.724 33.736 33.771 33.644 33.611 33.654 33.679 33.711 33.741 33.781 33.814 33.851 33.926 33.981 34.019 34.071 34.104 34.169 34.196 34.254 34.263 34.321 34.381 34.423 34.441 34.458 34.456 34.458 34.483 34.496 34.531 34.621 34.671 34.743 34.821 34.886 34.911 34.903 34.868 34.886 35.023 35.143 35.178 35.186 35.176 35.161 35.178 35.203 35.248 35.303 35.356 35.408 35.491 35.536 35.643 35.736 35.891 36.021 36.151 36.261 36.386 36.538 36.608 36.748
33.671 33.666 33.636 33.676 33.731 33.766 33.774 33.761 33.721 33.709 33.684 33.626 33.634 33.629 33.691 33.756 33.766 33.816 33.849 33.901 33.931 34.001 34.069 34.081 34.134 34.169 34.169 34.216 34.298 34.331 34.358 34.406 34.443 34.448 34.446 34.461 34.478 34.513 34.538 34.603 34.673 34.741 34.781 34.838 34.898 34.886 34.898 34.976 35.191 35.178 35.131 35.081 35.101 35.138 35.153 35.203 35.238 35.303 35.328 35.391 35.481 35.556 35.638 35.758 35.896 36.011 36.116 36.231 36.351 36.513 36.631 36.746
33.681 33.721 33.729 33.751 33.826 33.819 33.749 33.684 33.646 33.644 33.629 33.629 33.659 33.681 33.701 33.766 33.799 33.861 33.879 33.929 33.964 34.024 34.086 34.079 34.134 34.149 34.161 34.226 34.283 34.313 34.328 34.361 34.433 34.471 34.466 34.471 34.491 34.523 34.558 34.621 34.698 34.786 34.791 34.828 34.841 34.821 34.843 34.953 35.176 35.146 35.121 35.063 35.066 35.118 35.153 35.188 35.238 35.298 35.333 35.393 35.473 35.551 35.638 35.736 35.838 35.943 36.101 36.221 36.326 36.498 36.606 36.731
33.761 33.814 33.799 33.721 33.801 33.721 33.661 33.624 33.646 33.654 33.644 33.671 33.694 33.731 33.761 33.781 33.854 33.871 33.926 33.946 33.954 34.004 34.056 34.149 34.129 34.144 34.171 34.181 34.248 34.273 34.296 34.326 34.418 34.471 34.498 34.491 34.531 34.536 34.618 34.668 34.741 34.828 34.816 34.813 34.788 34.786 34.946 35.118 35.186 35.123 35.131 35.088 35.101 35.138 35.168 35.183 35.218 35.263 35.323 35.396 35.458 35.536 35.631 35.733 35.833 35.953 36.081 36.208 36.318 36.466 36.613 36.743
33.861 33.774 33.729 33.679 33.746 33.641 33.601 33.646 33.659 33.679 33.666 33.706 33.724 33.759 33.819 33.824 33.871 33.886 33.939 33.949 33.979 34.004 34.089 34.126 34.136 34.146 34.166 34.174 34.208 34.246 34.288 34.356 34.421 34.471 34.508 34.518 34.563 34.586 34.651 34.741 34.766 34.788 34.826 34.798 34.776 34.738 34.931 35.208 35.248 35.156 35.143 35.118 35.118 35.123 35.153 35.208 35.253 35.296 35.358 35.408 35.453 35.551 35.618 35.696 35.816 35.941 36.048 36.198 36.346 36.468 36.596 36.741
33.631 33.591 33.626 33.634 33.616 33.594 33.596 33.634 33.644 33.661 33.729 33.739 33.769 33.794 33.826 33.854 33.901 33.901 33.956 33.981 34.016 34.061 34.081 34.066 34.099 34.116 34.141 34.174 34.221 34.251 34.301 34.361 34.408 34.473 34.533 34.561 34.603 34.646 34.728 34.758 34.741 34.798 34.776 34.741 34.733 34.851 34.948 35.158 35.288 35.203 35.183 35.118 35.123 35.131 35.166 35.193 35.276 35.298 35.343 35.378 35.453 35.533 35.596 35.693 35.806 35.923 36.043 36.181 36.343 36.478 36.593 36.721
33.551 33.581 33.609 33.601 33.566 33.596 33.646 33.669 33.671 33.701 33.736 33.764 33.809 33.796 33.851 33.834 33.876 33.921 33.971 33.991 34.029 34.031 34.016 34.056 34.084 34.124 34.164 34.204 34.228 34.276 34.296 34.341 34.426 34.516 34.566 34.593 34.613 34.713 34.733 34.751 34.743 34.791 34.731 34.746 34.868 34.963 34.978 35.103 35.263 35.218 35.183 35.141 35.141 35.183 35.218 35.236 35.248 35.288 35.308 35.368 35.456 35.491 35.586 35.696 35.806 35.918 36.026 36.183 36.311 36.443 36.551 36.608
33.576 33.579 33.616 33.624 33.619 33.651 33.689 33.694 33.699 33.709 33.751 33.794 33.819 33.809 33.831 33.836 33.894 33.944 33.961 33.981 34.006 34.011 34.031 34.064 34.104 34.146 34.191 34.204 34.231 34.273 34.308 34.416 34.526 34.528 34.556 34.596 34.661 34.688 34.681 34.731 34.688 34.661 34.686 34.848 34.923 34.923 34.891 34.916 35.096 35.178 35.206 35.161 35.176 35.193 35.216 35.243 35.238 35.283 35.323 35.363 35.453 35.491 35.593 35.683 35.806 35.923 36.051 36.146 36.283 36.358 36.433 36.618
33.566 33.591 33.619 33.626 33.666 33.674 33.706 33.721 33.741 33.769 33.771 33.779 33.829 33.859 33.861 33.874 33.904 33.931 33.966 33.986 33.989 34.031 34.051 34.094 34.156 34.166 34.196 34.201 34.263 34.283 34.333 34.436 34.483 34.528 34.573 34.626 34.648 34.663 34.678 34.726 34.698 34.698 34.801 34.836 34.853 34.813 34.858 34.908 34.991 35.148 35.198 35.186 35.161 35.183 35.213 35.231 35.251 35.281 35.331 35.356 35.428 35.531 35.613 35.703 35.813 35.893 35.998 36.066 36.126 36.301 36.513 36.661
33.586 33.606 33.626 33.661 33.704 33.709 33.719 33.759 33.771 33.754 33.799 33.791 33.819 33.879 33.899 33.879 33.891 33.919 33.929 33.976 34.051 34.076 34.079 34.126 34.179 34.191 34.216 34.234 34.271 34.313 34.338 34.403 34.436 34.478 34.583 34.568 34.611 34.636 34.686 34.701 34.763 34.813 34.818 34.783 34.773 34.798 34.891 34.926 34.926 35.228 35.283 35.236 35.181 35.191 35.208 35.236 35.253 35.298 35.338 35.371 35.443 35.551 35.643 35.713 35.776 35.818 35.898 36.011 36.213 36.371 36.501 36.646
33.601 33.659 33.684 33.709 33.739 33.741 33.731 33.744 33.751 33.769 33.826 33.831 33.811 33.871 33.881 33.881 33.889 33.921 33.946 33.994 34.049 34.109 34.124 34.171 34.189 34.211 34.254 34.301 34.316 34.356 34.356 34.403 34.426 34.473 34.546 34.513 34.563 34.723 34.793 34.753 34.788 34.821 34.771 34.728 34.786 34.861 34.898 34.903 34.993 35.221 35.318 35.221 35.203 35.193 35.213 35.258 35.283 35.311 35.336 35.398 35.478 35.546 35.616 35.661 35.678 35.796 35.938 36.061 36.226 36.338 36.473 36.611
33.636 33.656 33.711 33.714 33.746 33.744 33.751 33.739 33.756 33.769 33.806 33.834 33.799 33.849 33.866 33.876 33.896 33.939 33.991 34.019 34.076 34.111 34.156 34.171 34.216 34.279 34.286 34.299 34.318 34.356 34.356 34.356 34.413 34.446 34.546 34.523 34.546 34.718 34.756 34.771 34.768 34.718 34.688 34.778 34.858 34.853 34.863 34.886 34.901 35.146 35.326 35.268 35.216 35.211 35.231 35.256 35.276 35.318 35.361 35.426 35.461 35.488 35.531 35.613 35.766 35.846 35.951 36.058 36.186 36.311 36.468 36.586
33.629 33.641 33.674 33.711 33.716 33.741 33.761 33.739 33.749 33.779 33.796 33.816 33.831 33.839 33.884 33.921 33.936 33.981 34.024 34.049 34.106 34.151 34.201 34.229 34.276 34.304 34.299 34.309 34.326 34.331 34.338 34.338 34.438 34.568 34.523 34.493 34.573 34.658 34.698 34.723 34.716 34.716 34.783 34.828 34.833 34.833 34.841 34.858 34.961 35.111 35.288 35.311 35.256 35.231 35.266 35.273 35.306 35.356 35.358 35.348 35.371 35.483 35.553 35.651 35.758 35.863 35.938 36.033 36.166 36.311 36.453 36.571
33.631 33.654 33.671 33.731 33.751 33.759 33.751 33.731 33.759 33.754 33.786 33.836 33.874 33.886 33.916 33.969 34.016 34.034 34.066 34.091 34.121 34.184 34.246 34.249 34.266 34.284 34.309 34.306 34.336 34.326 34.343 34.381 34.383 34.476 34.498 34.571 34.648 34.638 34.618 34.616 34.698 34.773 34.808 34.821 34.781 34.808 34.901 34.938 34.976 35.098 35.296 35.316 35.281 35.268 35.293 35.296 35.283 35.306 35.301 35.346 35.396 35.533 35.573 35.626 35.736 35.823 35.898 36.013 36.163 36.296 36.461 36.553
33.624 33.644 33.669 33.706 33.741 33.744 33.731 33.749 33.744 33.749 33.784 33.836 33.896 33.934 33.949 33.946 34.026 34.061 34.084 34.131 34.169 34.216 34.224 34.241 34.244 34.261 34.269 34.294 34.318 34.351 34.326 34.318 34.411 34.486 34.538 34.556 34.546 34.558 34.568 34.656 34.718 34.758 34.768 34.726 34.771 34.853 34.943 34.951 34.963 35.018 35.256 35.346 35.313 35.261 35.261 35.261 35.256 35.306 35.336 35.418 35.433 35.528 35.583 35.608 35.726 35.811 35.933 36.033 36.146 36.273 36.416 36.553
33.614 33.609 33.649 33.676 33.714 33.726 33.724 33.719 33.739 33.789 33.821 33.859 33.891 33.944 33.976 34.014 34.064 34.109 34.134 34.156 34.179 34.216 34.189 34.219 34.239 34.224 34.274 34.326 34.343 34.366 34.373 34.276 34.428 34.513 34.528 34.493 34.473 34.508 34.608 34.638 34.676 34.666 34.701 34.786 34.851 34.908 34.916 34.918 34.928 34.936 35.131 35.341 35.368 35.301 35.251 35.276 35.298 35.358 35.373 35.403 35.458 35.483 35.548 35.638 35.738 35.841 35.938 36.021 36.161 36.286 36.411 36.546
33.581 33.559 33.599 33.641 33.689 33.721 33.726 33.736 33.779 33.811 33.864 33.881 33.919 34.006 34.036 34.066 34.074 34.124 34.134 34.146 34.146 34.194 34.176 34.214 34.234 34.249 34.286 34.284 34.263 34.358 34.408 34.446 34.478 34.431 34.433 34.466 34.463 34.538 34.596 34.593 34.648 34.718 34.791 34.828 34.861 34.888 34.843 34.888 34.918 34.938 35.003 35.203 35.346 35.308 35.271 35.318 35.343 35.351 35.381 35.421 35.468 35.521 35.573 35.648 35.766 35.876 35.943 36.041 36.163 36.291 36.393 36.511
33.539 33.569 33.594 33.604 33.641 33.689 33.739 33.759 33.769 33.811 33.871 33.896 33.954 34.034 34.069 34.096 34.094 34.109 34.116 34.146 34.176 34.184 34.199 34.289 34.319 34.284 34.296 34.246 34.328 34.438 34.448 34.421 34.393 34.416 34.436 34.481 34.511 34.511 34.526 34.611 34.706 34.791 34.803 34.791 34.766 34.786 34.836 34.898 34.928 34.931 34.936 35.088 35.296 35.328 35.328 35.301 35.346 35.358 35.388 35.436 35.461 35.533 35.573 35.658 35.776 35.883 35.966 36.058 36.158 36.261 36.348 36.433
33.514 33.556 33.589 33.629 33.649 33.696 33.754 33.804 33.809 33.829 33.909 33.959 33.979 34.046 34.056 34.099 34.094 34.119 34.096 34.149 34.204 34.206 34.271 34.331 34.364 34.326 34.366 34.419 34.431 34.438 34.406 34.376 34.393 34.391 34.436 34.423 34.441 34.476 34.573 34.703 34.761 34.736 34.736 34.701 34.716 34.803 34.901 34.938 34.931 34.926 34.928 35.031 35.271 35.363 35.353 35.303 35.361 35.401 35.441 35.463 35.496 35.538 35.581 35.693 35.781 35.878 35.946 36.036 36.101 36.186 36.291 36.378
33.499 33.556 33.579 33.619 33.649 33.734 33.769 33.836 33.856 33.906 33.949 33.961 33.959 33.981 34.041 34.059 34.056 34.074 34.086 34.129 34.244 34.276 34.266 34.364 34.321 34.404 34.479 34.446 34.413 34.353 34.358 34.421 34.431 34.408 34.418 34.401 34.466 34.556 34.658 34.676 34.668 34.618 34.603 34.686 34.771 34.878 34.911 34.901 34.921 34.946 34.971 35.076 35.368 35.418 35.388 35.311 35.366 35.396 35.438 35.493 35.511 35.568 35.613 35.701 35.778 35.838 35.898 35.966 36.036 36.106 36.218 36.311
33.511 33.564 33.574 33.641 33.686 33.756 33.811 33.849 33.889 33.904 33.904 33.904 33.941 33.961 34.004 33.994 34.064 34.139 34.186 34.251 34.269 34.206 34.244 34.349 34.386 34.429 34.401 34.369 34.393 34.391 34.391 34.408 34.388 34.378 34.421 34.498 34.551 34.586 34.558 34.566 34.518 34.553 34.678 34.761 34.803 34.838 34.868 34.893 34.923 34.976 35.041 35.176 35.363 35.463 35.423 35.363 35.368 35.398 35.476 35.518 35.541 35.601 35.658 35.706 35.733 35.796 35.868 35.926 35.991 36.078 36.173 36.246
33.546 33.604 33.596 33.626 33.676 33.736 33.779 33.806 33.839 33.869 33.901 33.896 33.921 33.934 33.944 34.036 34.186 34.256 34.226 34.194 34.174 34.316 34.371 34.394 34.376 34.351 34.371 34.399 34.411 34.386 34.346 34.371 34.391 34.463 34.516 34.536 34.536 34.471 34.463 34.461 34.541 34.651 34.716 34.758 34.776 34.781 34.843 34.911 34.983 35.008 35.021 35.073 35.228 35.483 35.478 35.403 35.376 35.421 35.463 35.523 35.583 35.618 35.651 35.686 35.698 35.731 35.801 35.906 35.968 36.006 36.096 36.178
33.516 33.584 33.621 33.641 33.701 33.729 33.751 33.789 33.809 33.841 33.861 33.864 33.929 33.979 33.941 34.046 34.219 34.266 34.226 34.269 34.331 34.379 34.349 34.341 34.314 34.351 34.386 34.401 34.376 34.368 34.388 34.418 34.498 34.528 34.503 34.456 34.428 34.416 34.456 34.563 34.663 34.673 34.711 34.733 34.776 34.801 34.893 34.938 34.978 34.978 35.003 35.056 35.163 35.338 35.466 35.421 35.421 35.461 35.518 35.536 35.573 35.591 35.626 35.628 35.671 35.716 35.798 35.871 35.913 35.931 36.021 36.123
33.561 33.569 33.596 33.644 33.684 33.684 33.729 33.746 33.771 33.804 33.876 33.979 34.054 34.056 34.021 34.031 34.151 34.251 34.254 34.314 34.326 34.281 34.276 34.316 34.346 34.359 34.376 34.361 34.338 34.446 34.493 34.493 34.501 34.481 34.426 34.366 34.408 34.478 34.586 34.611 34.658 34.671 34.661 34.738 34.798 34.861 34.876 34.913 34.908 34.903 34.968 35.036 35.136 35.381 35.551 35.491 35.483 35.513 35.518 35.503 35.553 35.578 35.596 35.613 35.653 35.701 35.761 35.768 35.836 35.936 36.076 36.156
33.551 33.554 33.571 33.614 33.659 33.674 33.699 33.711 33.744 33.796 33.861 34.006 34.046 34.114 34.091 34.156 34.214 34.239 34.264 34.234 34.254 34.266 34.281 34.339 34.326 34.309 34.351 34.384 34.451 34.498 34.516 34.471 34.403 34.353 34.376 34.476 34.511 34.556 34.603 34.593 34.596 34.621 34.693 34.723 34.793 34.833 34.826 34.826 34.838 34.866 35.021 35.103 35.176 35.368 35.511 35.536 35.518 35.496 35.501 35.488 35.493 35.513 35.553 35.563 35.593 35.623 35.678 35.733 35.846 35.946 36.103 36.271
33.519 33.541 33.531 33.574 33.554 33.621 33.651 33.716 33.774 33.749 33.814 33.921 34.034 34.104 34.154 34.179 34.184 34.174 34.171 34.191 34.236 34.286 34.294 34.264 34.289 34.354 34.421 34.464 34.488 34.456 34.421 34.366 34.368 34.416 34.496 34.533 34.553 34.576 34.546 34.568 34.596 34.638 34.713 34.723 34.718 34.721 34.713 34.758 34.828 34.951 35.051 35.103 35.168 35.223 35.421 35.528 35.508 35.481 35.496 35.476 35.473 35.523 35.528 35.543 35.546 35.583 35.686 35.778 35.938 36.061 36.191 36.398
33.461 33.489 33.486 33.536 33.556 33.594 33.634 33.751 33.801 33.736 33.821 33.979 34.064 34.081 34.101 34.126 34.116 34.139 34.164 34.181 34.216 34.226 34.234 34.296 34.391 34.449 34.481 34.454 34.393 34.338 34.358 34.438 34.501 34.538 34.536 34.563 34.521 34.528 34.563 34.608 34.631 34.618 34.636 34.608 34.611 34.608 34.723 34.846 34.911 34.973 35.013 35.083 35.128 35.186 35.383 35.568 35.526 35.471 35.476 35.486 35.498 35.473 35.473 35.488 35.576 35.618 35.733 35.863 36.048 36.156 36.306 36.446
33.431 33.436 33.466 33.499 33.511 33.529 33.581 33.774 33.836 33.861 33.934 33.971 34.014 33.999 34.029 34.081 34.106 34.156 34.161 34.171 34.224 34.269 34.336 34.396 34.414 34.441 34.391 34.349 34.321 34.396 34.458 34.491 34.548 34.553 34.533 34.518 34.538 34.541 34.576 34.598 34.596 34.533 34.516 34.508 34.598 34.716 34.798 34.886 34.913 34.923 34.996 35.098 35.168 35.276 35.413 35.583 35.568 35.486 35.451 35.458 35.433 35.441 35.466 35.526 35.646 35.691 35.831 35.986 36.126 36.216 36.331 36.456
33.416 33.409 33.386 33.426 33.514 33.571 33.606 33.756 33.854 33.849 33.884 33.899 33.921 33.949 34.044 34.071 34.084 34.124 34.146 34.199 34.266 34.351 34.396 34.399 34.374 34.339 34.334 34.349 34.458 34.483 34.533 34.508 34.508 34.513 34.508 34.533 34.586 34.613 34.561 34.513 34.453 34.446 34.498 34.586 34.691 34.731 34.796 34.813 34.873 34.933 35.041 35.126 35.163 35.231 35.328 35.546 35.586 35.486 35.463 35.433 35.446 35.508 35.571 35.643 35.793 35.821 35.913 36.036 36.148 36.218 36.293 36.406
33.379 33.394 33.479 33.519 33.539 33.664 33.719 33.756 33.769 33.759 33.829 33.856 33.926 33.971 33.999 34.034 34.059 34.151 34.229 34.269 34.304 34.341 34.336 34.306 34.351 34.354 34.399 34.461 34.506 34.506 34.503 34.498 34.508 34.523 34.553 34.581 34.556 34.503 34.466 34.416 34.458 34.546 34.618 34.636 34.691 34.711 34.718 34.791 34.916 35.013 35.048 35.086 35.123 35.163 35.261 35.408 35.528 35.503 35.468 35.508 35.551 35.608 35.653 35.681 35.756 35.851 35.931 36.031 36.151 36.203 36.278 36.343
33.329 33.409 33.501 33.569 33.606 33.641 33.646 33.656 33.656 33.759 33.831 33.866 33.899 33.934 33.979 34.049 34.116 34.239 34.281 34.276 34.284 34.279 34.256 34.271 34.364 34.404 34.434 34.441 34.488 34.466 34.471 34.491 34.546 34.543 34.503 34.483 34.428 34.403 34.446 34.506 34.573 34.616 34.606 34.626 34.576 34.641 34.766 34.846 34.966 34.996 35.018 35.051 35.128 35.186 35.261 35.311 35.436 35.543 35.596 35.638 35.641 35.703 35.741 35.723 35.776 35.838 35.921 35.993 36.078 36.148 36.231 36.321
