LIDAR/se2985_DTM_2M.asc
ncols 500
nrows 500
xllcorner    429000
yllcorner    485000
cellsize     2
NODATA_value -9999
[rows 448 to 479 of 500, columns 365 to 437 of 500]
29.864 29.851 29.854 29.891 29.896 29.884 29.869 29.874 29.889 29.901 29.906 29.954 29.949 29.969 29.969 29.956 29.944 29.986 29.961 29.956 29.991 30.004 29.989 29.989 30.029 30.091 30.056 30.044 30.056 30.134 30.089 30.106 30.086 30.061 30.044 30.039 30.034 30.016 30.031 30.089 30.104 30.056 29.949 29.941 30.066 30.336 30.781 30.959 30.821 30.479 30.256 30.194 30.102 30.084 30.138 30.135 30.095 30.092 30.096 30.174 30.27 30.365 30.443 30.477 30.404 30.374 30.344 30.327 30.456 30.854 31.051 31.116 31.141
29.874 29.874 29.844 29.874 29.879 29.859 29.861 29.874 29.886 29.921 29.901 29.944 29.966 29.946 29.961 29.944 29.954 29.971 29.966 29.966 29.981 30.009 30.021 30.016 30.059 30.116 30.081 30.019 30.061 30.169 30.121 30.081 30.059 30.019 29.999 29.956 29.951 29.939 29.956 30.016 30.046 30.029 29.981 29.979 30.066 30.374 30.799 30.976 30.771 30.319 30.096 30.116 29.995 30.061 30.126 30.155 30.117 30.077 30.072 30.134 30.23 30.325 30.421 30.499 30.388 30.305 30.261 30.591 31.039 31.274 31.229 31.199 31.081
29.846 29.874 29.859 29.856 29.899 29.879 29.849 29.874 29.896 29.886 29.906 29.949 29.951 29.949 29.951 29.929 29.919 29.976 29.991 30.034 30.059 30.066 30.036 30.041 30.079 30.131 30.099 30.034 30.051 30.054 30.034 29.984 29.946 29.924 29.884 29.926 29.911 29.914 29.954 29.961 29.984 29.979 29.946 29.899 30.121 30.471 30.824 30.984 30.904 30.424 30.106 30.029 29.974 30.038 30.103 30.162 30.146 30.125 30.085 30.093 30.168 30.224 30.331 30.249 30.546 30.599 30.674 31.171 31.249 31.226 31.074 30.961 30.754
29.831 29.896 29.909 29.879 29.884 29.896 29.876 29.874 29.889 29.884 29.881 29.919 29.914 29.964 29.969 29.986 29.991 30.044 30.074 30.066 30.086 29.909 30.029 30.144 30.116 30.141 30.096 30.014 29.959 29.936 29.949 29.901 29.904 29.921 29.874 29.891 29.899 29.914 29.899 29.886 29.941 29.939 29.899 29.856 30.114 30.404 30.719 30.994 30.961 30.554 30.159 30.089 30.029 30.026 30.082 30.146 30.172 30.221 30.179 30.224 30.389 30.646 30.859 30.941 31.201 31.134 31.206 31.241 31.201 31.114 30.791 30.559 30.394
29.881 29.886 29.909 29.854 29.836 29.876 29.899 29.916 29.876 29.886 29.894 29.916 29.934 29.979 30.059 30.089 30.041 30.089 30.129 30.116 30.071 29.919 30.099 30.166 30.081 30.034 29.971 29.944 29.946 29.946 29.936 29.891 29.886 29.899 29.896 29.871 29.874 29.864 29.869 29.871 29.891 29.916 29.926 29.874 29.986 30.249 30.531 30.911 30.954 30.654 30.314 30.166 30.119 30.071 30.096 30.165 30.227 30.449 30.651 30.726 30.814 31.091 31.214 31.234 31.229 31.206 31.174 31.006 30.816 30.544 30.329 30.281 30.196
29.871 29.879 29.889 29.861 29.824 29.831 29.876 29.906 29.919 29.911 29.964 29.989 30.021 30.156 30.219 30.121 30.084 30.091 30.136 30.124 30.086 30.051 30.036 30.026 29.989 29.969 29.936 29.911 29.906 29.896 29.911 29.891 29.876 29.874 29.884 29.876 29.851 29.839 29.861 29.856 29.884 29.901 29.954 29.926 29.954 30.159 30.316 30.754 30.949 30.826 30.636 30.244 30.149 30.219 30.301 30.411 30.586 30.886 31.066 31.116 31.114 31.144 31.096 31.061 30.906 30.804 30.601 30.381 30.254 30.146 30.146 30.146 30.146
29.896 29.879 29.874 29.889 29.871 29.836 29.894 29.961 29.994 29.984 30.024 30.144 30.139 30.189 30.156 30.076 30.111 30.059 30.051 30.006 29.989 29.964 29.971 29.934 29.934 29.929 29.944 29.889 29.899 29.874 29.854 29.854 29.854 29.841 29.841 29.831 29.821 29.826 29.829 29.856 29.879 29.934 29.906 29.901 29.871 30.049 30.269 30.654 30.894 30.894 30.874 30.731 30.646 30.649 30.861 30.834 31.016 31.106 31.139 31.179 31.104 30.964 30.811 30.544 30.406 30.251 30.171 30.116 30.081 30.076 30.109 30.099 30.141
29.874 29.876 29.899 29.931 29.909 29.931 29.959 30.004 30.051 29.966 30.004 30.116 30.054 30.051 30.076 30.024 30.001 29.981 29.964 29.971 29.944 29.916 29.919 29.939 29.901 29.914 29.901 29.879 29.879 29.849 29.841 29.836 29.826 29.816 29.821 29.841 29.834 29.814 29.821 29.836 29.876 29.919 29.914 29.911 29.824 29.994 30.201 30.424 30.744 30.911 30.929 30.906 30.921 30.954 31.036 31.061 31.061 31.076 31.054 30.929 30.756 30.501 30.254 30.161 30.096 30.106 30.116 30.101 30.114 30.104 30.124 30.151 30.141
29.891 29.911 29.936 29.986 30.071 30.089 30.001 30.024 29.999 29.886 29.981 30.094 30.029 30.024 29.999 29.971 29.959 29.936 29.939 29.939 29.929 29.924 29.919 29.914 29.891 29.866 29.839 29.839 29.874 29.861 29.859 29.841 29.816 29.806 29.796 29.824 29.824 29.821 29.841 29.844 29.864 29.914 29.931 29.896 29.871 29.994 30.139 30.261 30.411 30.596 30.834 30.861 30.814 30.839 30.964 31.014 30.906 30.856 30.579 30.329 30.299 30.144 30.101 30.104 30.124 30.111 30.109 30.116 30.124 30.114 30.094 30.104 30.106
29.939 29.961 29.961 29.974 30.079 30.089 30.006 30.031 30.001 29.944 30.001 30.019 29.976 29.976 29.956 29.916 29.911 29.914 29.904 29.904 29.904 29.881 29.891 29.866 29.846 29.851 29.814 29.806 29.819 29.834 29.816 29.836 29.821 29.826 29.821 29.819 29.844 29.824 29.844 29.856 29.864 29.926 29.944 29.901 29.914 29.956 30.006 30.104 30.134 30.111 30.284 30.471 30.416 30.469 30.591 30.499 30.426 30.276 30.091 30.074 30.096 30.111 30.116 30.096 30.126 30.154 30.159 30.131 30.104 30.111 30.091 30.089 30.111
30.029 30.019 29.964 29.956 30.024 30.084 29.996 29.991 29.979 29.966 29.951 29.939 29.931 29.904 29.901 29.911 29.884 29.894 29.874 29.874 29.876 29.856 29.821 29.826 29.821 29.814 29.826 29.804 29.806 29.814 29.806 29.821 29.816 29.811 29.829 29.819 29.834 29.856 29.831 29.839 29.854 29.929 29.961 29.934 29.921 29.911 29.926 29.959 30.004 29.996 30.081 30.096 30.129 30.174 30.174 30.106 30.076 30.056 30.046 30.036 30.061 30.094 30.134 30.069 30.079 30.136 30.154 30.146 30.096 30.109 30.121 30.086 30.129
30.011 30.034 29.996 29.946 29.966 29.964 29.919 29.921 29.909 29.906 29.891 29.879 29.894 29.864 29.864 29.886 29.861 29.861 29.836 29.801 29.819 29.821 29.824 29.806 29.774 29.789 29.824 29.804 29.786 29.791 29.826 29.859 29.834 29.814 29.829 29.844 29.841 29.836 29.834 29.866 29.859 29.931 29.934 29.896 29.916 29.889 29.934 30.004 30.006 29.956 29.976 29.986 30.006 30.049 30.041 30.034 30.054 30.031 30.071 30.056 30.081 30.086 30.104 30.071 30.124 30.116 30.151 30.146 30.144 30.076 30.086 30.074 30.096
29.941 29.951 29.944 29.889 29.861 29.854 29.871 29.856 29.879 29.856 29.851 29.859 29.839 29.816 29.824 29.849 29.829 29.816 29.814 29.786 29.791 29.796 29.779 29.791 29.784 29.786 29.794 29.816 29.814 29.811 29.814 29.841 29.854 29.849 29.839 29.851 29.856 29.834 29.836 29.859 29.874 29.901 29.931 29.909 29.914 29.874 29.891 30.026 30.069 29.951 29.964 30.009 30.004 29.994 30.026 30.026 30.049 30.036 30.064 30.029 30.071 30.091 30.116 30.084 30.101 30.151 30.174 30.174 30.131 30.091 30.084 30.054 30.096
29.854 29.856 29.831 29.811 29.829 29.829 29.864 29.841 29.841 29.849 29.824 29.846 29.819 29.786 29.794 29.819 29.776 29.794 29.804 29.781 29.816 29.804 29.786 29.786 29.806 29.791 29.819 29.809 29.834 29.836 29.849 29.854 29.844 29.859 29.834 29.846 29.856 29.861 29.861 29.879 29.869 29.904 29.951 29.921 29.876 29.891 29.864 29.969 30.044 30.024 29.981 29.979 29.969 30.016 29.986 30.001 30.011 30.021 30.091 30.054 30.081 30.121 30.146 30.094 30.091 30.124 30.131 30.084 30.074 30.086 30.086 30.071 30.136
29.796 29.804 29.801 29.809 29.794 29.804 29.819 29.819 29.836 29.809 29.804 29.806 29.779 29.754 29.734 29.769 29.771 29.786 29.799 29.764 29.796 29.791 29.786 29.801 29.814 29.789 29.799 29.829 29.806 29.829 29.844 29.844 29.856 29.861 29.856 29.831 29.854 29.874 29.844 29.881 29.891 29.881 29.914 29.909 29.876 29.889 29.861 29.946 30.016 30.039 30.006 29.964 29.991 30.014 30.016 30.029 30.071 30.049 30.114 30.099 30.099 30.121 30.101 30.066 30.114 30.116 30.121 30.131 30.079 30.084 30.086 30.096 30.076
29.771 29.764 29.771 29.784 29.789 29.794 29.789 29.794 29.801 29.789 29.796 29.774 29.764 29.744 29.759 29.771 29.781 29.786 29.794 29.766 29.779 29.791 29.801 29.799 29.834 29.824 29.821 29.834 29.841 29.839 29.839 29.826 29.856 29.866 29.841 29.834 29.876 29.859 29.851 29.869 29.876 29.919 29.899 29.889 29.844 29.876 29.859 29.926 30.001 30.024 30.009 30.021 30.016 30.051 30.061 30.071 30.046 30.014 30.046 30.041 30.071 30.094 30.071 30.074 30.099 30.104 30.124 30.144 30.099 30.079 30.111 30.086 30.084
29.766 29.759 29.769 29.774 29.781 29.794 29.784 29.789 29.789 29.786 29.754 29.771 29.754 29.739 29.766 29.779 29.794 29.786 29.819 29.781 29.776 29.801 29.809 29.814 29.839 29.816 29.816 29.824 29.834 29.849 29.861 29.851 29.856 29.859 29.836 29.856 29.874 29.881 29.869 29.904 29.899 29.901 29.899 29.899 29.864 29.884 29.881 29.961 30.021 30.054 30.034 30.044 30.031 30.021 30.061 30.096 30.059 30.026 30.044 30.074 30.064 30.041 30.071 30.059 30.119 30.124 30.094 30.109 30.096 30.079 30.099 30.069 30.086
29.769 29.766 29.764 29.766 29.786 29.766 29.784 29.761 29.764 29.751 29.744 29.789 29.779 29.769 29.766 29.754 29.781 29.816 29.796 29.784 29.774 29.789 29.799 29.829 29.814 29.801 29.794 29.821 29.824 29.856 29.849 29.856 29.879 29.846 29.834 29.876 29.899 29.894 29.896 29.889 29.899 29.899 29.886 29.874 29.866 29.871 29.886 29.856 29.921 30.011 30.019 30.036 30.016 29.994 30.036 30.066 30.046 30.051 30.044 30.019 30.029 30.039 30.059 30.064 30.071 30.096 30.086 30.104 30.096 30.064 30.069 30.051 30.094
29.766 29.741 29.764 29.804 29.784 29.781 29.799 29.781 29.746 29.726 29.759 29.806 29.801 29.774 29.766 29.766 29.771 29.776 29.779 29.749 29.759 29.784 29.759 29.799 29.819 29.806 29.811 29.806 29.819 29.831 29.849 29.861 29.856 29.846 29.859 29.869 29.904 29.889 29.894 29.869 29.874 29.894 29.864 29.846 29.844 29.849 29.879 29.786 29.881 30.009 30.024 30.014 29.981 30.009 30.026 30.031 30.019 30.036 30.006 29.984 30.029 30.026 30.026 30.054 30.101 30.099 30.086 30.124 30.119 30.096 30.049 30.071 30.041
29.756 29.746 29.771 29.794 29.786 29.781 29.786 29.799 29.769 29.776 29.771 29.784 29.779 29.769 29.756 29.729 29.736 29.744 29.781 29.754 29.744 29.789 29.769 29.791 29.819 29.831 29.804 29.809 29.811 29.819 29.846 29.869 29.874 29.876 29.874 29.856 29.874 29.876 29.864 29.844 29.861 29.859 29.859 29.821 29.854 29.844 29.891 29.826 29.896 29.994 30.029 30.009 29.989 29.989 30.009 30.011 30.026 30.024 30.029 30.021 30.024 30.034 30.021 30.064 30.106 30.094 30.114 30.121 30.086 30.101 30.069 30.074 30.059
29.784 29.771 29.789 29.811 29.826 29.784 29.786 29.799 29.801 29.779 29.801 29.791 29.791 29.746 29.741 29.726 29.736 29.731 29.766 29.781 29.764 29.761 29.791 29.794 29.824 29.841 29.829 29.846 29.851 29.836 29.861 29.874 29.861 29.876 29.864 29.839 29.849 29.834 29.839 29.821 29.824 29.856 29.851 29.829 29.839 29.801 29.846 29.811 29.879 30.016 30.031 30.016 30.001 30.016 30.031 30.039 30.046 30.009 29.989 30.019 29.999 30.029 30.034 30.091 30.104 30.094 30.101 30.094 30.089 30.101 30.091 30.064 30.054
29.814 29.799 29.781 29.801 29.809 29.794 29.816 29.811 29.789 29.774 29.771 29.779 29.786 29.729 29.734 29.731 29.721 29.761 29.761 29.784 29.766 29.809 29.806 29.801 29.851 29.871 29.869 29.844 29.851 29.829 29.839 29.856 29.844 29.849 29.839 29.839 29.834 29.824 29.809 29.814 29.824 29.851 29.851 29.851 29.829 29.809 29.804 29.794 29.874 30.009 30.046 30.021 30.034 30.029 30.041 30.026 30.009 29.999 29.999 30.016 29.989 30.021 30.031 30.091 30.091 30.099 30.099 30.096 30.091 30.071 30.069 30.049 30.054
29.814 29.774 29.791 29.829 29.811 29.814 29.806 29.794 29.784 29.761 29.769 29.746 29.734 29.736 29.739 29.719 29.704 29.764 29.759 29.769 29.776 29.804 29.824 29.821 29.819 29.859 29.849 29.831 29.816 29.806 29.806 29.814 29.819 29.824 29.811 29.809 29.809 29.819 29.824 29.804 29.834 29.824 29.836 29.861 29.829 29.834 29.821 29.831 29.841 29.966 30.051 30.041 30.011 30.011 30.019 30.009 29.991 30.039 30.031 30.029 30.019 30.024 30.016 30.051 30.091 30.114 30.084 30.094 30.104 30.099 30.094 30.069 30.034
29.844 29.794 29.784 29.804 29.804 29.809 29.786 29.756 29.746 29.761 29.766 29.771 29.749 29.749 29.724 29.736 29.714 29.761 29.804 29.806 29.806 29.811 29.844 29.801 29.821 29.834 29.809 29.801 29.779 29.781 29.786 29.819 29.819 29.819 29.809 29.796 29.786 29.826 29.811 29.826 29.824 29.824 29.849 29.859 29.859 29.836 29.834 29.864 29.854 29.939 30.046 30.021 30.004 30.049 30.064 30.019 30.019 30.056 30.076 30.046 30.031 30.046 30.031 30.039 30.061 30.109 30.094 30.074 30.109 30.104 30.074 30.084 30.051
29.826 29.776 29.791 29.774 29.786 29.779 29.764 29.776 29.739 29.739 29.774 29.781 29.776 29.766 29.774 29.749 29.759 29.771 29.811 29.811 29.784 29.781 29.794 29.809 29.791 29.809 29.814 29.794 29.784 29.766 29.774 29.806 29.816 29.809 29.814 29.821 29.806 29.816 29.846 29.839 29.844 29.836 29.849 29.856 29.881 29.856 29.816 29.854 29.819 29.914 30.054 30.029 30.026 30.014 30.044 30.051 30.044 30.039 30.046 30.051 30.014 30.026 30.031 30.026 30.074 30.114 30.116 30.109 30.131 30.099 30.064 30.024 30.019
29.809 29.776 29.784 29.786 29.764 29.749 29.754 29.769 29.751 29.779 29.801 29.796 29.796 29.799 29.791 29.799 29.784 29.764 29.769 29.781 29.756 29.776 29.771 29.749 29.786 29.796 29.801 29.759 29.779 29.801 29.801 29.791 29.821 29.826 29.821 29.829 29.809 29.814 29.831 29.836 29.824 29.821 29.844 29.844 29.874 29.851 29.811 29.806 29.751 29.859 30.014 30.031 30.024 30.004 30.016 30.056 30.054 30.029 30.036 30.044 30.009 30.009 30.031 30.036 30.076 30.074 30.104 30.106 30.109 30.096 30.071 30.044 29.974
29.796 29.784 29.774 29.779 29.771 29.761 29.739 29.799 29.819 29.799 29.781 29.806 29.801 29.821 29.781 29.766 29.731 29.729 29.734 29.751 29.744 29.761 29.769 29.791 29.794 29.784 29.791 29.799 29.804 29.806 29.796 29.826 29.839 29.819 29.844 29.854 29.829 29.844 29.854 29.834 29.824 29.799 29.821 29.829 29.831 29.846 29.791 29.816 29.851 29.919 30.014 30.041 30.014 30.019 30.019 30.054 30.056 30.041 30.029 30.009 29.996 30.011 30.034 30.039 30.054 30.069 30.069 30.064 30.071 30.086 30.029 30.014 30.009
29.806 29.799 29.779 29.771 29.789 29.786 29.774 29.811 29.806 29.814 29.784 29.801 29.781 29.781 29.776 29.741 29.726 29.726 29.749 29.761 29.749 29.771 29.789 29.799 29.796 29.794 29.814 29.819 29.796 29.814 29.811 29.839 29.829 29.836 29.859 29.866 29.816 29.824 29.844 29.841 29.851 29.814 29.794 29.804 29.824 29.809 29.736 29.821 29.849 29.884 29.994 30.059 30.011 30.004 30.019 30.024 30.021 30.036 30.059 30.044 30.024 30.026 30.019 30.026 30.036 30.056 30.059 30.051 30.079 30.069 30.054 30.001 29.994
29.826 29.826 29.796 29.774 29.779 29.776 29.809 29.806 29.801 29.796 29.759 29.769 29.759 29.751 29.734 29.726 29.724 29.734 29.741 29.781 29.766 29.786 29.789 29.799 29.779 29.799 29.824 29.804 29.794 29.804 29.799 29.831 29.831 29.846 29.849 29.849 29.786 29.801 29.796 29.806 29.806 29.801 29.789 29.799 29.834 29.831 29.774 29.756 29.834 29.849 29.964 30.049 30.041 30.024 30.009 30.021 30.021 30.031 30.064 30.056 30.039 30.019 30.006 30.006 30.031 30.059 30.046 30.051 30.071 30.039 30.031 29.989 29.974
29.814 29.801 29.799 29.794 29.779 29.796 29.769 29.791 29.769 29.754 29.734 29.751 29.731 29.741 29.749 29.731 29.694 29.739 29.749 29.759 29.786 29.776 29.781 29.791 29.841 29.814 29.806 29.811 29.794 29.796 29.804 29.799 29.819 29.839 29.839 29.834 29.799 29.804 29.794 29.806 29.804 29.801 29.809 29.831 29.819 29.829 29.781 29.759 29.824 29.814 29.904 30.009 30.024 30.011 30.009 29.986 30.009 30.031 30.044 30.029 30.036 30.014 29.999 30.004 30.014 30.024 30.051 30.051 30.024 30.029 30.034 30.001 29.969
29.834 29.841 29.801 29.791 29.774 29.774 29.766 29.769 29.756 29.739 29.736 29.754 29.751 29.746 29.764 29.744 29.736 29.726 29.746 29.766 29.786 29.774 29.794 29.811 29.816 29.814 29.801 29.814 29.806 29.821 29.851 29.804 29.814 29.799 29.806 29.829 29.824 29.771 29.799 29.799 29.786 29.786 29.799 29.814 29.809 29.824 29.849 29.806 29.814 29.836 29.939 30.029 30.029 29.994 30.009 30.019 30.026 30.031 30.026 30.034 30.029 30.006 29.954 29.964 29.989 29.984 30.039 30.059 30.031 30.036 30.046 30.009 29.981
29.861 29.841 29.796 29.766 29.759 29.739 29.766 29.756 29.766 29.769 29.754 29.761 29.771 29.746 29.741 29.741 29.749 29.754 29.766 29.764 29.776 29.771 29.794 29.799 29.796 29.804 29.791 29.801 29.791 29.791 29.821 29.826 29.821 29.806 29.796 29.791 29.811 29.751 29.784 29.804 29.786 29.816 29.801 29.786 29.794 29.801 29.851 29.814 29.794 29.836 29.899 29.986 30.029 29.994 30.006 30.016 30.039 30.046 30.051 30.016 30.011 29.996 29.999 29.979 29.966 30.001 30.021 30.031 30.014 30.019 30.024 30.031 30.014
