LIDAR/se2985_DTM_2M.asc
ncols 500
nrows 500
xllcorner    429000
yllcorner    485000
cellsize     2
NODATA_value -9999
[rows 224 to 255 of 500, columns 146 to 218 of 500]
29.686 29.731 29.784 29.821 29.864 29.886 29.936 29.971 29.974 30.024 30.049 30.074 30.039 30.026 30.039 30.001 29.994 29.979 30.001 30.011 30.009 29.981 29.931 29.924 29.916 29.876 29.906 29.941 29.914 29.921 29.921 29.931 29.906 29.914 29.856 29.874 29.844 29.819 29.809 29.826 29.829 29.801 29.834 29.819 29.816 29.799 29.786 29.824 29.859 29.874 29.834 29.896 29.916 29.894 29.906 29.914 29.891 29.904 29.901 29.856 29.716 29.691 29.851 29.889 29.921 29.974 29.971 29.974 29.974 30.001 30.009 29.984 30.004
29.746 29.786 29.836 29.854 29.856 29.839 29.844 29.834 29.856 29.929 29.984 30.061 30.076 30.054 30.039 29.986 30.009 30.036 30.034 30.036 30.001 29.951 29.901 29.909 29.909 29.886 29.911 29.949 29.931 29.931 29.929 29.901 29.881 29.869 29.839 29.886 29.856 29.814 29.824 29.826 29.811 29.761 29.751 29.779 29.806 29.811 29.821 29.841 29.846 29.859 29.866 29.899 29.921 29.946 29.944 29.771 29.766 29.824 29.849 29.834 29.904 30.004 29.951 29.979 29.941 29.961 29.944 29.956 29.979 30.019 30.021 29.991 30.049
29.789 29.799 29.839 29.794 29.741 29.676 29.621 29.611 29.626 29.744 29.906 30.001 30.086 30.086 30.061 30.029 30.034 30.046 30.009 30.024 29.994 29.954 29.934 29.909 29.921 29.924 29.931 29.929 29.931 29.916 29.909 29.886 29.886 29.849 29.839 29.894 29.874 29.811 29.806 29.801 29.779 29.764 29.756 29.786 29.816 29.851 29.856 29.844 29.851 29.871 29.889 29.851 29.869 29.826 29.844 29.666 29.664 29.861 29.906 29.924 29.964 29.964 29.934 29.936 29.946 29.954 29.971 29.951 30.011 30.004 30.009 30.016 29.979
29.764 29.806 29.794 29.754 29.634 29.501 29.404 29.361 29.416 29.576 29.781 29.994 30.076 30.054 30.046 30.014 30.001 29.999 30.014 29.999 30.006 30.001 29.989 29.961 29.951 29.936 29.919 29.924 29.901 29.899 29.881 29.896 29.869 29.854 29.854 29.844 29.859 29.824 29.809 29.791 29.791 29.761 29.779 29.799 29.849 29.849 29.869 29.869 29.799 29.844 29.814 29.724 29.709 29.659 29.836 29.861 29.909 29.916 29.901 29.891 29.921 29.911 29.894 29.914 29.896 29.964 29.976 29.971 29.971 29.971 29.996 30.016 29.991
29.794 29.769 29.741 29.619 29.484 29.326 29.234 29.254 29.319 29.521 29.779 29.946 30.014 29.999 29.964 29.986 29.974 30.001 30.036 30.011 30.004 30.004 29.999 29.951 29.926 29.929 29.896 29.894 29.889 29.891 29.894 29.906 29.859 29.854 29.851 29.854 29.809 29.806 29.809 29.819 29.831 29.799 29.839 29.861 29.896 29.896 29.921 29.764 29.596 29.546 29.679 29.646 29.721 29.861 29.944 29.909 29.919 29.879 29.904 29.899 29.894 29.909 29.906 29.926 29.909 29.959 29.956 29.951 29.969 29.999 29.979 29.981 29.989
29.821 29.759 29.671 29.499 29.346 29.249 29.209 29.231 29.334 29.519 29.719 29.874 29.954 29.969 29.961 29.989 29.986 30.011 30.031 30.014 29.986 29.996 29.991 29.956 29.921 29.916 29.884 29.876 29.929 29.931 29.906 29.886 29.854 29.859 29.831 29.826 29.829 29.841 29.866 29.854 29.821 29.826 29.864 29.851 29.874 29.711 29.731 29.539 29.496 29.614 29.759 29.796 29.876 29.881 29.906 29.884 29.846 29.869 29.869 29.886 29.881 29.914 29.926 29.926 29.904 29.949 29.941 29.924 29.979 29.979 29.961 29.989 29.996
29.821 29.701 29.544 29.381 29.264 29.219 29.206 29.234 29.341 29.551 29.691 29.829 29.899 29.974 29.969 29.979 29.991 29.996 29.996 29.976 29.984 29.969 29.971 29.964 29.944 29.926 29.919 29.904 29.876 29.894 29.894 29.874 29.856 29.849 29.861 29.861 29.854 29.846 29.874 29.881 29.861 29.851 29.811 29.706 29.671 29.519 29.626 29.681 29.774 29.859 29.849 29.861 29.876 29.849 29.861 29.836 29.851 29.899 29.891 29.876 29.891 29.896 29.899 29.896 29.944 29.961 29.936 29.916 29.966 29.976 30.021 29.996 29.981
29.801 29.646 29.439 29.311 29.226 29.214 29.209 29.284 29.456 29.614 29.751 29.841 29.914 29.944 29.974 29.956 29.949 29.959 29.936 29.956 29.961 29.964 29.951 29.959 29.966 29.936 29.899 29.884 29.859 29.866 29.866 29.861 29.869 29.886 29.876 29.879 29.874 29.884 29.859 29.836 29.776 29.699 29.679 29.591 29.691 29.871 29.894 29.901 29.861 29.846 29.829 29.856 29.864 29.841 29.876 29.849 29.889 29.896 29.884 29.901 29.891 29.899 29.914 29.894 29.936 29.954 29.926 29.961 29.969 29.964 29.999 29.969 29.964
29.814 29.671 29.481 29.359 29.319 29.284 29.321 29.451 29.616 29.744 29.839 29.834 29.906 29.934 29.926 29.959 29.931 29.906 29.909 29.916 29.934 29.964 29.931 29.949 29.946 29.894 29.889 29.884 29.861 29.876 29.884 29.909 29.899 29.874 29.856 29.861 29.821 29.811 29.751 29.606 29.531 29.704 29.821 29.871 29.946 29.924 29.886 29.849 29.861 29.834 29.834 29.824 29.846 29.871 29.861 29.851 29.859 29.866 29.869 29.869 29.921 29.901 29.881 29.914 29.941 29.959 29.966 29.971 29.951 29.949 29.959 29.954 29.911
29.821 29.739 29.626 29.549 29.526 29.526 29.616 29.654 29.784 29.874 29.871 29.824 29.886 29.896 29.944 29.951 29.931 29.904 29.896 29.906 29.961 29.926 29.919 29.916 29.899 29.886 29.876 29.876 29.851 29.889 29.916 29.891 29.856 29.864 29.761 29.664 29.609 29.554 29.649 29.656 29.896 30.001 29.981 29.854 29.891 29.909 29.876 29.861 29.851 29.824 29.851 29.866 29.844 29.841 29.824 29.826 29.839 29.886 29.884 29.876 29.866 29.881 29.899 29.919 29.926 29.914 29.936 29.966 29.959 29.931 29.954 29.949 29.891
29.841 29.811 29.769 29.736 29.731 29.736 29.776 29.799 29.921 29.976 29.919 29.894 29.909 29.924 29.914 29.934 29.919 29.899 29.894 29.889 29.914 29.894 29.904 29.919 29.914 29.931 29.909 29.889 29.886 29.884 29.884 29.871 29.849 29.784 29.611 29.491 29.559 29.789 29.866 29.936 29.981 29.954 29.909 29.871 29.821 29.911 29.901 29.836 29.829 29.856 29.884 29.854 29.819 29.824 29.856 29.839 29.816 29.839 29.834 29.856 29.844 29.864 29.914 29.901 29.886 29.959 29.976 29.961 29.959 29.949 29.946 29.971 29.939
29.879 29.846 29.861 29.846 29.844 29.814 29.861 29.961 30.009 30.006 29.976 29.931 29.931 29.921 29.919 29.934 29.911 29.856 29.884 29.884 29.906 29.926 29.929 29.916 29.919 29.924 29.881 29.884 29.864 29.849 29.814 29.721 29.761 29.684 29.539 29.724 29.916 29.956 29.954 29.919 29.899 29.884 29.874 29.901 29.839 29.836 29.891 29.841 29.829 29.824 29.829 29.834 29.816 29.834 29.844 29.826 29.846 29.841 29.854 29.854 29.874 29.879 29.886 29.871 29.944 29.986 29.961 29.944 29.981 29.959 29.924 29.921 29.949
29.849 29.874 29.909 29.911 29.904 29.821 29.941 30.016 30.004 29.976 29.949 29.909 29.944 29.954 29.966 29.909 29.891 29.854 29.866 29.869 29.861 29.904 29.916 29.924 29.921 29.879 29.884 29.789 29.799 29.676 29.601 29.514 29.684 29.749 29.784 29.874 29.899 29.896 29.921 29.884 29.876 29.886 29.889 29.919 29.879 29.764 29.824 29.874 29.834 29.816 29.854 29.846 29.839 29.821 29.861 29.864 29.844 29.844 29.856 29.881 29.921 29.919 29.914 29.891 29.919 29.946 29.914 29.976 29.976 29.961 29.936 29.946 29.961
29.761 29.799 29.906 29.971 29.921 29.886 29.834 29.971 29.929 29.924 29.921 29.926 29.976 29.969 29.964 29.876 29.859 29.859 29.864 29.866 29.881 29.901 29.941 29.981 29.879 29.761 29.661 29.439 29.436 29.464 29.529 29.691 29.741 29.774 29.751 29.786 29.829 29.839 29.856 29.839 29.864 29.879 29.891 29.871 29.889 29.784 29.791 29.909 29.879 29.839 29.834 29.846 29.834 29.854 29.851 29.854 29.856 29.886 29.919 29.919 29.926 29.944 29.916 29.929 29.934 29.941 29.924 29.956 29.966 29.969 29.974 29.964 29.971
29.656 29.749 29.816 29.914 29.909 29.859 29.806 29.876 29.909 29.889 29.889 29.944 29.944 29.944 29.921 29.886 29.846 29.871 29.854 29.881 29.849 29.869 29.839 29.859 29.691 29.609 29.449 29.381 29.384 29.471 29.664 29.809 29.719 29.671 29.679 29.729 29.794 29.839 29.819 29.834 29.844 29.866 29.869 29.844 29.849 29.809 29.769 29.866 29.834 29.861 29.856 29.884 29.871 29.859 29.884 29.894 29.924 29.921 29.919 29.934 29.941 29.954 29.934 29.939 29.931 29.954 29.979 29.984 29.991 29.971 29.961 29.971 29.981
29.566 29.681 29.746 29.799 29.804 29.801 29.854 29.854 29.911 29.906 29.911 29.914 29.911 29.926 29.951 29.941 29.911 29.869 29.804 29.789 29.699 29.674 29.581 29.546 29.574 29.626 29.641 29.586 29.526 29.571 29.771 29.834 29.721 29.669 29.641 29.694 29.751 29.794 29.796 29.816 29.826 29.854 29.841 29.834 29.846 29.846 29.771 29.789 29.854 29.881 29.889 29.856 29.866 29.884 29.921 29.924 29.921 29.914 29.906 29.934 29.944 29.949 29.939 29.954 29.964 29.954 29.966 29.959 29.986 29.976 29.971 30.014 30.004
29.439 29.564 29.629 29.659 29.756 29.834 29.881 29.816 29.861 29.889 29.936 29.914 29.924 29.946 29.961 29.974 29.906 29.744 29.614 29.601 29.474 29.564 29.661 29.806 29.956 29.991 29.941 29.839 29.691 29.691 29.796 29.801 29.734 29.659 29.664 29.674 29.691 29.711 29.751 29.809 29.824 29.826 29.794 29.801 29.814 29.821 29.821 29.769 29.859 29.884 29.871 29.874 29.901 29.911 29.914 29.924 29.931 29.939 29.949 29.956 29.954 29.964 29.971 29.929 29.949 29.954 29.959 29.999 30.004 29.996 29.996 29.991 29.989
29.416 29.454 29.514 29.651 29.744 29.804 29.839 29.749 29.656 29.701 29.759 29.904 29.899 29.871 29.766 29.736 29.684 29.579 29.449 29.546 29.771 29.931 30.026 30.069 30.051 29.999 30.009 29.919 29.806 29.754 29.799 29.799 29.774 29.726 29.706 29.689 29.676 29.711 29.751 29.781 29.789 29.791 29.774 29.776 29.811 29.836 29.824 29.831 29.901 29.929 29.876 29.884 29.889 29.899 29.936 29.954 29.966 29.941 29.971 29.984 29.966 29.969 29.954 29.944 29.939 29.991 29.981 29.969 29.944 30.014 29.999 30.004 30.014
29.311 29.376 29.471 29.696 29.779 29.811 29.839 29.721 29.549 29.514 29.594 29.789 29.694 29.509 29.291 29.319 29.461 29.596 29.786 29.941 30.011 30.061 30.074 30.086 30.051 29.959 29.906 29.861 29.814 29.766 29.771 29.799 29.771 29.754 29.756 29.749 29.721 29.681 29.724 29.744 29.789 29.789 29.764 29.786 29.831 29.846 29.869 29.896 29.826 29.889 29.871 29.874 29.874 29.886 29.929 29.916 29.944 29.976 29.984 29.976 29.961 29.949 29.979 30.006 29.956 29.969 29.991 30.014 30.016 30.036 30.021 30.016 30.036
29.346 29.446 29.536 29.661 29.794 29.826 29.831 29.691 29.519 29.359 29.426 29.454 29.299 29.314 29.446 29.644 29.899 29.959 29.959 29.964 30.024 30.079 30.071 30.076 30.044 29.949 29.906 29.866 29.819 29.789 29.766 29.766 29.801 29.764 29.789 29.789 29.746 29.721 29.729 29.784 29.774 29.771 29.781 29.821 29.806 29.859 29.889 29.896 29.834 29.886 29.921 29.914 29.904 29.881 29.909 29.926 29.961 29.959 29.959 29.974 29.974 29.964 29.956 29.944 29.979 29.999 30.019 30.044 30.014 30.026 30.049 30.059 30.059
29.464 29.536 29.609 29.706 29.801 29.836 29.821 29.664 29.474 29.269 29.256 29.296 29.531 29.721 29.909 30.004 30.041 30.024 30.021 30.011 30.049 30.074 30.076 30.066 30.014 29.954 29.879 29.879 29.879 29.841 29.799 29.784 29.809 29.821 29.814 29.794 29.774 29.759 29.756 29.796 29.811 29.826 29.846 29.879 29.881 29.896 29.919 29.974 29.959 29.889 29.909 29.926 29.956 29.961 29.931 29.961 29.926 29.964 29.956 29.994 29.996 29.999 29.976 29.984 29.996 30.021 30.006 30.031 30.051 30.056 30.069 30.074 30.039
29.586 29.619 29.661 29.731 29.771 29.756 29.699 29.496 29.234 29.266 29.466 29.666 29.854 29.971 30.001 29.989 30.011 30.009 30.051 30.066 30.069 30.034 30.014 29.991 29.951 29.924 29.871 29.854 29.874 29.856 29.831 29.804 29.801 29.826 29.856 29.829 29.804 29.814 29.804 29.811 29.849 29.874 29.869 29.924 29.959 29.949 29.931 29.951 29.961 29.856 29.851 29.971 29.981 29.996 29.974 30.016 29.989 29.979 29.959 29.996 30.014 30.029 30.021 29.999 30.001 30.016 30.039 30.051 30.066 30.021 30.049 30.059 30.069
29.694 29.699 29.671 29.676 29.634 29.584 29.531 29.466 29.561 29.626 29.646 29.696 29.856 29.959 29.956 29.916 29.914 29.956 29.991 30.021 30.014 29.981 29.959 29.909 29.894 29.876 29.851 29.834 29.836 29.861 29.869 29.876 29.866 29.844 29.859 29.871 29.886 29.901 29.876 29.849 29.904 29.946 29.984 29.999 30.009 29.954 29.964 29.974 29.974 29.919 29.856 30.041 30.051 30.031 29.994 29.999 29.989 29.984 30.009 30.031 30.021 30.016 30.016 30.029 30.069 30.051 30.041 30.039 30.039 30.059 30.074 30.061 30.066
29.594 29.514 29.471 29.624 29.606 29.561 29.639 29.744 29.821 29.854 29.789 29.664 29.601 29.774 29.849 29.869 29.891 29.931 29.919 29.929 29.919 29.934 29.921 29.884 29.909 29.844 29.826 29.856 29.876 29.886 29.884 29.896 29.901 29.861 29.876 29.906 29.921 29.931 29.941 29.921 29.964 29.996 30.034 30.019 30.004 30.016 30.001 29.999 30.021 30.009 29.961 29.981 30.079 30.066 29.991 30.006 30.024 29.986 29.981 30.014 30.021 30.049 30.064 30.064 30.044 30.026 30.064 30.074 30.079 30.089 30.059 30.044 30.021
29.491 29.364 29.534 29.724 29.704 29.701 29.786 29.889 29.939 29.921 29.924 29.884 29.761 29.701 29.736 29.739 29.811 29.869 29.874 29.854 29.854 29.869 29.869 29.896 29.811 29.816 29.829 29.886 29.894 29.886 29.916 29.909 29.939 29.914 29.906 29.931 29.991 29.971 29.946 29.961 29.954 30.031 30.036 30.014 30.014 30.039 30.061 30.024 30.036 30.049 30.001 29.946 30.059 30.079 30.029 30.024 29.994 29.976 30.009 30.066 30.066 30.051 30.049 30.034 30.096 30.084 30.091 30.106 30.084 30.099 30.114 30.119 30.071
29.474 29.514 29.739 29.801 29.731 29.671 29.799 29.879 29.916 29.909 29.914 29.914 29.834 29.789 29.724 29.646 29.771 29.864 29.844 29.839 29.819 29.846 29.884 29.884 29.841 29.854 29.884 29.879 29.901 29.924 29.951 29.944 29.954 29.944 29.979 29.994 30.029 29.999 29.994 30.001 30.044 30.044 30.044 30.004 30.024 30.039 30.069 30.049 30.034 30.029 30.026 29.979 29.999 30.094 30.061 30.054 30.004 30.014 30.039 30.026 30.031 30.051 30.086 30.096 30.104 30.096 30.109 30.104 30.104 30.136 30.156 30.124 30.124
29.571 29.649 29.769 29.824 29.756 29.649 29.746 29.824 29.876 29.876 29.879 29.876 29.864 29.891 29.821 29.726 29.659 29.834 29.841 29.806 29.829 29.864 29.864 29.864 29.854 29.876 29.876 29.871 29.889 29.926 29.941 29.959 29.971 29.959 30.009 30.021 30.051 30.016 29.994 29.994 30.024 30.056 30.031 30.016 30.041 30.051 30.041 30.009 30.049 30.024 30.046 30.019 29.931 30.066 30.084 30.071 30.029 30.044 30.061 30.039 30.066 30.071 30.091 30.129 30.106 30.119 30.131 30.121 30.124 30.131 30.151 30.151 30.124
29.651 29.764 29.836 29.839 29.826 29.766 29.794 29.851 29.864 29.856 29.846 29.839 29.866 29.894 29.886 29.839 29.699 29.681 29.844 29.821 29.836 29.874 29.844 29.829 29.846 29.869 29.859 29.866 29.869 29.884 29.919 29.934 29.949 29.949 29.979 30.006 30.026 30.026 30.024 30.004 30.016 30.031 29.989 30.019 30.056 30.054 30.059 30.039 30.056 30.041 30.054 30.039 29.996 29.979 30.051 30.119 30.056 30.061 30.084 30.089 30.056 30.064 30.126 30.156 30.176 30.144 30.089 30.119 30.136 30.166 30.191 30.164 30.129
29.724 29.814 29.896 29.906 29.886 29.856 29.834 29.876 29.881 29.851 29.871 29.846 29.851 29.866 29.879 29.851 29.791 29.619 29.814 29.866 29.844 29.844 29.844 29.814 29.864 29.854 29.886 29.884 29.866 29.881 29.894 29.906 29.911 29.919 29.974 30.006 30.029 30.041 30.031 30.006 30.019 30.021 29.994 30.011 30.076 30.056 30.069 30.086 30.059 30.031 30.026 30.036 30.034 29.959 30.076 30.126 30.104 30.096 30.096 30.131 30.111 30.146 30.154 30.159 30.146 30.151 30.159 30.169 30.149 30.164 30.161 30.191 30.199
29.771 29.814 29.854 29.871 29.859 29.901 29.891 29.869 29.876 29.899 29.901 29.889 29.866 29.831 29.849 29.836 29.831 29.701 29.656 29.834 29.816 29.836 29.816 29.851 29.851 29.864 29.869 29.856 29.844 29.849 29.881 29.899 29.909 29.914 29.929 29.991 29.986 30.046 30.051 30.021 30.051 30.054 30.039 30.019 30.049 30.044 30.054 30.076 30.049 30.034 30.029 30.024 30.064 30.011 30.031 30.139 30.116 30.134 30.119 30.166 30.146 30.141 30.154 30.149 30.166 30.164 30.159 30.156 30.191 30.199 30.231 30.264 30.264
29.789 29.804 29.866 29.856 29.844 29.864 29.886 29.871 29.854 29.849 29.846 29.876 29.881 29.841 29.814 29.831 29.804 29.779 29.626 29.744 29.761 29.779 29.804 29.821 29.821 29.851 29.854 29.831 29.846 29.856 29.871 29.896 29.909 29.901 29.944 29.976 29.999 30.029 30.071 30.044 30.036 30.034 30.021 30.036 30.051 30.039 30.079 30.079 30.051 30.064 30.054 30.034 30.064 30.076 30.011 30.091 30.134 30.151 30.159 30.161 30.171 30.214 30.226 30.179 30.156 30.136 30.154 30.184 30.236 30.241 30.231 30.311 30.344
29.751 29.789 29.864 29.851 29.836 29.849 29.869 29.839 29.854 29.876 29.886 29.851 29.854 29.861 29.834 29.841 29.799 29.761 29.634 29.694 29.721 29.749 29.781 29.781 29.779 29.789 29.819 29.799 29.816 29.849 29.861 29.921 29.946 29.959 29.981 30.001 30.021 30.006 30.046 30.064 30.049 30.039 30.021 30.026 30.049 30.041 30.049 30.041 30.031 30.064 30.091 30.046 30.101 30.126 30.054 29.981 30.144 30.186 30.201 30.191 30.206 30.206 30.196 30.199 30.184 30.216 30.226 30.229 30.246 30.239 30.219 30.284 30.366
