LIDAR/se2989_DTM_2M.asc
ncols 500
nrows 500
xllcorner    429000
yllcorner    489000
cellsize     2
NODATA_value -9999
[rows 384 to 415 of 500, columns 144 to 215 of 500]
33.255 33.243 33.248 33.26 33.31 33.318 33.338 33.3 33.25 33.3 33.388 33.455 33.458 33.4 33.398 33.333 33.288 33.138 33.068 33.123 33.1 33.093 33.14 33.208 33.158 33.123 33.17 33.188 33.203 33.205 33.285 33.4 33.465 33.518 33.483 33.505 33.52 33.485 33.49 33.51 33.443 33.405 33.448 33.493 33.503 33.488 33.403 33.3 33.16 33.128 33.168 33.163 33.083 33.005 32.965 33.13 33.205 33.265 33.278 33.248 33.268 33.283 33.27 33.278 33.278 33.238 33.243 33.268 33.223 33.195 33.225 33.19
33.268 33.265 33.24 33.253 33.293 33.32 33.335 33.333 33.315 33.305 33.315 33.358 33.35 33.365 33.383 33.34 33.32 33.153 33.09 33.158 33.125 33.1 33.118 33.183 33.2 33.16 33.183 33.203 33.253 33.298 33.37 33.418 33.568 33.553 33.58 33.538 33.538 33.543 33.533 33.508 33.46 33.47 33.498 33.528 33.558 33.5 33.4 33.215 33.155 33.18 33.193 33.155 33.103 33.115 33.13 33.168 33.2 33.25 33.335 33.283 33.295 33.308 33.29 33.353 33.315 33.248 33.26 33.28 33.223 33.158 33.115 33.188
33.263 33.26 33.245 33.21 33.253 33.283 33.313 33.338 33.313 33.268 33.278 33.305 33.315 33.335 33.435 33.385 33.335 33.2 33.045 33.183 33.15 33.12 33.113 33.155 33.21 33.208 33.238 33.31 33.415 33.488 33.535 33.575 33.583 33.538 33.568 33.58 33.568 33.538 33.525 33.545 33.535 33.565 33.543 33.508 33.543 33.573 33.44 33.183 33.208 33.238 33.225 33.205 33.198 33.168 33.123 33.178 33.203 33.258 33.335 33.28 33.28 33.308 33.278 33.365 33.35 33.273 33.255 33.283 33.213 33.155 33.105 33.105
33.208 33.258 33.233 33.183 33.218 33.258 33.288 33.298 33.26 33.235 33.255 33.3 33.335 33.363 33.46 33.453 33.36 33.28 33.178 33.203 33.175 33.15 33.12 33.15 33.233 33.27 33.313 33.398 33.49 33.553 33.578 33.565 33.555 33.558 33.578 33.6 33.563 33.545 33.533 33.53 33.578 33.6 33.545 33.518 33.53 33.558 33.51 33.325 33.26 33.255 33.258 33.223 33.185 33.138 33.103 33.16 33.208 33.245 33.323 33.288 33.273 33.295 33.305 33.35 33.33 33.273 33.248 33.258 33.245 33.21 33.16 33.153
33.203 33.26 33.263 33.198 33.228 33.243 33.243 33.243 33.223 33.228 33.29 33.31 33.358 33.363 33.335 33.353 33.323 33.295 33.238 33.183 33.175 33.198 33.248 33.33 33.348 33.305 33.395 33.493 33.515 33.53 33.508 33.55 33.56 33.575 33.57 33.545 33.518 33.52 33.515 33.53 33.573 33.535 33.508 33.533 33.518 33.548 33.578 33.518 33.318 33.268 33.238 33.235 33.22 33.15 33.115 33.175 33.17 33.213 33.298 33.34 33.3 33.285 33.303 33.315 33.353 33.305 33.248 33.28 33.305 33.265 33.213 33.208
33.215 33.288 33.313 33.22 33.213 33.22 33.23 33.243 33.253 33.285 33.353 33.345 33.345 33.283 33.23 33.25 33.298 33.313 33.298 33.223 33.218 33.298 33.353 33.36 33.403 33.44 33.45 33.435 33.46 33.495 33.503 33.535 33.528 33.51 33.538 33.583 33.483 33.51 33.523 33.538 33.528 33.508 33.523 33.54 33.52 33.55 33.61 33.62 33.398 33.235 33.228 33.27 33.233 33.185 33.205 33.163 33.08 33.118 33.243 33.333 33.355 33.305 33.345 33.31 33.33 33.285 33.258 33.248 33.268 33.248 33.238 33.225
33.115 33.283 33.313 33.293 33.245 33.258 33.268 33.278 33.295 33.29 33.3 33.348 33.328 33.313 33.275 33.245 33.288 33.31 33.33 33.303 33.265 33.315 33.418 33.4 33.428 33.405 33.413 33.435 33.46 33.483 33.503 33.498 33.55 33.51 33.545 33.515 33.485 33.515 33.513 33.518 33.51 33.515 33.56 33.523 33.45 33.553 33.603 33.645 33.48 33.263 33.32 33.28 33.265 33.243 33.175 33.128 33.133 33.188 33.243 33.33 33.375 33.353 33.34 33.313 33.32 33.328 33.253 33.24 33.278 33.245 33.193 33.195
33.093 33.188 33.278 33.283 33.25 33.268 33.28 33.295 33.313 33.285 33.258 33.328 33.358 33.358 33.308 33.253 33.285 33.333 33.328 33.355 33.325 33.338 33.37 33.41 33.403 33.408 33.423 33.425 33.445 33.468 33.518 33.573 33.57 33.473 33.488 33.533 33.53 33.498 33.523 33.545 33.558 33.57 33.578 33.55 33.468 33.543 33.595 33.635 33.613 33.528 33.453 33.373 33.288 33.213 33.13 33.17 33.153 33.14 33.198 33.285 33.338 33.35 33.295 33.32 33.338 33.35 33.328 33.245 33.255 33.195 33.163 33.17
33.033 33.128 33.213 33.288 33.245 33.253 33.253 33.253 33.253 33.255 33.258 33.295 33.348 33.375 33.325 33.3 33.295 33.338 33.31 33.288 33.293 33.285 33.318 33.37 33.35 33.385 33.383 33.43 33.45 33.435 33.445 33.495 33.48 33.455 33.515 33.565 33.525 33.483 33.58 33.583 33.595 33.583 33.595 33.603 33.528 33.55 33.585 33.623 33.655 33.55 33.345 33.288 33.273 33.23 33.185 33.203 33.188 33.165 33.143 33.203 33.265 33.298 33.313 33.325 33.353 33.363 33.355 33.273 33.275 33.208 33.19 33.173
33.033 33.065 33.155 33.203 33.21 33.208 33.21 33.223 33.235 33.208 33.218 33.238 33.285 33.31 33.303 33.295 33.293 33.298 33.265 33.253 33.313 33.313 33.303 33.355 33.33 33.385 33.433 33.423 33.363 33.303 33.34 33.44 33.443 33.448 33.47 33.558 33.51 33.463 33.603 33.605 33.605 33.603 33.608 33.628 33.6 33.583 33.603 33.618 33.648 33.553 33.305 33.245 33.223 33.203 33.225 33.215 33.185 33.16 33.143 33.178 33.248 33.3 33.325 33.3 33.308 33.323 33.345 33.263 33.255 33.233 33.248 33.203
33.045 33.035 33.078 33.173 33.248 33.218 33.22 33.223 33.215 33.163 33.175 33.22 33.26 33.288 33.23 33.25 33.258 33.248 33.26 33.268 33.32 33.313 33.32 33.393 33.395 33.398 33.375 33.313 33.313 33.308 33.303 33.363 33.365 33.45 33.495 33.538 33.568 33.518 33.603 33.618 33.613 33.618 33.628 33.648 33.655 33.618 33.628 33.565 33.48 33.418 33.4 33.25 33.235 33.218 33.198 33.18 33.175 33.17 33.158 33.175 33.225 33.265 33.295 33.303 33.295 33.313 33.275 33.323 33.265 33.243 33.173 33.108
33.063 33.02 33.043 33.135 33.163 33.205 33.218 33.233 33.193 33.215 33.225 33.193 33.218 33.208 33.2 33.22 33.223 33.245 33.23 33.248 33.268 33.355 33.368 33.39 33.305 33.29 33.343 33.315 33.32 33.285 33.288 33.305 33.315 33.378 33.46 33.57 33.618 33.558 33.603 33.618 33.633 33.633 33.635 33.638 33.625 33.465 33.403 33.368 33.38 33.408 33.46 33.333 33.288 33.305 33.27 33.21 33.198 33.185 33.178 33.175 33.183 33.24 33.325 33.338 33.298 33.31 33.298 33.345 33.278 33.25 33.223 33.163
33.048 33.03 33.003 33.03 33.05 33.12 33.18 33.175 33.183 33.165 33.13 33.15 33.163 33.15 33.195 33.223 33.193 33.21 33.28 33.288 33.28 33.335 33.313 33.333 33.295 33.28 33.338 33.323 33.313 33.24 33.263 33.288 33.28 33.308 33.475 33.578 33.595 33.6 33.59 33.615 33.598 33.51 33.525 33.57 33.535 33.345 33.313 33.343 33.353 33.355 33.428 33.413 33.415 33.415 33.335 33.228 33.198 33.19 33.188 33.183 33.163 33.213 33.285 33.333 33.263 33.288 33.283 33.27 33.278 33.243 33.235 33.233
33.018 33.023 33.013 32.998 32.988 33.055 33.073 33.07 33.048 33.06 33.09 33.125 33.143 33.148 33.158 33.163 33.208 33.298 33.32 33.268 33.253 33.26 33.313 33.315 33.315 33.278 33.34 33.323 33.253 33.235 33.27 33.288 33.275 33.288 33.473 33.565 33.56 33.563 33.56 33.503 33.473 33.448 33.42 33.498 33.558 33.353 33.305 33.328 33.333 33.353 33.425 33.433 33.438 33.448 33.35 33.248 33.175 33.163 33.183 33.2 33.208 33.21 33.223 33.258 33.293 33.258 33.26 33.243 33.278 33.273 33.245 33.22
33.02 32.985 32.965 32.983 32.99 33.015 33.003 32.988 33.023 33.07 33.105 33.125 33.09 33.12 33.18 33.243 33.27 33.285 33.298 33.265 33.31 33.31 33.323 33.32 33.328 33.268 33.323 33.283 33.253 33.24 33.293 33.32 33.285 33.288 33.415 33.478 33.503 33.49 33.445 33.485 33.45 33.395 33.385 33.43 33.523 33.38 33.31 33.338 33.38 33.395 33.35 33.308 33.32 33.375 33.308 33.25 33.178 33.16 33.193 33.213 33.228 33.238 33.205 33.215 33.26 33.24 33.24 33.245 33.208 33.253 33.223 33.205
32.995 32.958 32.948 32.965 33.008 33.023 33.03 33.043 33.055 33.063 33.043 33.073 33.163 33.233 33.25 33.255 33.248 33.283 33.303 33.288 33.318 33.318 33.305 33.323 33.303 33.29 33.308 33.288 33.263 33.248 33.293 33.35 33.338 33.303 33.3 33.383 33.408 33.355 33.365 33.428 33.4 33.365 33.35 33.363 33.425 33.368 33.345 33.343 33.305 33.273 33.278 33.258 33.303 33.318 33.265 33.228 33.18 33.188 33.203 33.22 33.225 33.183 33.16 33.153 33.223 33.238 33.23 33.24 33.203 33.263 33.238 33.15
33.038 32.943 32.918 32.953 32.965 32.983 33.008 33.015 33.053 33.09 33.18 33.243 33.265 33.245 33.275 33.275 33.298 33.273 33.315 33.285 33.298 33.315 33.305 33.298 33.303 33.303 33.408 33.37 33.283 33.253 33.293 33.35 33.34 33.315 33.285 33.298 33.338 33.365 33.355 33.365 33.363 33.345 33.338 33.283 33.315 33.37 33.27 33.2 33.26 33.265 33.193 33.263 33.333 33.288 33.275 33.265 33.22 33.21 33.218 33.21 33.173 33.148 33.155 33.148 33.175 33.233 33.24 33.223 33.203 33.193 33.178 33.15
33.165 32.985 32.933 32.965 32.97 32.965 32.963 33.023 33.13 33.213 33.328 33.365 33.333 33.328 33.338 33.29 33.295 33.28 33.305 33.313 33.3 33.308 33.298 33.278 33.293 33.318 33.325 33.358 33.325 33.263 33.28 33.318 33.308 33.305 33.31 33.313 33.338 33.35 33.353 33.373 33.353 33.28 33.218 33.245 33.223 33.188 33.195 33.23 33.268 33.28 33.233 33.223 33.31 33.288 33.265 33.268 33.26 33.235 33.218 33.195 33.188 33.193 33.188 33.158 33.183 33.21 33.208 33.198 33.203 33.168 33.13 33.11
33.213 33.048 32.92 32.943 32.925 32.935 33.008 33.085 33.245 33.308 33.335 33.32 33.35 33.42 33.44 33.413 33.29 33.268 33.29 33.313 33.318 33.32 33.29 33.28 33.238 33.263 33.275 33.28 33.258 33.24 33.203 33.278 33.28 33.285 33.305 33.335 33.328 33.335 33.315 33.4 33.363 33.303 33.263 33.278 33.238 33.228 33.25 33.275 33.248 33.263 33.223 33.12 33.128 33.1 33.21 33.25 33.248 33.26 33.24 33.208 33.195 33.185 33.175 33.16 33.155 33.193 33.223 33.153 33.173 33.163 33.145 33.075
33.208 33.068 32.908 32.943 32.923 32.968 33.04 33.075 33.168 33.238 33.278 33.298 33.313 33.415 33.453 33.43 33.328 33.235 33.2 33.29 33.32 33.318 33.295 33.283 33.22 33.198 33.24 33.273 33.283 33.29 33.275 33.28 33.295 33.288 33.295 33.333 33.303 33.35 33.335 33.368 33.388 33.355 33.338 33.338 33.258 33.215 33.255 33.255 33.198 33.15 33.1 33.083 33.065 33.023 33.1 33.248 33.2 33.195 33.278 33.283 33.225 33.185 33.163 33.145 33.155 33.19 33.16 33.165 33.155 33.123 33.128 33.093
33.173 33.1 32.915 32.905 32.928 32.98 33.043 33.07 33.148 33.26 33.288 33.313 33.328 33.353 33.358 33.32 33.285 33.23 33.273 33.343 33.328 33.31 33.303 33.288 33.243 33.23 33.295 33.318 33.353 33.348 33.305 33.325 33.318 33.308 33.353 33.458 33.353 33.353 33.353 33.365 33.355 33.345 33.355 33.36 33.323 33.22 33.223 33.17 33.123 33.11 33.065 33.02 33.05 33.035 33.028 33.145 33.128 33.148 33.22 33.298 33.25 33.173 33.133 33.103 33.113 33.143 33.11 33.163 33.138 33.14 33.175 33.138
33.1 33.083 32.908 32.878 32.895 32.958 33.015 33.115 33.235 33.298 33.315 33.328 33.333 33.315 33.318 33.298 33.295 33.328 33.375 33.398 33.328 33.298 33.298 33.298 33.328 33.315 33.303 33.338 33.398 33.415 33.378 33.335 33.333 33.313 33.313 33.428 33.473 33.428 33.41 33.375 33.355 33.35 33.383 33.363 33.285 33.145 33.113 33.103 33.083 33.1 33.058 33.018 33.01 33.035 33.023 33.03 33.088 33.115 33.04 33.183 33.173 33.08 33.085 33.093 33.108 33.135 33.115 33.143 33.118 33.145 33.163 33.188
33.065 32.983 32.905 32.85 32.868 32.945 32.998 33.125 33.255 33.323 33.34 33.345 33.34 33.323 33.29 33.305 33.4 33.448 33.465 33.428 33.35 33.308 33.28 33.3 33.323 33.338 33.358 33.368 33.37 33.485 33.41 33.325 33.32 33.28 33.28 33.37 33.54 33.475 33.463 33.393 33.335 33.365 33.353 33.325 33.273 33.163 33.09 33.068 33.07 33.07 33.05 33.013 33.013 33.005 33.013 33.005 33.078 33.118 33.083 33.08 33.113 33.065 33.115 33.15 33.128 33.098 33.123 33.11 33.078 33.153 33.178 33.168
33.053 32.983 32.92 32.823 32.86 32.88 32.955 33.053 33.23 33.32 33.35 33.328 33.303 33.31 33.31 33.408 33.588 33.553 33.485 33.468 33.39 33.295 33.26 33.293 33.335 33.358 33.373 33.365 33.333 33.36 33.405 33.283 33.308 33.3 33.35 33.418 33.448 33.37 33.373 33.405 33.363 33.315 33.315 33.28 33.245 33.223 33.123 33.05 33.053 33.05 33.03 33.013 33.015 33.05 33.043 33.013 33.073 33.118 33.078 33.05 33.123 33.143 33.14 33.115 33.095 33.103 33.113 33.085 33.108 33.163 33.15 33.108
33.123 33.023 32.968 32.858 32.805 32.828 32.913 33.08 33.245 33.278 33.318 33.288 33.27 33.36 33.33 33.39 33.478 33.49 33.468 33.465 33.433 33.315 33.303 33.315 33.385 33.358 33.315 33.313 33.315 33.37 33.445 33.345 33.39 33.36 33.445 33.475 33.428 33.328 33.303 33.353 33.358 33.28 33.273 33.263 33.29 33.28 33.185 33.06 33.053 33.05 33.023 33.035 33.053 33.065 33.1 33.085 33.055 33.098 33.108 33.14 33.135 33.125 33.073 33.03 33.06 33.09 33.1 33.108 33.115 33.135 33.13 33.09
33.238 33.155 33.048 32.925 32.795 32.833 32.853 32.978 33.168 33.218 33.25 33.285 33.265 33.29 33.308 33.328 33.378 33.39 33.385 33.328 33.35 33.305 33.31 33.355 33.378 33.33 33.315 33.31 33.298 33.295 33.415 33.465 33.468 33.4 33.348 33.445 33.408 33.355 33.27 33.333 33.363 33.263 33.253 33.283 33.263 33.245 33.183 33.095 33.075 33.085 33.083 33.07 33.1 33.103 33.1 33.128 33.115 33.125 33.078 33.06 33.068 33.055 33.058 33.038 33.073 33.118 33.138 33.135 33.12 33.15 33.145 33.058
33.243 33.183 33.085 32.933 32.8 32.825 32.82 32.958 33.123 33.135 33.188 33.203 33.245 33.28 33.31 33.328 33.343 33.345 33.328 33.31 33.29 33.315 33.3 33.325 33.335 33.305 33.325 33.31 33.275 33.283 33.348 33.483 33.473 33.415 33.278 33.275 33.335 33.345 33.32 33.3 33.323 33.255 33.163 33.188 33.155 33.12 33.075 33.055 33.038 33.058 33.108 33.093 33.128 33.058 33 33.1 33.09 33.053 33.063 33.048 33.075 33.06 33.058 33.053 33.108 33.115 33.113 33.043 33.043 33.123 33.103 33.118
33.243 33.17 33.133 32.958 32.86 32.83 32.838 32.868 32.973 33.03 33.125 33.2 33.24 33.27 33.295 33.303 33.31 33.34 33.338 33.37 33.375 33.365 33.325 33.308 33.3 33.278 33.293 33.298 33.27 33.263 33.28 33.345 33.31 33.285 33.265 33.265 33.29 33.258 33.2 33.218 33.278 33.2 33.093 33.128 33.123 33.085 33.065 33.035 33.07 33.115 33.163 33.11 33.08 33.07 33.01 33.008 33.023 33.053 33.06 33.025 33.033 33.028 33.09 33.198 33.22 33.068 33.065 33.053 33.038 33.123 33.12 33.163
33.235 33.14 33.105 33.033 32.92 32.81 32.83 32.788 32.898 33.008 33.093 33.178 33.228 33.245 33.265 33.293 33.315 33.325 33.363 33.373 33.358 33.353 33.325 33.323 33.298 33.27 33.275 33.31 33.3 33.273 33.278 33.33 33.333 33.24 33.245 33.273 33.245 33.248 33.228 33.203 33.245 33.155 33.1 33.133 33.123 33.095 33.028 33.008 33.13 33.165 33.085 33.045 33.033 33.03 32.995 33.01 33.048 33.048 33.02 33.025 33.078 33.108 33.1 33.238 33.308 33.093 33.058 33.055 33.088 33.14 33.13 33.138
33.218 33.185 33.16 33.07 33.013 32.82 32.813 32.803 32.84 32.963 33.078 33.163 33.208 33.24 33.248 33.235 33.273 33.285 33.28 33.365 33.318 33.295 33.318 33.343 33.325 33.303 33.29 33.283 33.295 33.3 33.313 33.318 33.365 33.263 33.228 33.208 33.218 33.238 33.26 33.183 33.188 33.213 33.148 33.135 33.103 33.003 32.893 32.87 33.078 33.123 33.015 33.035 33.018 33.008 32.993 33.018 33.003 33.008 33.07 33.098 33.075 33.093 33.13 33.123 33.123 33.078 33.063 33.12 33.135 33.143 33.135 33.135
33.293 33.253 33.208 33.125 33.058 32.895 32.833 32.82 32.815 32.933 33.083 33.185 33.19 33.12 33.11 33.185 33.245 33.263 33.283 33.353 33.308 33.298 33.293 33.308 33.313 33.333 33.343 33.295 33.305 33.318 33.29 33.278 33.328 33.263 33.178 33.135 33.15 33.205 33.21 33.098 33.165 33.193 33.123 33.105 33.035 32.965 32.913 32.943 33.043 33.09 33.03 32.99 32.983 32.993 33.003 32.993 33.045 33.088 33.143 33.133 33.098 33.103 33.135 33.138 33.025 33.008 33.125 33.13 33.13 33.145 33.138 33.133
33.19 33.135 33.155 33.198 33.123 32.938 32.843 32.853 32.82 32.89 33.053 33.178 33.135 33.083 33.173 33.22 33.203 33.19 33.248 33.318 33.295 33.288 33.275 33.308 33.318 33.338 33.355 33.308 33.273 33.278 33.268 33.223 33.235 33.193 33.11 33.083 33.083 33.148 33.195 33.088 33.123 33.155 33.14 33.105 33.083 33.05 32.998 33.053 33.088 33.088 33.06 32.983 33.003 33.013 33 33.095 33.118 33.105 33.11 33.12 33.128 33.138 33.138 33.1 33.065 33.043 33.158 33.143 33.143 33.148 33.138 33.133
