LIDAR/se2986_DTM_2M.asc
ncols 500
nrows 500
xllcorner    429000
yllcorner    486000
cellsize     2
NODATA_value -9999
[rows 224 to 255 of 500, columns 426 to 496 of 500]
46.78 46.795 46.798 46.823 46.885 46.898 46.945 46.975 47.038 47.065 47.09 47.1 47.145 47.168 47.145 47.175 47.208 47.235 47.293 47.33 47.4 47.4 47.43 47.48 47.52 47.58 47.625 47.678 47.683 47.745 47.778 47.793 47.833 47.868 47.923 47.938 47.958 48.015 48.01 47.97 47.985 47.955 47.918 47.928 47.895 47.868 47.848 47.84 47.77 47.695 47.643 47.605 47.575 47.528 47.513 47.458 47.43 47.375 47.313 47.293 47.25 47.173 47.145 47.108 47.06 47.02 46.995 46.985 46.995 46.985 46.95
46.75 46.76 46.818 46.84 46.888 46.933 46.943 46.995 47 47.058 47.07 47.07 47.1 47.14 47.125 47.138 47.218 47.255 47.265 47.293 47.338 47.385 47.383 47.445 47.503 47.53 47.585 47.62 47.65 47.75 47.765 47.775 47.818 47.86 47.895 47.903 47.935 47.998 47.995 47.965 47.93 47.918 47.915 47.928 47.883 47.868 47.843 47.788 47.73 47.673 47.638 47.598 47.58 47.555 47.513 47.478 47.433 47.403 47.35 47.29 47.21 47.183 47.178 47.095 47.033 46.995 47.03 47.048 46.998 46.983 46.995
46.698 46.783 46.825 46.853 46.885 46.943 46.933 47 47.008 47.028 47.058 47.085 47.12 47.143 47.155 47.16 47.193 47.225 47.27 47.27 47.298 47.355 47.393 47.428 47.475 47.478 47.548 47.59 47.645 47.695 47.718 47.753 47.765 47.82 47.87 47.918 47.925 47.918 47.945 47.95 47.95 47.925 47.915 47.908 47.89 47.838 47.788 47.743 47.693 47.653 47.653 47.605 47.563 47.518 47.5 47.488 47.418 47.378 47.308 47.268 47.223 47.198 47.125 47.068 47.028 47.058 47.03 47.048 47.013 47.015 47.025
46.678 46.753 46.805 46.85 46.893 46.93 46.953 46.978 46.99 47.005 47.035 47.075 47.11 47.13 47.155 47.17 47.175 47.195 47.248 47.285 47.313 47.34 47.38 47.42 47.448 47.483 47.533 47.558 47.615 47.67 47.708 47.735 47.79 47.818 47.83 47.873 47.89 47.893 47.913 47.925 47.938 47.935 47.918 47.895 47.843 47.8 47.735 47.713 47.725 47.675 47.645 47.608 47.56 47.513 47.473 47.438 47.39 47.368 47.348 47.29 47.223 47.148 47.128 47.115 47.09 47.063 47.048 47.07 47.055 47.07 47.078
46.675 46.733 46.768 46.813 46.868 46.9 46.97 46.975 46.948 46.963 47.003 47.063 47.09 47.133 47.128 47.163 47.153 47.185 47.235 47.288 47.315 47.33 47.358 47.41 47.413 47.483 47.508 47.543 47.573 47.61 47.695 47.725 47.765 47.743 47.788 47.838 47.86 47.855 47.898 47.878 47.898 47.918 47.875 47.83 47.778 47.773 47.763 47.733 47.71 47.68 47.64 47.608 47.558 47.513 47.44 47.403 47.383 47.358 47.31 47.238 47.183 47.155 47.165 47.155 47.103 47.07 47.083 47.093 47.09 47.1 47.123
46.693 46.75 46.763 46.823 46.873 46.873 46.928 46.958 46.948 46.965 46.983 47.02 47.058 47.113 47.108 47.145 47.155 47.168 47.205 47.25 47.275 47.313 47.35 47.405 47.41 47.44 47.478 47.513 47.55 47.608 47.665 47.7 47.725 47.73 47.75 47.828 47.83 47.845 47.89 47.875 47.85 47.823 47.81 47.78 47.768 47.77 47.753 47.718 47.71 47.658 47.64 47.583 47.528 47.48 47.475 47.45 47.388 47.315 47.278 47.25 47.223 47.185 47.17 47.123 47.12 47.095 47.11 47.113 47.128 47.178 47.18
46.75 46.788 46.798 46.8 46.82 46.87 46.835 46.915 46.953 46.975 46.99 47.03 47.045 47.075 47.098 47.118 47.163 47.15 47.175 47.225 47.285 47.333 47.383 47.405 47.413 47.425 47.458 47.503 47.533 47.568 47.603 47.65 47.668 47.715 47.733 47.758 47.78 47.808 47.81 47.823 47.788 47.765 47.783 47.773 47.775 47.74 47.74 47.743 47.68 47.638 47.593 47.545 47.515 47.488 47.46 47.365 47.325 47.305 47.288 47.258 47.223 47.18 47.15 47.135 47.143 47.143 47.13 47.178 47.243 47.263 47.253
46.875 46.813 46.805 46.808 46.818 46.838 46.73 46.835 46.955 46.963 46.973 46.98 47.01 47.058 47.063 47.105 47.128 47.135 47.168 47.218 47.268 47.318 47.358 47.39 47.42 47.453 47.463 47.5 47.51 47.515 47.563 47.603 47.658 47.703 47.708 47.723 47.753 47.775 47.765 47.76 47.755 47.76 47.77 47.773 47.765 47.748 47.758 47.72 47.648 47.59 47.558 47.53 47.483 47.433 47.393 47.345 47.34 47.3 47.263 47.23 47.21 47.203 47.185 47.173 47.173 47.203 47.215 47.265 47.278 47.278 47.248
46.973 46.845 46.833 46.84 46.825 46.835 46.79 46.868 46.923 46.953 46.965 46.965 46.993 47.013 47.048 47.075 47.105 47.14 47.17 47.215 47.24 47.275 47.318 47.37 47.42 47.443 47.438 47.468 47.465 47.508 47.553 47.588 47.65 47.645 47.68 47.675 47.685 47.7 47.713 47.753 47.738 47.77 47.76 47.763 47.765 47.73 47.703 47.645 47.603 47.56 47.548 47.5 47.438 47.395 47.395 47.35 47.335 47.293 47.258 47.235 47.258 47.248 47.23 47.243 47.273 47.293 47.273 47.253 47.243 47.228 47.208
46.975 46.848 46.808 46.778 46.81 46.825 46.845 46.878 46.9 46.933 46.96 46.948 46.975 46.96 47.018 47.055 47.088 47.118 47.16 47.178 47.203 47.245 47.295 47.335 47.37 47.383 47.42 47.433 47.473 47.508 47.538 47.58 47.618 47.628 47.638 47.625 47.64 47.665 47.705 47.725 47.73 47.743 47.733 47.73 47.745 47.695 47.633 47.623 47.588 47.538 47.475 47.45 47.425 47.425 47.378 47.348 47.308 47.283 47.288 47.29 47.303 47.288 47.27 47.298 47.3 47.263 47.21 47.198 47.19 47.163 47.2
46.813 46.813 46.763 46.753 46.763 46.82 46.828 46.853 46.878 46.918 46.935 46.948 46.983 46.973 47.053 47.055 47.075 47.13 47.143 47.18 47.21 47.25 47.28 47.3 47.363 47.413 47.43 47.433 47.468 47.493 47.513 47.565 47.59 47.613 47.635 47.645 47.635 47.655 47.678 47.713 47.705 47.735 47.703 47.66 47.658 47.643 47.6 47.558 47.533 47.498 47.478 47.433 47.408 47.385 47.35 47.343 47.313 47.3 47.323 47.3 47.343 47.33 47.3 47.255 47.225 47.175 47.19 47.195 47.183 47.165 47.203
46.813 46.815 46.783 46.783 46.785 46.808 46.818 46.843 46.838 46.888 46.92 46.975 46.978 47.003 47.01 47.04 47.085 47.113 47.118 47.175 47.178 47.22 47.233 47.283 47.348 47.4 47.408 47.435 47.433 47.48 47.508 47.53 47.59 47.63 47.65 47.598 47.628 47.613 47.645 47.688 47.673 47.67 47.658 47.623 47.653 47.635 47.598 47.498 47.49 47.47 47.45 47.405 47.383 47.388 47.38 47.353 47.358 47.3 47.335 47.335 47.34 47.268 47.235 47.195 47.21 47.195 47.185 47.185 47.183 47.19 47.225
46.818 46.815 46.808 46.793 46.828 46.818 46.805 46.813 46.85 46.873 46.918 46.953 46.97 47.008 46.995 47.04 47.083 47.108 47.115 47.14 47.153 47.178 47.19 47.248 47.328 47.373 47.428 47.46 47.45 47.495 47.495 47.543 47.598 47.61 47.618 47.593 47.608 47.613 47.603 47.625 47.62 47.608 47.618 47.623 47.603 47.568 47.538 47.5 47.48 47.47 47.438 47.408 47.368 47.378 47.373 47.373 47.385 47.355 47.315 47.28 47.238 47.233 47.23 47.215 47.223 47.23 47.2 47.185 47.218 47.218 47.195
46.84 46.885 46.88 46.848 46.823 46.858 46.823 46.828 46.853 46.893 46.905 46.943 46.97 46.948 46.955 47.003 47.048 47.098 47.108 47.11 47.145 47.153 47.195 47.223 47.285 47.33 47.37 47.425 47.435 47.463 47.478 47.538 47.595 47.57 47.608 47.633 47.605 47.573 47.573 47.58 47.568 47.585 47.588 47.543 47.553 47.53 47.523 47.503 47.438 47.423 47.428 47.435 47.413 47.435 47.435 47.388 47.35 47.28 47.263 47.235 47.228 47.233 47.23 47.213 47.198 47.195 47.2 47.23 47.228 47.175 47.125
46.86 46.92 46.965 46.97 46.913 46.915 46.838 46.843 46.878 46.875 46.853 46.895 46.955 46.975 46.973 46.988 47.033 47.075 47.103 47.12 47.153 47.153 47.193 47.22 47.248 47.298 47.335 47.373 47.425 47.47 47.51 47.563 47.575 47.55 47.555 47.568 47.553 47.525 47.523 47.528 47.538 47.538 47.523 47.525 47.548 47.518 47.483 47.468 47.443 47.428 47.428 47.425 47.413 47.395 47.375 47.318 47.27 47.255 47.22 47.235 47.255 47.235 47.198 47.19 47.185 47.185 47.195 47.18 47.13 47.103 47.05
46.94 46.96 47.018 47.075 46.995 46.923 46.863 46.865 46.833 46.845 46.865 46.888 46.958 46.998 47.003 47.045 47.028 47.045 47.06 47.085 47.148 47.163 47.178 47.213 47.23 47.245 47.318 47.375 47.413 47.475 47.51 47.545 47.548 47.525 47.498 47.48 47.505 47.485 47.515 47.488 47.465 47.495 47.508 47.52 47.495 47.46 47.438 47.45 47.45 47.468 47.433 47.415 47.413 47.36 47.285 47.283 47.268 47.253 47.255 47.265 47.243 47.19 47.2 47.198 47.218 47.165 47.078 47.043 47.043 47.033 47.023
47.025 46.998 47.083 47.118 47.085 46.983 46.885 46.835 46.82 46.813 46.863 46.928 46.955 46.955 47.045 47.105 47.09 47.06 47.053 47.083 47.135 47.16 47.19 47.185 47.223 47.25 47.305 47.363 47.405 47.458 47.505 47.493 47.463 47.448 47.453 47.46 47.475 47.463 47.438 47.435 47.445 47.488 47.495 47.498 47.493 47.468 47.448 47.47 47.483 47.438 47.413 47.41 47.365 47.318 47.285 47.288 47.258 47.26 47.255 47.23 47.198 47.19 47.238 47.178 47.08 47.01 47.023 47.02 47.035 46.998 46.993
47.173 47.123 47.098 47.108 47.11 47.065 46.935 46.86 46.848 46.848 46.87 46.908 46.94 46.975 47.025 47.11 47.13 47.113 47.098 47.138 47.155 47.163 47.165 47.18 47.213 47.24 47.305 47.338 47.38 47.41 47.435 47.425 47.4 47.388 47.445 47.433 47.4 47.423 47.435 47.428 47.45 47.453 47.46 47.51 47.518 47.48 47.468 47.448 47.428 47.435 47.385 47.36 47.333 47.313 47.305 47.285 47.253 47.24 47.245 47.248 47.255 47.213 47.155 47.018 46.98 46.993 47.013 47.01 46.978 46.918 46.895
47.313 47.288 47.15 47.095 47.115 47.13 47.048 46.9 46.858 46.863 46.908 46.953 46.975 47.003 47.043 47.078 47.09 47.145 47.143 47.138 47.13 47.133 47.14 47.17 47.15 47.183 47.26 47.318 47.34 47.398 47.393 47.38 47.355 47.38 47.368 47.353 47.358 47.403 47.43 47.433 47.46 47.455 47.475 47.505 47.48 47.438 47.443 47.42 47.413 47.428 47.39 47.378 47.348 47.363 47.333 47.275 47.255 47.27 47.285 47.263 47.173 47.06 47.02 47.01 46.998 46.995 47.01 46.968 46.905 46.878 46.91
47.39 47.388 47.223 47.133 47.125 47.158 47.035 46.935 46.91 46.933 46.93 46.948 46.968 47.003 47.023 47.06 47.093 47.108 47.118 47.133 47.123 47.055 47.113 47.133 47.143 47.173 47.228 47.288 47.273 47.343 47.358 47.375 47.343 47.323 47.338 47.358 47.378 47.383 47.413 47.44 47.455 47.44 47.433 47.433 47.438 47.448 47.405 47.403 47.415 47.418 47.41 47.398 47.378 47.383 47.338 47.3 47.275 47.29 47.203 47.093 47.045 47.015 47.048 47.023 46.993 46.978 46.935 46.91 46.883 46.885 46.943
47.363 47.395 47.328 47.21 47.158 47.16 47.088 47.01 46.945 46.93 46.943 46.963 46.953 46.998 47.038 47.07 47.09 47.11 47.085 47.073 47.108 47.06 47.023 47.095 47.128 47.163 47.19 47.208 47.248 47.293 47.31 47.3 47.3 47.35 47.368 47.373 47.365 47.395 47.395 47.408 47.4 47.408 47.413 47.393 47.423 47.4 47.395 47.418 47.428 47.435 47.44 47.393 47.365 47.33 47.318 47.298 47.205 47.105 47.045 47.028 47.055 47.04 47.045 46.988 46.955 46.91 46.91 46.925 46.915 46.94 46.965
47.49 47.483 47.395 47.275 47.195 47.198 47.193 47.138 47.005 46.958 46.975 46.975 46.948 46.998 47.015 47.03 47.055 47.075 47.085 47.1 47.1 47.033 47.043 47.053 47.103 47.118 47.163 47.21 47.228 47.238 47.285 47.303 47.363 47.363 47.365 47.385 47.378 47.38 47.385 47.398 47.403 47.413 47.42 47.383 47.41 47.39 47.415 47.413 47.43 47.405 47.408 47.378 47.385 47.385 47.318 47.185 47.08 47.05 47.05 47.06 47.028 47.01 47.023 46.993 46.96 46.95 46.938 46.945 46.958 46.975 46.99
47.653 47.608 47.495 47.358 47.265 47.21 47.203 47.198 47.098 47.033 47.033 47.01 47 47.018 47.028 47.023 47.05 47.035 47.058 47.125 47.108 47.045 47.033 47.028 47.098 47.145 47.14 47.178 47.218 47.253 47.308 47.365 47.36 47.388 47.42 47.393 47.375 47.323 47.343 47.373 47.41 47.393 47.388 47.388 47.41 47.423 47.45 47.388 47.393 47.405 47.41 47.343 47.295 47.26 47.155 47.07 47.055 47.075 47.058 47.025 47.03 47.058 47.035 47.005 47 46.963 46.958 46.945 46.935 46.965 47.023
47.778 47.66 47.488 47.37 47.363 47.328 47.26 47.298 47.208 47.125 47.095 47.065 47.04 47.02 47.023 47.008 47.05 47.035 47.045 47.115 47.113 47.07 47.065 47.03 47.048 47.148 47.128 47.178 47.263 47.31 47.34 47.405 47.403 47.39 47.385 47.345 47.358 47.36 47.373 47.38 47.383 47.393 47.398 47.418 47.42 47.43 47.47 47.418 47.425 47.378 47.348 47.238 47.158 47.105 47.085 47.095 47.08 47.063 47.038 47.075 47.068 47.098 47.048 47.008 47.018 46.975 46.978 46.985 46.96 46.968 46.988
47.7 47.608 47.475 47.465 47.473 47.385 47.293 47.395 47.408 47.255 47.173 47.138 47.085 47.073 47.098 47.09 47.073 47.11 47.14 47.185 47.15 47.098 47.11 47.053 47.03 47.093 47.128 47.213 47.305 47.323 47.368 47.338 47.335 47.355 47.338 47.323 47.365 47.355 47.37 47.36 47.37 47.403 47.41 47.415 47.43 47.42 47.443 47.418 47.41 47.303 47.173 47.113 47.09 47.075 47.118 47.098 47.11 47.11 47.113 47.093 47.135 47.095 47.04 47.03 47.023 46.998 47.01 47.023 46.985 47.005 46.978
47.578 47.565 47.538 47.553 47.558 47.483 47.393 47.518 47.5 47.345 47.23 47.225 47.193 47.188 47.203 47.198 47.208 47.23 47.258 47.263 47.205 47.123 47.118 47.123 47.04 47.08 47.198 47.253 47.275 47.26 47.285 47.248 47.308 47.335 47.34 47.343 47.363 47.388 47.37 47.395 47.403 47.413 47.373 47.42 47.41 47.445 47.47 47.393 47.285 47.205 47.153 47.158 47.13 47.105 47.15 47.18 47.21 47.193 47.158 47.115 47.125 47.11 47.073 47.065 47.068 47.045 47.023 47.008 47.015 46.998 46.988
47.593 47.583 47.578 47.598 47.556 47.526 47.513 47.523 47.501 47.441 47.373 47.321 47.278 47.281 47.286 47.318 47.328 47.346 47.306 47.306 47.253 47.143 47.096 47.138 47.108 47.118 47.208 47.198 47.158 47.19 47.26 47.285 47.283 47.305 47.335 47.353 47.365 47.373 47.39 47.405 47.39 47.37 47.39 47.445 47.44 47.408 47.353 47.265 47.248 47.208 47.203 47.195 47.188 47.203 47.24 47.243 47.248 47.245 47.2 47.168 47.19 47.16 47.138 47.11 47.105 47.118 47.075 47.038 47.04 47.015 46.978
47.576 47.618 47.628 47.588 47.543 47.506 47.491 47.506 47.521 47.488 47.481 47.436 47.348 47.311 47.311 47.341 47.411 47.443 47.346 47.298 47.233 47.146 47.133 47.151 47.178 47.13 47.145 47.15 47.143 47.208 47.253 47.31 47.288 47.298 47.325 47.348 47.363 47.36 47.383 47.393 47.388 47.43 47.438 47.433 47.335 47.288 47.268 47.293 47.288 47.263 47.243 47.275 47.315 47.353 47.33 47.28 47.288 47.285 47.228 47.213 47.208 47.22 47.205 47.19 47.18 47.15 47.115 47.095 47.063 47.04 46.97
47.563 47.646 47.621 47.576 47.531 47.491 47.466 47.471 47.526 47.513 47.503 47.523 47.438 47.368 47.356 47.401 47.443 47.411 47.363 47.273 47.241 47.236 47.168 47.138 47.15 47.13 47.143 47.183 47.175 47.2 47.275 47.313 47.3 47.298 47.328 47.338 47.373 47.368 47.373 47.443 47.468 47.493 47.375 47.275 47.258 47.278 47.293 47.328 47.335 47.338 47.373 47.415 47.42 47.395 47.373 47.365 47.333 47.313 47.318 47.305 47.258 47.268 47.265 47.238 47.2 47.185 47.158 47.115 47.063 47.048 47.015
47.593 47.583 47.596 47.581 47.546 47.488 47.486 47.493 47.538 47.543 47.541 47.541 47.486 47.438 47.451 47.433 47.468 47.461 47.473 47.411 47.301 47.258 47.211 47.153 47.163 47.128 47.168 47.228 47.235 47.248 47.283 47.313 47.315 47.32 47.308 47.348 47.325 47.32 47.388 47.438 47.468 47.363 47.295 47.313 47.325 47.338 47.355 47.375 47.423 47.505 47.513 47.448 47.438 47.4 47.4 47.385 47.37 47.36 47.363 47.345 47.295 47.295 47.27 47.24 47.245 47.205 47.165 47.143 47.093 47.07 47.018
47.546 47.556 47.531 47.531 47.528 47.508 47.548 47.571 47.561 47.566 47.578 47.566 47.551 47.511 47.508 47.483 47.501 47.536 47.556 47.466 47.401 47.351 47.288 47.223 47.205 47.188 47.205 47.273 47.278 47.288 47.328 47.315 47.33 47.33 47.34 47.365 47.378 47.395 47.393 47.37 47.358 47.323 47.355 47.375 47.378 47.395 47.49 47.54 47.583 47.61 47.54 47.5 47.46 47.473 47.46 47.435 47.403 47.395 47.383 47.393 47.338 47.335 47.318 47.283 47.273 47.24 47.195 47.145 47.108 47.113 47.063
47.513 47.556 47.476 47.488 47.466 47.486 47.566 47.581 47.573 47.576 47.598 47.571 47.551 47.536 47.563 47.596 47.566 47.576 47.576 47.508 47.481 47.391 47.356 47.328 47.285 47.268 47.243 47.27 47.295 47.298 47.34 47.315 47.33 47.368 47.405 47.448 47.475 47.44 47.408 47.38 47.4 47.433 47.43 47.448 47.503 47.54 47.595 47.655 47.635 47.608 47.575 47.553 47.528 47.525 47.505 47.495 47.478 47.438 47.415 47.39 47.365 47.335 47.323 47.308 47.275 47.263 47.238 47.168 47.145 47.11 47.073
