LIDAR/se2988_DTM_2M.asc
ncols 500
nrows 500
xllcorner    429000
yllcorner    488000
cellsize     2
NODATA_value -9999
[rows 128 to 159 of 500, columns 144 to 215 of 500]
35.523 35.406 35.388 35.368 35.313 35.298 35.311 35.361 35.431 35.518 35.551 35.561 35.606 35.621 35.638 35.666 35.648 35.706 35.706 35.703 35.728 35.748 35.771 35.756 35.768 35.788 35.806 35.823 35.823 35.828 35.851 35.863 35.861 35.871 35.856 35.861 35.896 35.961 35.963 35.986 36.028 36.043 36.048 36.088 36.143 36.168 36.166 36.203 36.201 36.193 36.216 36.186 36.216 36.218 36.208 36.228 36.25 36.223 36.238 36.225 36.233 36.258 36.248 36.243 36.24 36.263 36.28 36.28 36.275 36.258 36.26 36.253
35.573 35.461 35.418 35.411 35.361 35.318 35.348 35.361 35.428 35.513 35.593 35.621 35.636 35.668 35.696 35.706 35.711 35.728 35.743 35.741 35.761 35.783 35.788 35.761 35.786 35.816 35.828 35.846 35.853 35.846 35.871 35.893 35.886 35.913 35.913 35.906 35.933 35.988 35.998 36.036 36.066 36.061 36.083 36.103 36.141 36.168 36.176 36.181 36.218 36.211 36.223 36.231 36.228 36.226 36.231 36.233 36.27 36.245 36.253 36.235 36.245 36.27 36.243 36.228 36.26 36.295 36.333 36.303 36.298 36.278 36.278 36.293
35.646 35.526 35.433 35.456 35.443 35.403 35.368 35.371 35.426 35.493 35.603 35.646 35.661 35.686 35.698 35.721 35.753 35.748 35.746 35.788 35.791 35.813 35.793 35.796 35.831 35.836 35.828 35.858 35.851 35.863 35.906 35.891 35.908 35.938 35.963 35.956 35.966 36.008 36.033 36.076 36.078 36.123 36.113 36.113 36.151 36.191 36.201 36.226 36.236 36.246 36.261 36.251 36.238 36.251 36.251 36.251 36.24 36.263 36.273 36.22 36.23 36.258 36.228 36.25 36.27 36.303 36.308 36.305 36.315 36.318 36.308 36.303
35.636 35.523 35.466 35.466 35.458 35.406 35.353 35.383 35.448 35.496 35.556 35.643 35.663 35.696 35.733 35.743 35.753 35.771 35.771 35.801 35.803 35.821 35.838 35.823 35.831 35.838 35.861 35.883 35.876 35.896 35.918 35.916 35.938 35.966 36.001 36.001 36.028 36.041 36.068 36.071 36.091 36.146 36.133 36.141 36.176 36.213 36.223 36.236 36.273 36.248 36.238 36.253 36.261 36.246 36.248 36.236 36.243 36.253 36.278 36.245 36.243 36.265 36.275 36.263 36.258 36.288 36.308 36.333 36.323 36.323 36.333 36.325
35.703 35.626 35.538 35.458 35.458 35.453 35.413 35.386 35.446 35.516 35.551 35.643 35.688 35.706 35.743 35.768 35.756 35.776 35.786 35.828 35.833 35.831 35.863 35.861 35.843 35.853 35.881 35.918 35.913 35.916 35.951 35.938 35.971 36.003 36.033 36.038 36.051 36.068 36.093 36.126 36.123 36.143 36.166 36.158 36.173 36.223 36.241 36.231 36.271 36.256 36.261 36.276 36.281 36.261 36.261 36.246 36.25 36.238 36.258 36.258 36.255 36.278 36.293 36.275 36.29 36.293 36.32 36.345 36.36 36.355 36.348 36.338
35.776 35.693 35.566 35.443 35.451 35.491 35.461 35.416 35.448 35.511 35.573 35.636 35.711 35.716 35.748 35.766 35.788 35.781 35.823 35.838 35.833 35.843 35.851 35.888 35.893 35.883 35.926 35.948 35.951 35.973 35.981 35.996 36.006 36.033 36.038 36.068 36.096 36.113 36.113 36.133 36.131 36.151 36.191 36.193 36.203 36.223 36.233 36.268 36.261 36.256 36.263 36.268 36.263 36.286 36.271 36.271 36.243 36.255 36.27 36.268 36.275 36.28 36.305 36.295 36.313 36.313 36.35 36.368 36.368 36.375 36.37 36.363
35.851 35.746 35.621 35.541 35.466 35.491 35.488 35.491 35.496 35.526 35.558 35.593 35.676 35.753 35.763 35.771 35.803 35.828 35.826 35.851 35.861 35.898 35.901 35.933 35.928 35.926 35.928 35.963 35.991 36.018 36.036 36.043 36.051 36.058 36.076 36.116 36.133 36.151 36.168 36.151 36.171 36.186 36.211 36.231 36.238 36.236 36.238 36.281 36.281 36.278 36.273 36.273 36.296 36.263 36.273 36.268 36.268 36.258 36.27 36.283 36.29 36.28 36.28 36.318 36.328 36.335 36.355 36.35 36.368 36.368 36.39 36.378
35.918 35.833 35.736 35.668 35.546 35.473 35.473 35.473 35.533 35.551 35.568 35.556 35.636 35.763 35.781 35.758 35.798 35.831 35.856 35.878 35.881 35.911 35.948 35.943 35.971 35.951 35.938 35.978 36.031 36.043 36.088 36.091 36.088 36.091 36.123 36.148 36.186 36.166 36.181 36.168 36.221 36.223 36.238 36.233 36.243 36.261 36.261 36.281 36.276 36.266 36.283 36.273 36.291 36.293 36.286 36.291 36.265 36.253 36.265 36.283 36.278 36.283 36.293 36.32 36.325 36.328 36.358 36.373 36.393 36.393 36.39 36.378
35.966 35.906 35.811 35.713 35.598 35.503 35.483 35.473 35.543 35.573 35.588 35.591 35.628 35.726 35.786 35.778 35.783 35.851 35.861 35.893 35.911 35.928 35.958 35.958 35.998 35.993 35.986 36.016 36.048 36.073 36.108 36.123 36.136 36.143 36.161 36.166 36.196 36.213 36.198 36.193 36.233 36.241 36.253 36.258 36.263 36.291 36.263 36.263 36.303 36.276 36.298 36.303 36.288 36.283 36.308 36.296 36.275 36.275 36.26 36.255 36.29 36.288 36.303 36.315 36.35 36.345 36.348 36.38 36.385 36.4 36.4 36.41
36.003 35.961 35.896 35.821 35.711 35.588 35.513 35.516 35.531 35.566 35.591 35.606 35.628 35.696 35.766 35.801 35.803 35.858 35.886 35.911 35.923 35.943 35.976 35.998 36.018 36.048 36.036 36.026 36.076 36.108 36.118 36.148 36.146 36.158 36.186 36.198 36.236 36.248 36.246 36.231 36.223 36.253 36.256 36.271 36.271 36.301 36.281 36.281 36.271 36.298 36.306 36.326 36.301 36.291 36.286 36.306 36.275 36.305 36.293 36.273 36.315 36.323 36.32 36.318 36.35 36.358 36.355 36.385 36.405 36.398 36.398 36.393
36.001 36.031 35.976 35.903 35.806 35.711 35.571 35.578 35.536 35.546 35.596 35.618 35.613 35.663 35.761 35.836 35.818 35.856 35.898 35.936 35.933 35.966 36.001 36.026 36.038 36.083 36.068 36.083 36.093 36.138 36.158 36.151 36.181 36.213 36.206 36.203 36.233 36.251 36.266 36.268 36.248 36.276 36.261 36.286 36.288 36.296 36.283 36.273 36.278 36.281 36.313 36.326 36.321 36.306 36.308 36.321 36.315 36.305 36.323 36.275 36.293 36.32 36.34 36.338 36.358 36.363 36.36 36.38 36.39 36.41 36.393 36.4
35.986 36.008 36.003 35.963 35.898 35.801 35.681 35.648 35.613 35.573 35.578 35.633 35.663 35.681 35.726 35.823 35.851 35.868 35.896 35.973 35.976 35.986 36.011 36.048 36.071 36.101 36.113 36.116 36.133 36.161 36.191 36.193 36.221 36.241 36.223 36.213 36.243 36.258 36.258 36.281 36.281 36.261 36.288 36.288 36.283 36.283 36.308 36.298 36.283 36.301 36.336 36.313 36.326 36.323 36.333 36.316 36.335 36.333 36.325 36.325 36.3 36.333 36.348 36.363 36.33 36.343 36.358 36.373 36.363 36.4 36.405 36.405
35.963 35.986 36.061 36.043 35.996 35.898 35.813 35.661 35.646 35.608 35.563 35.606 35.656 35.726 35.706 35.776 35.808 35.876 35.908 35.948 36.001 36.011 36.043 36.063 36.091 36.118 36.123 36.151 36.138 36.163 36.183 36.213 36.238 36.271 36.228 36.246 36.278 36.281 36.266 36.306 36.296 36.288 36.268 36.301 36.308 36.318 36.318 36.316 36.283 36.313 36.331 36.343 36.343 36.353 36.346 36.353 36.338 36.335 36.36 36.355 36.34 36.345 36.358 36.388 36.365 36.353 36.358 36.375 36.375 36.388 36.398 36.403
35.968 35.986 36.041 36.091 36.028 35.931 35.881 35.703 35.646 35.623 35.581 35.598 35.658 35.751 35.751 35.763 35.816 35.868 35.923 35.903 35.983 36.043 36.068 36.073 36.118 36.126 36.131 36.176 36.156 36.198 36.218 36.238 36.253 36.273 36.258 36.266 36.283 36.298 36.293 36.306 36.331 36.291 36.288 36.303 36.336 36.321 36.313 36.308 36.306 36.321 36.333 36.351 36.363 36.371 36.373 36.371 36.35 36.368 36.363 36.388 36.363 36.335 36.345 36.368 36.373 36.378 36.385 36.378 36.37 36.388 36.395 36.403
35.973 36.006 35.993 36.053 36.081 36.003 35.883 35.753 35.638 35.653 35.646 35.633 35.658 35.751 35.796 35.773 35.816 35.876 35.923 35.891 35.966 36.068 36.098 36.076 36.088 36.158 36.178 36.161 36.188 36.213 36.193 36.236 36.276 36.288 36.276 36.281 36.281 36.296 36.316 36.296 36.333 36.308 36.296 36.306 36.321 36.318 36.316 36.353 36.336 36.338 36.348 36.336 36.383 36.373 36.361 36.391 36.385 36.375 36.375 36.39 36.378 36.365 36.365 36.395 36.413 36.395 36.37 36.378 36.37 36.355 36.375 36.378
35.956 36.016 36.026 36.046 36.078 36.083 35.981 35.851 35.728 35.686 35.683 35.663 35.666 35.721 35.773 35.816 35.828 35.866 35.928 35.938 35.951 36.036 36.103 36.118 36.096 36.146 36.183 36.173 36.203 36.231 36.221 36.228 36.258 36.271 36.273 36.268 36.268 36.291 36.316 36.291 36.326 36.316 36.311 36.328 36.338 36.333 36.353 36.368 36.353 36.356 36.366 36.371 36.371 36.386 36.413 36.396 36.398 36.393 36.415 36.403 36.403 36.375 36.375 36.368 36.393 36.385 36.383 36.383 36.375 36.335 36.343 36.363
35.938 36.006 36.043 36.071 36.096 36.171 36.133 35.966 35.873 35.766 35.706 35.698 35.676 35.743 35.763 35.841 35.883 35.891 35.926 35.936 35.963 36.023 36.083 36.098 36.118 36.136 36.183 36.178 36.206 36.233 36.238 36.243 36.278 36.266 36.278 36.276 36.258 36.278 36.291 36.318 36.308 36.306 36.301 36.306 36.341 36.333 36.341 36.353 36.378 36.363 36.366 36.378 36.406 36.403 36.421 36.391 36.403 36.393 36.395 36.405 36.398 36.393 36.39 36.373 36.395 36.388 36.385 36.378 36.388 36.365 36.345 36.34
35.916 35.966 36.018 36.073 36.093 36.168 36.243 36.086 35.943 35.858 35.786 35.731 35.701 35.731 35.773 35.806 35.866 35.881 35.913 35.933 35.958 35.988 36.063 36.101 36.141 36.156 36.191 36.188 36.198 36.218 36.223 36.258 36.273 36.268 36.281 36.273 36.258 36.283 36.281 36.301 36.306 36.321 36.316 36.311 36.336 36.331 36.338 36.346 36.386 36.383 36.378 36.386 36.423 36.413 36.433 36.413 36.42 36.42 36.405 36.41 36.41 36.385 36.373 36.373 36.39 36.383 36.398 36.385 36.375 36.375 36.368 36.32
35.896 35.933 35.978 36.026 36.053 36.121 36.153 36.106 36.006 35.928 35.868 35.841 35.753 35.731 35.758 35.768 35.803 35.893 35.908 35.911 35.961 35.978 36.043 36.096 36.136 36.166 36.191 36.198 36.178 36.186 36.198 36.231 36.248 36.261 36.246 36.261 36.263 36.266 36.283 36.291 36.316 36.321 36.316 36.336 36.321 36.348 36.358 36.358 36.386 36.396 36.396 36.401 36.413 36.431 36.438 36.431 36.428 36.44 36.43 36.4 36.383 36.353 36.39 36.38 36.378 36.383 36.385 36.36 36.36 36.358 36.368 36.358
35.843 35.931 35.963 35.958 36.011 36.096 36.101 36.118 36.078 35.953 35.931 35.908 35.821 35.796 35.801 35.801 35.821 35.868 35.926 35.928 35.943 35.978 36.001 36.076 36.121 36.148 36.153 36.178 36.198 36.186 36.216 36.233 36.246 36.258 36.231 36.231 36.251 36.256 36.268 36.261 36.298 36.306 36.308 36.336 36.321 36.331 36.371 36.391 36.393 36.401 36.401 36.416 36.421 36.433 36.413 36.423 36.44 36.433 36.405 36.4 36.378 36.383 36.393 36.395 36.373 36.358 36.368 36.363 36.36 36.34 36.345 36.343
35.816 35.886 35.943 35.981 36.013 36.066 36.116 36.113 36.118 36.026 35.938 35.958 35.888 35.851 35.866 35.861 35.826 35.861 35.918 35.951 35.948 35.968 35.973 36.036 36.103 36.123 36.136 36.171 36.201 36.198 36.201 36.223 36.218 36.223 36.243 36.231 36.248 36.263 36.248 36.273 36.298 36.313 36.301 36.338 36.313 36.358 36.351 36.373 36.381 36.401 36.416 36.436 36.418 36.421 36.408 36.433 36.428 36.425 36.433 36.428 36.395 36.395 36.385 36.388 36.383 36.368 36.35 36.355 36.37 36.338 36.328 36.3
35.791 35.838 35.888 35.943 36.008 36.026 36.078 36.123 36.166 36.143 36.018 35.966 35.936 35.916 35.898 35.896 35.843 35.856 35.901 35.926 35.958 35.976 35.986 36.016 36.053 36.113 36.131 36.136 36.191 36.201 36.191 36.206 36.218 36.208 36.216 36.218 36.238 36.253 36.221 36.253 36.291 36.298 36.338 36.333 36.343 36.351 36.356 36.366 36.371 36.391 36.398 36.408 36.408 36.413 36.426 36.423 36.423 36.433 36.435 36.418 36.393 36.363 36.378 36.373 36.375 36.358 36.358 36.348 36.35 36.328 36.32 36.325
35.791 35.856 35.878 35.908 35.971 36.018 36.103 36.121 36.233 36.196 36.106 36.008 36.003 35.968 35.936 35.928 35.928 35.873 35.856 35.876 35.911 35.963 35.983 36.011 36.023 36.091 36.123 36.118 36.156 36.191 36.183 36.191 36.206 36.213 36.196 36.206 36.231 36.233 36.231 36.258 36.288 36.291 36.341 36.328 36.363 36.373 36.353 36.388 36.366 36.391 36.376 36.413 36.433 36.418 36.406 36.403 36.411 36.406 36.413 36.421 36.393 36.383 36.386 36.371 36.358 36.346 36.358 36.348 36.331 36.333 36.318 36.321
35.778 35.863 35.853 35.873 35.886 35.973 36.066 36.086 36.186 36.188 36.156 36.108 36.063 36.013 36.006 35.981 35.936 35.938 35.883 35.868 35.891 35.941 35.958 36.003 35.976 36.033 36.076 36.123 36.148 36.151 36.176 36.176 36.196 36.196 36.183 36.193 36.221 36.243 36.231 36.286 36.283 36.283 36.321 36.331 36.343 36.381 36.363 36.361 36.361 36.376 36.396 36.416 36.413 36.426 36.408 36.401 36.423 36.413 36.398 36.428 36.403 36.371 36.356 36.346 36.366 36.341 36.323 36.341 36.336 36.331 36.331 36.316
35.748 35.786 35.796 35.883 35.953 35.958 36.023 36.028 36.141 36.176 36.176 36.168 36.108 36.068 36.033 36.013 35.983 35.961 35.943 35.893 35.896 35.916 35.966 36.013 36.003 35.993 36.036 36.108 36.143 36.143 36.158 36.173 36.201 36.191 36.208 36.191 36.231 36.238 36.258 36.258 36.308 36.306 36.323 36.326 36.323 36.351 36.348 36.341 36.361 36.361 36.398 36.376 36.376 36.393 36.383 36.391 36.416 36.403 36.378 36.371 36.386 36.376 36.351 36.346 36.333 36.348 36.308 36.298 36.308 36.303 36.306 36.303
35.746 35.773 35.811 35.861 35.911 35.923 35.946 35.996 36.066 36.163 36.221 36.258 36.163 36.121 36.061 36.041 36.031 36.008 35.996 35.973 35.923 35.903 35.906 35.956 35.996 35.948 35.948 36.041 36.103 36.136 36.143 36.151 36.181 36.176 36.186 36.198 36.221 36.236 36.261 36.273 36.306 36.313 36.356 36.321 36.318 36.328 36.346 36.346 36.358 36.353 36.361 36.373 36.366 36.393 36.373 36.366 36.371 36.381 36.371 36.368 36.371 36.381 36.348 36.323 36.318 36.331 36.301 36.281 36.288 36.303 36.283 36.271
35.658 35.753 35.811 35.828 35.863 35.903 35.963 36.018 36.038 36.113 36.146 36.241 36.213 36.191 36.176 36.098 36.058 36.043 36.013 36.003 35.983 35.926 35.938 35.951 35.998 35.991 35.943 35.956 36.013 36.086 36.123 36.161 36.178 36.171 36.196 36.231 36.246 36.256 36.278 36.276 36.283 36.298 36.311 36.298 36.291 36.323 36.341 36.338 36.331 36.333 36.341 36.353 36.351 36.351 36.368 36.356 36.366 36.376 36.373 36.348 36.343 36.338 36.348 36.323 36.313 36.281 36.293 36.281 36.273 36.281 36.256 36.278
35.668 35.696 35.766 35.826 35.866 35.893 35.956 35.986 36.021 36.121 36.106 36.158 36.173 36.238 36.273 36.198 36.108 36.066 36.071 36.048 36.028 35.988 35.938 35.961 35.961 36.011 36.003 35.973 35.966 36.031 36.086 36.148 36.181 36.213 36.226 36.238 36.241 36.253 36.273 36.281 36.268 36.291 36.288 36.283 36.278 36.286 36.323 36.323 36.313 36.336 36.341 36.363 36.353 36.348 36.353 36.363 36.348 36.331 36.346 36.338 36.326 36.328 36.348 36.326 36.311 36.271 36.271 36.268 36.268 36.261 36.263 36.266
35.678 35.671 35.733 35.803 35.836 35.866 35.886 35.943 35.986 36.026 36.053 36.148 36.176 36.238 36.271 36.228 36.188 36.151 36.156 36.091 36.051 36.048 36.008 35.961 35.928 35.946 36.023 36.003 36.013 36.006 36.068 36.106 36.173 36.201 36.218 36.233 36.241 36.246 36.278 36.283 36.273 36.301 36.291 36.286 36.283 36.283 36.306 36.303 36.316 36.343 36.333 36.331 36.318 36.323 36.323 36.341 36.336 36.328 36.336 36.333 36.326 36.306 36.296 36.296 36.281 36.261 36.256 36.258 36.243 36.268 36.253 36.251
35.593 35.688 35.671 35.758 35.778 35.828 35.911 35.948 35.976 36.028 36.058 36.123 36.193 36.206 36.276 36.266 36.256 36.233 36.176 36.141 36.148 36.123 36.063 36.031 35.963 35.948 35.978 36.008 36.028 36.008 36.051 36.086 36.131 36.168 36.193 36.218 36.236 36.236 36.248 36.271 36.278 36.273 36.283 36.291 36.276 36.303 36.306 36.311 36.291 36.293 36.296 36.298 36.296 36.293 36.293 36.316 36.323 36.316 36.321 36.306 36.303 36.293 36.291 36.283 36.278 36.256 36.221 36.228 36.213 36.233 36.236 36.226
35.468 35.613 35.656 35.706 35.743 35.816 35.886 35.968 35.983 36.041 36.103 36.108 36.166 36.193 36.273 36.296 36.311 36.308 36.241 36.193 36.163 36.116 36.126 36.113 36.041 35.983 35.966 35.981 35.991 36.033 36.046 36.053 36.088 36.133 36.153 36.181 36.233 36.258 36.263 36.288 36.251 36.261 36.261 36.281 36.288 36.283 36.291 36.278 36.261 36.248 36.281 36.273 36.271 36.273 36.273 36.291 36.283 36.286 36.308 36.296 36.271 36.276 36.271 36.286 36.263 36.233 36.218 36.226 36.236 36.241 36.238 36.231
35.428 35.541 35.663 35.728 35.731 35.803 35.841 35.928 35.951 36.031 36.076 36.088 36.141 36.181 36.233 36.281 36.331 36.356 36.323 36.253 36.181 36.133 36.168 36.228 36.121 36.066 36.018 35.983 36.001 36.043 36.048 36.041 36.048 36.098 36.118 36.158 36.173 36.196 36.243 36.253 36.251 36.243 36.263 36.286 36.301 36.278 36.288 36.271 36.251 36.256 36.261 36.283 36.266 36.258 36.273 36.291 36.278 36.291 36.278 36.291 36.253 36.248 36.246 36.251 36.243 36.228 36.218 36.218 36.226 36.216 36.181 36.201
