LIDAR/se2988_DTM_2M.asc
ncols 500
nrows 500
xllcorner    429000
yllcorner    488000
cellsize     2
NODATA_value -9999
[rows 224 to 255 of 500, columns 288 to 359 of 500]
37.686 37.686 37.691 37.721 37.751 37.761 37.793 37.788 37.808 37.813 37.838 37.856 37.853 37.865 37.878 37.843 37.84 37.84 37.87 37.813 37.888 37.91 37.935 37.958 37.975 37.973 37.973 37.963 37.963 37.953 37.945 37.96 37.945 37.948 37.983 38.01 37.998 37.995 38.003 37.998 37.968 37.995 37.97 37.955 37.96 37.96 37.963 37.98 37.975 37.983 37.978 37.95 37.945 37.938 37.918 37.898 37.898 37.898 37.86 37.84 37.828 37.808 37.785 37.743 37.69 37.663 37.628 37.575 37.545 37.5 37.463 37.46
37.646 37.651 37.686 37.713 37.741 37.753 37.748 37.788 37.781 37.798 37.813 37.823 37.843 37.84 37.835 37.79 37.785 37.803 37.833 37.815 37.82 37.9 37.925 37.948 37.948 37.958 37.965 37.93 37.915 37.918 37.918 37.93 37.933 37.945 37.98 37.978 37.993 37.985 37.978 37.98 37.963 37.955 37.96 37.948 37.925 37.943 37.943 37.95 37.93 37.963 37.938 37.918 37.908 37.915 37.903 37.868 37.85 37.84 37.833 37.815 37.788 37.743 37.725 37.683 37.685 37.668 37.62 37.553 37.553 37.503 37.455 37.44
37.631 37.633 37.653 37.653 37.706 37.733 37.728 37.753 37.753 37.778 37.803 37.798 37.798 37.808 37.8 37.77 37.775 37.785 37.808 37.823 37.798 37.888 37.915 37.925 37.93 37.92 37.933 37.905 37.89 37.87 37.878 37.888 37.905 37.928 37.953 37.965 37.985 37.973 37.935 37.948 37.93 37.92 37.92 37.925 37.91 37.918 37.915 37.905 37.898 37.918 37.9 37.885 37.898 37.888 37.87 37.85 37.833 37.823 37.78 37.77 37.743 37.69 37.683 37.663 37.655 37.615 37.605 37.568 37.51 37.473 37.428 37.418
37.626 37.628 37.641 37.651 37.688 37.703 37.726 37.741 37.736 37.748 37.766 37.748 37.745 37.748 37.733 37.765 37.753 37.74 37.768 37.793 37.82 37.825 37.903 37.893 37.905 37.923 37.905 37.895 37.883 37.865 37.848 37.865 37.895 37.915 37.918 37.945 37.96 37.948 37.918 37.903 37.895 37.878 37.888 37.898 37.895 37.883 37.895 37.893 37.88 37.875 37.88 37.875 37.863 37.85 37.825 37.815 37.783 37.775 37.745 37.73 37.7 37.678 37.648 37.62 37.615 37.605 37.585 37.54 37.518 37.465 37.44 37.405
37.606 37.598 37.626 37.656 37.673 37.673 37.721 37.713 37.713 37.713 37.721 37.711 37.715 37.725 37.725 37.733 37.75 37.753 37.773 37.768 37.783 37.763 37.828 37.835 37.875 37.878 37.865 37.87 37.863 37.863 37.863 37.845 37.858 37.878 37.885 37.885 37.88 37.903 37.913 37.875 37.87 37.865 37.85 37.863 37.85 37.85 37.873 37.868 37.858 37.85 37.843 37.835 37.843 37.825 37.803 37.783 37.753 37.725 37.71 37.693 37.67 37.638 37.61 37.603 37.593 37.588 37.575 37.53 37.513 37.468 37.428 37.388
37.583 37.598 37.628 37.621 37.646 37.673 37.678 37.668 37.676 37.651 37.678 37.688 37.693 37.713 37.72 37.71 37.73 37.743 37.76 37.76 37.77 37.73 37.768 37.813 37.823 37.845 37.85 37.878 37.868 37.845 37.85 37.858 37.838 37.85 37.838 37.853 37.86 37.875 37.893 37.863 37.843 37.823 37.815 37.84 37.833 37.85 37.825 37.83 37.82 37.808 37.82 37.82 37.8 37.78 37.77 37.74 37.695 37.675 37.653 37.643 37.653 37.623 37.61 37.608 37.59 37.583 37.575 37.515 37.51 37.46 37.408 37.385
37.551 37.583 37.578 37.601 37.631 37.618 37.636 37.633 37.643 37.623 37.631 37.666 37.658 37.68 37.705 37.72 37.73 37.74 37.73 37.718 37.728 37.72 37.703 37.758 37.773 37.805 37.84 37.86 37.848 37.833 37.815 37.828 37.79 37.82 37.793 37.808 37.828 37.848 37.868 37.853 37.823 37.808 37.785 37.808 37.818 37.813 37.805 37.805 37.79 37.795 37.793 37.76 37.735 37.74 37.708 37.693 37.655 37.643 37.655 37.625 37.615 37.6 37.578 37.573 37.575 37.54 37.533 37.508 37.49 37.448 37.418 37.343
37.536 37.561 37.571 37.576 37.566 37.601 37.598 37.611 37.606 37.601 37.616 37.608 37.65 37.67 37.68 37.703 37.708 37.698 37.703 37.69 37.685 37.718 37.663 37.735 37.768 37.78 37.82 37.838 37.835 37.818 37.795 37.788 37.78 37.758 37.775 37.795 37.81 37.858 37.855 37.838 37.79 37.778 37.758 37.753 37.788 37.788 37.783 37.758 37.738 37.753 37.75 37.725 37.723 37.693 37.683 37.665 37.638 37.628 37.61 37.63 37.61 37.608 37.563 37.558 37.535 37.535 37.51 37.475 37.473 37.433 37.38 37.33
37.531 37.538 37.538 37.538 37.533 37.531 37.536 37.566 37.571 37.568 37.586 37.611 37.623 37.653 37.653 37.665 37.673 37.68 37.668 37.648 37.648 37.67 37.635 37.66 37.73 37.773 37.778 37.803 37.81 37.783 37.775 37.755 37.763 37.76 37.778 37.78 37.775 37.815 37.788 37.785 37.768 37.748 37.74 37.748 37.748 37.745 37.743 37.725 37.738 37.725 37.69 37.665 37.668 37.643 37.653 37.615 37.618 37.618 37.61 37.585 37.578 37.563 37.553 37.518 37.495 37.505 37.473 37.46 37.453 37.405 37.348 37.293
37.506 37.511 37.491 37.493 37.496 37.486 37.528 37.513 37.551 37.553 37.578 37.618 37.623 37.623 37.633 37.635 37.64 37.638 37.64 37.64 37.625 37.638 37.623 37.603 37.7 37.718 37.745 37.765 37.75 37.763 37.748 37.75 37.768 37.748 37.745 37.735 37.755 37.775 37.748 37.763 37.768 37.75 37.73 37.725 37.73 37.713 37.713 37.71 37.693 37.693 37.665 37.645 37.633 37.62 37.63 37.635 37.613 37.628 37.618 37.59 37.57 37.555 37.515 37.505 37.495 37.47 37.45 37.448 37.403 37.373 37.335 37.29
37.486 37.463 37.448 37.466 37.463 37.456 37.481 37.498 37.533 37.553 37.586 37.586 37.588 37.588 37.598 37.603 37.618 37.608 37.628 37.603 37.593 37.595 37.595 37.595 37.628 37.678 37.678 37.723 37.728 37.765 37.74 37.763 37.76 37.728 37.723 37.705 37.715 37.703 37.728 37.733 37.743 37.728 37.71 37.698 37.703 37.675 37.678 37.695 37.643 37.645 37.625 37.633 37.605 37.618 37.613 37.615 37.613 37.608 37.598 37.573 37.548 37.55 37.523 37.503 37.468 37.435 37.41 37.395 37.37 37.333 37.285 37.238
37.456 37.436 37.428 37.421 37.443 37.456 37.468 37.503 37.523 37.548 37.543 37.563 37.565 37.575 37.565 37.55 37.558 37.573 37.593 37.583 37.563 37.558 37.575 37.598 37.56 37.618 37.638 37.673 37.708 37.738 37.738 37.735 37.74 37.705 37.703 37.678 37.69 37.683 37.683 37.688 37.688 37.683 37.68 37.67 37.68 37.66 37.658 37.653 37.633 37.61 37.6 37.593 37.6 37.598 37.603 37.603 37.608 37.58 37.58 37.578 37.538 37.53 37.52 37.48 37.455 37.405 37.4 37.358 37.315 37.273 37.243 37.163
37.416 37.408 37.413 37.393 37.418 37.441 37.456 37.481 37.506 37.516 37.513 37.521 37.515 37.525 37.528 37.525 37.535 37.535 37.548 37.555 37.56 37.528 37.513 37.558 37.51 37.56 37.603 37.628 37.66 37.713 37.72 37.713 37.713 37.7 37.665 37.653 37.655 37.64 37.643 37.658 37.65 37.663 37.675 37.663 37.625 37.63 37.618 37.605 37.593 37.575 37.565 37.57 37.59 37.588 37.605 37.61 37.59 37.568 37.56 37.55 37.543 37.505 37.49 37.45 37.433 37.38 37.333 37.318 37.27 37.25 37.213 37.15
37.398 37.416 37.391 37.411 37.446 37.438 37.446 37.466 37.488 37.501 37.498 37.511 37.488 37.48 37.475 37.503 37.503 37.513 37.533 37.53 37.51 37.498 37.483 37.503 37.478 37.483 37.56 37.6 37.625 37.67 37.688 37.678 37.675 37.665 37.653 37.63 37.613 37.603 37.615 37.603 37.63 37.618 37.645 37.6 37.585 37.598 37.578 37.57 37.575 37.573 37.545 37.568 37.598 37.583 37.585 37.583 37.56 37.568 37.555 37.535 37.515 37.493 37.463 37.415 37.405 37.353 37.308 37.275 37.225 37.195 37.15 37.13
37.418 37.386 37.403 37.408 37.436 37.433 37.448 37.451 37.456 37.461 37.471 37.451 37.453 37.44 37.435 37.455 37.458 37.478 37.498 37.488 37.475 37.45 37.463 37.48 37.463 37.45 37.518 37.568 37.58 37.615 37.64 37.66 37.655 37.645 37.643 37.613 37.555 37.553 37.56 37.565 37.588 37.583 37.593 37.593 37.568 37.568 37.533 37.54 37.555 37.55 37.545 37.553 37.555 37.54 37.54 37.565 37.538 37.548 37.545 37.52 37.498 37.473 37.42 37.395 37.353 37.318 37.285 37.238 37.175 37.128 37.108 37.1
37.416 37.403 37.408 37.408 37.423 37.408 37.418 37.413 37.443 37.428 37.421 37.416 37.413 37.418 37.428 37.423 37.445 37.435 37.448 37.458 37.438 37.43 37.44 37.45 37.453 37.448 37.44 37.51 37.54 37.568 37.59 37.628 37.638 37.625 37.598 37.565 37.52 37.518 37.523 37.528 37.545 37.548 37.56 37.55 37.515 37.53 37.545 37.54 37.558 37.563 37.54 37.533 37.528 37.54 37.528 37.528 37.515 37.525 37.498 37.49 37.473 37.44 37.405 37.355 37.32 37.273 37.233 37.163 37.128 37.103 37.093 37.075
37.401 37.401 37.396 37.396 37.428 37.413 37.396 37.383 37.363 37.373 37.373 37.368 37.383 37.378 37.383 37.383 37.408 37.39 37.408 37.388 37.378 37.42 37.42 37.43 37.418 37.443 37.405 37.445 37.488 37.533 37.553 37.58 37.59 37.565 37.54 37.52 37.503 37.498 37.49 37.498 37.493 37.508 37.513 37.498 37.498 37.51 37.518 37.55 37.533 37.535 37.518 37.508 37.525 37.513 37.53 37.508 37.51 37.493 37.47 37.448 37.42 37.408 37.368 37.333 37.285 37.228 37.178 37.115 37.09 37.093 37.085 37.048
37.403 37.398 37.398 37.398 37.401 37.401 37.366 37.363 37.346 37.318 37.313 37.308 37.358 37.335 37.348 37.353 37.355 37.358 37.365 37.358 37.41 37.413 37.405 37.405 37.405 37.393 37.373 37.4 37.453 37.475 37.51 37.515 37.533 37.525 37.528 37.505 37.48 37.468 37.47 37.47 37.445 37.46 37.458 37.473 37.483 37.5 37.508 37.523 37.508 37.503 37.51 37.495 37.49 37.498 37.495 37.498 37.488 37.458 37.443 37.428 37.403 37.38 37.325 37.288 37.24 37.188 37.143 37.128 37.083 37.063 37.045 37.003
37.396 37.398 37.401 37.413 37.363 37.341 37.328 37.336 37.306 37.281 37.268 37.271 37.295 37.3 37.303 37.295 37.3 37.32 37.335 37.348 37.39 37.398 37.4 37.35 37.345 37.358 37.348 37.315 37.393 37.413 37.443 37.473 37.508 37.47 37.495 37.485 37.475 37.455 37.423 37.413 37.413 37.415 37.435 37.46 37.488 37.495 37.485 37.49 37.5 37.48 37.485 37.485 37.48 37.49 37.478 37.473 37.44 37.45 37.425 37.405 37.37 37.318 37.308 37.23 37.195 37.175 37.138 37.105 37.075 37.033 37.005 36.973
37.378 37.393 37.343 37.363 37.328 37.306 37.288 37.298 37.253 37.231 37.241 37.223 37.235 37.238 37.25 37.248 37.28 37.29 37.328 37.333 37.34 37.345 37.355 37.325 37.328 37.328 37.335 37.29 37.368 37.375 37.39 37.428 37.435 37.468 37.465 37.433 37.435 37.42 37.388 37.393 37.393 37.385 37.44 37.445 37.463 37.478 37.47 37.46 37.475 37.493 37.488 37.465 37.45 37.46 37.448 37.435 37.418 37.42 37.403 37.36 37.323 37.278 37.23 37.208 37.173 37.15 37.158 37.098 37.053 37.028 36.995 36.968
37.361 37.353 37.343 37.351 37.321 37.281 37.266 37.246 37.223 37.206 37.183 37.186 37.173 37.185 37.215 37.218 37.255 37.255 37.288 37.29 37.298 37.303 37.328 37.33 37.31 37.315 37.29 37.295 37.26 37.315 37.315 37.355 37.37 37.405 37.41 37.41 37.398 37.383 37.375 37.378 37.363 37.383 37.403 37.408 37.418 37.438 37.445 37.433 37.443 37.453 37.443 37.453 37.428 37.415 37.415 37.423 37.405 37.38 37.353 37.315 37.263 37.243 37.213 37.193 37.17 37.153 37.145 37.1 37.063 37.01 36.97 36.94
37.318 37.321 37.336 37.326 37.298 37.273 37.243 37.216 37.191 37.168 37.146 37.158 37.173 37.17 37.185 37.223 37.22 37.22 37.223 37.235 37.248 37.258 37.288 37.285 37.3 37.278 37.275 37.265 37.2 37.243 37.268 37.285 37.345 37.35 37.365 37.365 37.355 37.368 37.38 37.368 37.36 37.358 37.37 37.365 37.395 37.42 37.438 37.428 37.408 37.438 37.413 37.408 37.388 37.378 37.38 37.373 37.37 37.345 37.313 37.245 37.235 37.2 37.215 37.203 37.163 37.14 37.133 37.098 37.028 36.99 36.948 36.923
37.303 37.296 37.296 37.281 37.261 37.236 37.211 37.188 37.171 37.148 37.123 37.123 37.113 37.133 37.16 37.185 37.195 37.19 37.185 37.205 37.208 37.24 37.245 37.245 37.265 37.25 37.255 37.213 37.183 37.17 37.218 37.25 37.288 37.295 37.328 37.338 37.353 37.36 37.383 37.348 37.328 37.318 37.34 37.34 37.373 37.408 37.42 37.4 37.413 37.41 37.378 37.378 37.373 37.368 37.36 37.325 37.3 37.285 37.275 37.225 37.213 37.195 37.175 37.163 37.16 37.133 37.09 37.08 37.01 36.985 36.94 36.908
37.276 37.261 37.246 37.258 37.248 37.223 37.171 37.126 37.126 37.123 37.088 37.091 37.103 37.103 37.133 37.153 37.158 37.173 37.165 37.173 37.178 37.205 37.198 37.218 37.228 37.238 37.195 37.16 37.163 37.1 37.19 37.183 37.223 37.248 37.295 37.318 37.358 37.333 37.328 37.328 37.318 37.3 37.34 37.333 37.34 37.383 37.393 37.385 37.383 37.373 37.343 37.343 37.335 37.343 37.303 37.295 37.268 37.24 37.238 37.23 37.208 37.173 37.17 37.168 37.155 37.13 37.088 37.048 37.028 36.995 36.948 36.908
37.273 37.246 37.218 37.223 37.218 37.181 37.166 37.121 37.113 37.093 37.096 37.106 37.085 37.088 37.088 37.11 37.118 37.13 37.138 37.138 37.133 37.15 37.158 37.175 37.178 37.168 37.158 37.14 37.118 37.085 37.09 37.158 37.19 37.228 37.245 37.298 37.303 37.303 37.305 37.318 37.325 37.305 37.328 37.33 37.333 37.343 37.345 37.353 37.34 37.325 37.323 37.315 37.29 37.29 37.268 37.245 37.223 37.215 37.208 37.215 37.183 37.158 37.148 37.153 37.098 37.085 37.078 37.04 37.02 36.985 36.945 36.903
37.243 37.221 37.191 37.171 37.178 37.148 37.153 37.118 37.103 37.108 37.083 37.076 37.058 37.055 37.043 37.058 37.078 37.068 37.093 37.095 37.11 37.11 37.123 37.138 37.113 37.138 37.138 37.103 37.083 37.058 37.035 37.12 37.155 37.208 37.22 37.255 37.27 37.29 37.285 37.295 37.325 37.313 37.315 37.308 37.32 37.293 37.303 37.31 37.295 37.288 37.288 37.263 37.25 37.243 37.225 37.218 37.205 37.21 37.205 37.193 37.173 37.155 37.16 37.14 37.105 37.088 37.055 37.028 37.02 36.98 36.938 36.903
37.203 37.19 37.178 37.16 37.135 37.118 37.12 37.113 37.11 37.085 37.075 37.063 37.048 36.995 37 37.025 37.045 37.04 37.058 37.068 37.065 37.07 37.063 37.053 37.065 37.078 37.088 37.06 37.04 37.03 37.003 37.068 37.123 37.175 37.188 37.21 37.26 37.278 37.27 37.293 37.285 37.268 37.28 37.28 37.275 37.268 37.275 37.285 37.26 37.258 37.24 37.213 37.175 37.198 37.2 37.183 37.2 37.165 37.178 37.17 37.17 37.158 37.148 37.105 37.113 37.08 37.065 37.025 37 36.983 36.943 36.923
37.223 37.185 37.16 37.12 37.12 37.108 37.103 37.105 37.08 37.065 37.053 37.038 37.008 37 36.985 36.99 37.003 37.01 37.035 37.035 37.02 37.028 37.02 37.013 37.023 37.013 37.028 37.04 37.025 37.015 36.985 36.988 37.083 37.125 37.145 37.183 37.22 37.235 37.265 37.27 37.26 37.248 37.268 37.24 37.223 37.22 37.223 37.22 37.203 37.215 37.173 37.155 37.12 37.16 37.18 37.185 37.16 37.148 37.145 37.155 37.145 37.135 37.128 37.11 37.095 37.073 37.038 37.023 37 36.97 36.945 36.938
37.213 37.173 37.143 37.105 37.12 37.108 37.103 37.095 37.078 37.058 37.053 37.008 37 36.97 36.953 36.958 36.983 36.985 36.978 36.983 36.993 36.98 36.978 36.97 36.983 36.963 36.98 37.038 37.048 37.018 37.005 36.978 37.05 37.1 37.11 37.145 37.175 37.208 37.235 37.245 37.233 37.228 37.218 37.19 37.185 37.195 37.18 37.155 37.18 37.155 37.143 37.143 37.133 37.148 37.155 37.143 37.14 37.143 37.118 37.113 37.12 37.123 37.103 37.105 37.09 37.073 37.06 37 36.995 36.963 36.953 36.94
37.198 37.178 37.153 37.135 37.125 37.088 37.068 37.078 37.06 37.053 37.03 36.993 36.985 36.97 36.948 36.953 36.955 36.953 36.948 36.933 36.938 36.92 36.92 36.925 36.93 36.938 37 37.013 37.018 37.013 37.003 36.965 36.998 37.058 37.103 37.135 37.148 37.185 37.17 37.188 37.21 37.19 37.168 37.16 37.135 37.125 37.15 37.12 37.113 37.115 37.143 37.12 37.11 37.128 37.125 37.125 37.128 37.143 37.135 37.1 37.108 37.108 37.103 37.085 37.09 37.063 37.033 37.003 37.005 36.995 36.935 36.925
37.19 37.183 37.16 37.13 37.1 37.078 37.038 37.04 37.043 37.033 36.998 36.968 36.975 36.945 36.93 36.925 36.91 36.933 36.933 36.913 36.895 36.9 36.89 36.9 36.93 36.925 36.958 36.97 36.993 37.005 36.993 36.973 36.938 37.035 37.068 37.1 37.105 37.123 37.13 37.148 37.153 37.14 37.123 37.12 37.118 37.085 37.085 37.075 37.075 37.095 37.115 37.108 37.115 37.118 37.135 37.123 37.12 37.108 37.095 37.088 37.098 37.095 37.078 37.083 37.075 37.045 37.05 37.02 37.028 36.983 36.943 36.9
37.173 37.178 37.148 37.128 37.108 37.07 37.053 37.033 37.025 37.01 36.99 36.973 36.955 36.943 36.918 36.898 36.895 36.885 36.888 36.875 36.87 36.858 36.875 36.888 36.893 36.898 36.943 36.948 36.97 36.993 36.983 36.968 36.945 36.985 37.008 37.04 37.063 37.068 37.07 37.09 37.11 37.09 37.08 37.078 37.055 37.048 37.038 37.03 37.05 37.08 37.078 37.088 37.108 37.088 37.078 37.09 37.103 37.083 37.073 37.065 37.085 37.073 37.085 37.073 37.075 37.075 37.058 37.043 37.015 36.968 36.953 36.91
