LIDAR/se2985_DTM_2M.asc
ncols 500
nrows 500
xllcorner    429000
yllcorner    485000
cellsize     2
NODATA_value -9999
[rows 288 to 319 of 500, columns 146 to 218 of 500]
29.246 29.146 29.099 29.084 29.086 29.069 29.071 29.069 29.049 29.049 29.094 29.184 29.304 29.384 29.589 29.774 29.851 29.844 29.876 29.894 30.041 30.179 30.036 29.806 29.896 29.949 29.969 29.941 29.919 29.921 29.941 29.859 29.891 29.846 29.804 29.806 29.816 29.781 29.701 29.636 29.581 29.556 29.566 29.574 29.591 29.551 29.541 29.541 29.534 29.524 29.436 29.421 29.459 29.494 29.516 29.596 29.704 29.799 29.921 30.011 30.176 30.256 30.269 30.249 30.301 30.356 30.379 30.419 30.391 30.379 30.359 30.366 30.314
29.166 29.061 29.049 29.049 29.054 29.041 29.039 29.089 29.101 29.084 29.084 29.169 29.314 29.431 29.639 29.806 29.869 29.901 29.976 30.021 30.076 30.166 30.006 29.786 29.884 29.946 29.941 29.926 29.881 29.889 29.881 29.856 29.831 29.841 29.824 29.814 29.819 29.814 29.729 29.674 29.644 29.631 29.624 29.634 29.594 29.609 29.604 29.594 29.604 29.536 29.489 29.479 29.536 29.594 29.711 29.784 29.851 29.996 30.146 30.211 30.281 30.334 30.351 30.386 30.371 30.384 30.429 30.421 30.411 30.389 30.346 30.346 30.316
29.084 29.066 29.069 29.061 29.051 29.076 29.079 29.089 29.114 29.154 29.084 29.169 29.371 29.526 29.606 29.699 29.811 29.849 29.899 29.929 29.946 30.001 29.874 29.821 29.911 29.964 29.959 29.926 29.884 29.889 29.874 29.869 29.841 29.806 29.796 29.821 29.861 29.879 29.831 29.811 29.829 29.804 29.769 29.746 29.646 29.579 29.574 29.616 29.594 29.529 29.529 29.621 29.749 29.854 29.984 30.061 30.049 30.166 30.239 30.281 30.334 30.374 30.411 30.436 30.431 30.406 30.431 30.456 30.459 30.401 30.356 30.331 30.329
29.074 29.056 29.066 29.054 29.046 29.104 29.144 29.099 29.119 29.179 29.181 29.269 29.426 29.526 29.491 29.509 29.609 29.656 29.634 29.664 29.759 29.794 29.771 29.819 29.971 30.036 30.021 29.964 29.946 29.911 29.884 29.924 29.814 29.914 29.869 29.876 29.924 30.024 30.049 29.999 29.914 29.889 29.851 29.809 29.846 29.854 29.816 29.799 29.759 29.671 29.681 29.799 29.899 29.956 29.991 30.021 30.131 30.251 30.304 30.326 30.354 30.396 30.384 30.424 30.464 30.476 30.491 30.456 30.421 30.336 30.319 30.306 30.311
29.059 29.074 29.066 29.051 29.064 29.146 29.169 29.139 29.121 29.206 29.266 29.304 29.354 29.401 29.366 29.354 29.421 29.421 29.381 29.546 29.689 29.744 29.701 29.769 29.939 30.101 30.114 30.111 30.034 29.941 29.859 29.984 29.856 29.924 29.906 29.931 30.019 30.056 30.044 29.951 29.981 30.099 30.211 30.304 30.244 30.166 30.056 29.929 29.836 29.781 29.761 29.861 29.936 30.011 30.029 30.034 30.179 30.284 30.316 30.351 30.411 30.419 30.429 30.421 30.456 30.454 30.474 30.449 30.416 30.371 30.336 30.309 30.316
29.051 29.076 29.076 29.051 29.059 29.149 29.166 29.161 29.124 29.126 29.184 29.221 29.201 29.186 29.196 29.246 29.276 29.281 29.324 29.476 29.594 29.701 29.711 29.769 29.941 30.141 30.191 30.154 30.084 30.019 29.954 30.029 29.949 29.964 29.996 29.999 29.959 29.951 30.024 30.119 30.269 30.446 30.516 30.461 30.334 30.209 30.086 29.986 29.931 29.891 29.856 29.924 29.981 30.051 30.051 30.064 30.211 30.304 30.389 30.386 30.409 30.426 30.426 30.394 30.426 30.449 30.464 30.409 30.381 30.366 30.371 30.351 30.331
29.049 29.046 29.061 29.069 29.066 29.151 29.206 29.216 29.154 29.144 29.214 29.171 29.091 29.104 29.134 29.176 29.206 29.194 29.281 29.371 29.511 29.656 29.721 29.816 30.014 30.161 30.181 30.191 30.124 30.059 30.004 30.034 30.074 30.041 29.991 29.956 30.004 30.121 30.129 30.309 30.529 30.604 30.551 30.544 30.459 30.371 30.284 30.161 30.079 29.989 29.881 29.934 30.011 30.059 30.079 30.101 30.274 30.324 30.366 30.406 30.389 30.391 30.384 30.391 30.424 30.379 30.376 30.384 30.384 30.346 30.329 30.324 30.336
29.074 29.051 29.046 29.039 29.051 29.124 29.209 29.256 29.206 29.169 29.136 29.099 29.071 29.079 29.149 29.131 29.174 29.234 29.279 29.329 29.421 29.606 29.704 29.839 30.089 30.169 30.161 30.176 30.164 30.076 30.076 30.094 30.054 29.904 30.004 30.184 30.314 30.316 30.304 30.439 30.614 30.626 30.596 30.554 30.529 30.434 30.369 30.276 30.136 30.006 29.944 29.959 30.024 30.049 30.059 30.124 30.274 30.324 30.346 30.371 30.366 30.406 30.411 30.389 30.369 30.324 30.319 30.339 30.326 30.336 30.346 30.344 30.326
29.071 29.041 29.036 29.046 29.049 29.084 29.159 29.186 29.179 29.114 29.074 29.034 29.061 29.091 29.129 29.146 29.214 29.314 29.324 29.319 29.394 29.579 29.726 29.914 30.059 30.139 30.171 30.201 30.204 30.131 30.099 30.011 29.999 30.129 30.339 30.426 30.441 30.514 30.549 30.576 30.609 30.634 30.656 30.586 30.516 30.476 30.419 30.329 30.104 30.009 29.961 29.976 29.991 30.004 30.054 30.141 30.281 30.319 30.359 30.361 30.354 30.396 30.386 30.391 30.369 30.346 30.336 30.324 30.331 30.336 30.319 30.311 30.314
29.069 29.059 29.061 29.064 29.049 29.056 29.101 29.134 29.156 29.084 29.044 29.056 29.061 29.124 29.124 29.156 29.186 29.261 29.316 29.319 29.346 29.556 29.779 30.004 30.134 30.149 30.194 30.149 30.076 29.989 29.964 30.091 30.311 30.454 30.511 30.531 30.554 30.636 30.629 30.659 30.639 30.659 30.689 30.674 30.561 30.511 30.446 30.276 30.034 29.974 29.949 29.961 29.964 30.001 30.019 30.151 30.284 30.331 30.356 30.351 30.331 30.359 30.374 30.391 30.364 30.334 30.321 30.314 30.319 30.319 30.334 30.321 30.311
29.091 29.044 29.046 29.074 29.059 29.046 29.044 29.079 29.096 29.086 29.064 29.079 29.071 29.106 29.126 29.144 29.176 29.226 29.289 29.294 29.389 29.611 29.806 29.986 30.101 30.046 29.986 29.981 30.046 30.186 30.281 30.419 30.519 30.556 30.536 30.544 30.614 30.651 30.596 30.664 30.634 30.631 30.671 30.704 30.629 30.519 30.441 30.266 30.059 30.009 29.974 29.974 30.014 30.024 30.061 30.171 30.279 30.304 30.344 30.321 30.339 30.396 30.381 30.344 30.321 30.304 30.291 30.289 30.276 30.286 30.286 30.284 30.326
29.089 29.049 29.051 29.064 29.026 29.021 29.036 29.079 29.101 29.079 29.076 29.079 29.086 29.109 29.136 29.141 29.164 29.204 29.254 29.274 29.399 29.649 29.759 29.894 30.024 30.126 30.226 30.296 30.356 30.411 30.424 30.471 30.509 30.526 30.529 30.544 30.616 30.611 30.616 30.654 30.659 30.674 30.676 30.701 30.669 30.546 30.436 30.231 30.066 29.989 29.979 29.971 30.006 30.021 30.034 30.189 30.264 30.329 30.336 30.329 30.346 30.359 30.386 30.319 30.306 30.311 30.311 30.291 30.246 30.289 30.279 30.281 30.259
29.116 29.054 29.024 29.041 29.019 29.029 29.046 29.074 29.099 29.114 29.101 29.124 29.084 29.076 29.119 29.129 29.131 29.121 29.176 29.276 29.484 29.736 29.941 30.194 30.329 30.416 30.444 30.434 30.354 30.389 30.389 30.434 30.406 30.449 30.464 30.489 30.519 30.606 30.651 30.671 30.636 30.659 30.656 30.694 30.651 30.556 30.441 30.214 30.046 29.959 29.949 29.961 29.991 30.051 30.074 30.201 30.264 30.319 30.326 30.326 30.329 30.344 30.371 30.341 30.311 30.311 30.301 30.301 30.276 30.266 30.271 30.274 30.284
29.156 29.084 29.071 29.039 29.051 29.036 29.076 29.089 29.141 29.154 29.174 29.144 29.111 29.089 29.079 29.126 29.121 29.136 29.216 29.466 29.686 29.889 30.134 30.276 30.389 30.491 30.531 30.401 30.279 30.349 30.321 30.324 30.301 30.324 30.344 30.391 30.424 30.501 30.571 30.611 30.614 30.659 30.624 30.631 30.559 30.469 30.271 30.079 29.984 29.949 29.954 29.971 30.021 30.049 30.096 30.204 30.279 30.334 30.329 30.319 30.326 30.301 30.321 30.329 30.304 30.276 30.264 30.251 30.274 30.279 30.271 30.266 30.271
29.171 29.109 29.069 29.059 29.076 29.074 29.104 29.106 29.164 29.211 29.221 29.211 29.159 29.084 29.109 29.179 29.199 29.214 29.246 29.529 29.799 29.986 30.161 30.249 30.276 30.386 30.489 30.361 30.309 30.291 30.254 30.219 30.206 30.209 30.226 30.256 30.286 30.349 30.434 30.486 30.599 30.671 30.639 30.581 30.479 30.316 30.126 30.031 29.949 29.939 29.959 30.001 29.996 30.061 30.099 30.199 30.259 30.294 30.326 30.309 30.331 30.301 30.331 30.316 30.304 30.284 30.266 30.259 30.269 30.259 30.264 30.251 30.254
29.214 29.186 29.146 29.131 29.104 29.101 29.099 29.116 29.159 29.211 29.221 29.199 29.176 29.159 29.156 29.156 29.189 29.256 29.359 29.621 29.854 29.986 30.181 30.336 30.306 30.274 30.316 30.279 30.224 30.186 30.134 30.091 30.036 30.011 30.041 30.024 30.019 30.091 30.264 30.356 30.531 30.556 30.551 30.526 30.431 30.236 30.056 29.989 29.966 29.904 29.959 30.004 30.041 30.054 30.134 30.234 30.296 30.291 30.344 30.329 30.324 30.339 30.359 30.319 30.306 30.296 30.241 30.259 30.259 30.254 30.259 30.256 30.274
29.326 29.269 29.179 29.174 29.126 29.124 29.154 29.159 29.191 29.239 29.249 29.234 29.226 29.189 29.141 29.179 29.311 29.459 29.569 29.799 29.959 30.019 30.194 30.341 30.294 30.264 30.244 30.244 30.144 30.089 29.944 29.841 29.776 29.706 29.659 29.701 29.754 29.839 29.921 30.139 30.391 30.469 30.481 30.454 30.389 30.269 30.081 30.019 29.954 29.939 29.984 30.001 30.046 30.059 30.136 30.224 30.286 30.284 30.301 30.319 30.349 30.326 30.331 30.321 30.306 30.264 30.241 30.236 30.211 30.254 30.224 30.244 30.236
29.339 29.281 29.236 29.234 29.234 29.196 29.214 29.244 29.256 29.304 29.294 29.299 29.301 29.276 29.241 29.359 29.581 29.754 29.859 29.944 30.024 30.056 30.149 30.226 30.231 30.211 30.184 30.149 30.031 29.816 29.609 29.521 29.456 29.469 29.431 29.489 29.504 29.606 29.699 30.019 30.256 30.336 30.336 30.304 30.276 30.226 30.076 30.019 29.984 29.999 30.006 30.019 30.016 30.084 30.161 30.219 30.279 30.304 30.306 30.304 30.299 30.281 30.329 30.321 30.316 30.271 30.229 30.246 30.249 30.249 30.204 30.224 30.216
29.379 29.341 29.301 29.284 29.266 29.259 29.276 29.306 29.309 29.376 29.391 29.381 29.419 29.411 29.469 29.651 29.844 30.004 30.016 29.969 30.066 30.086 30.179 30.179 30.206 30.209 30.176 30.084 29.776 29.566 29.501 29.454 29.429 29.394 29.379 29.384 29.399 29.571 29.626 29.964 30.151 30.209 30.234 30.204 30.171 30.144 30.056 30.046 30.044 30.059 30.059 30.086 30.016 30.104 30.201 30.286 30.289 30.289 30.324 30.314 30.296 30.281 30.331 30.341 30.319 30.274 30.249 30.234 30.246 30.244 30.224 30.244 30.239
29.424 29.399 29.339 29.331 29.339 29.354 29.384 29.391 29.419 29.454 29.506 29.539 29.559 29.584 29.666 29.749 29.929 30.009 30.029 29.966 30.084 30.156 30.184 30.181 30.206 30.224 30.154 29.996 29.656 29.494 29.496 29.489 29.444 29.394 29.324 29.391 29.356 29.549 29.651 29.984 30.149 30.204 30.196 30.189 30.161 30.134 30.081 30.076 30.074 30.071 30.086 30.114 30.061 30.101 30.279 30.344 30.351 30.301 30.311 30.319 30.311 30.314 30.336 30.301 30.296 30.306 30.241 30.221 30.246 30.244 30.261 30.226 30.226
29.474 29.449 29.416 29.426 29.401 29.404 29.411 29.471 29.511 29.529 29.614 29.651 29.659 29.661 29.656 29.771 29.936 30.021 30.099 29.996 30.084 30.119 30.196 30.256 30.231 30.196 30.121 29.896 29.609 29.459 29.444 29.416 29.454 29.264 29.171 29.456 29.434 29.484 29.736 30.061 30.114 30.144 30.151 30.164 30.199 30.221 30.196 30.134 30.114 30.096 30.086 30.051 30.041 30.099 30.256 30.364 30.364 30.329 30.296 30.294 30.314 30.326 30.346 30.336 30.336 30.319 30.286 30.264 30.251 30.261 30.244 30.254 30.249
29.524 29.544 29.519 29.519 29.494 29.509 29.534 29.531 29.589 29.629 29.716 29.804 29.759 29.699 29.676 29.824 30.064 30.084 30.084 30.009 30.041 30.091 30.189 30.306 30.254 30.094 29.936 29.816 29.749 29.531 29.344 29.084 29.136 29.346 29.406 29.514 29.536 29.521 29.816 30.124 30.111 30.129 30.191 30.184 30.216 30.221 30.204 30.151 30.104 30.091 30.101 30.064 30.069 30.079 30.174 30.266 30.336 30.349 30.324 30.314 30.309 30.339 30.339 30.316 30.336 30.326 30.299 30.294 30.261 30.256 30.224 30.239 30.224
29.579 29.569 29.579 29.549 29.569 29.574 29.586 29.614 29.656 29.719 29.796 29.886 29.906 29.864 29.891 29.969 30.094 30.094 30.059 29.996 30.021 30.116 30.144 30.176 30.081 30.041 30.106 30.106 30.071 29.804 29.341 29.261 29.354 29.391 29.314 29.221 29.346 29.549 29.869 30.176 30.176 30.154 30.171 30.194 30.214 30.204 30.171 30.116 30.104 30.099 30.106 30.101 30.109 30.101 30.136 30.216 30.304 30.326 30.329 30.336 30.314 30.329 30.359 30.364 30.339 30.331 30.276 30.294 30.269 30.251 30.221 30.209 30.196
29.574 29.586 29.581 29.579 29.614 29.634 29.664 29.729 29.759 29.789 29.829 29.946 29.971 30.019 30.071 30.104 30.079 30.016 29.996 29.971 29.954 30.046 30.089 30.116 30.236 30.274 30.229 30.236 30.231 30.009 29.531 29.464 29.461 29.461 29.454 29.374 29.424 29.644 29.989 30.216 30.224 30.176 30.196 30.199 30.219 30.211 30.159 30.101 30.119 30.119 30.149 30.146 30.126 30.069 30.129 30.146 30.189 30.221 30.279 30.306 30.361 30.341 30.356 30.376 30.341 30.324 30.281 30.266 30.249 30.266 30.224 30.214 30.199
29.546 29.579 29.584 29.629 29.674 29.704 29.721 29.766 29.791 29.829 29.844 29.931 29.971 29.994 30.036 30.066 30.059 29.944 29.894 29.916 30.014 30.106 30.219 30.326 30.329 30.244 30.206 30.186 30.236 30.071 29.761 29.621 29.554 29.504 29.589 29.591 29.634 29.799 30.044 30.229 30.276 30.269 30.244 30.209 30.176 30.169 30.119 30.089 30.104 30.139 30.154 30.181 30.149 30.086 30.086 30.091 30.126 30.181 30.234 30.281 30.354 30.344 30.319 30.339 30.371 30.354 30.319 30.316 30.261 30.264 30.249 30.209 30.194
29.589 29.609 29.626 29.654 29.709 29.741 29.721 29.769 29.816 29.836 29.884 29.959 29.974 30.024 30.004 29.994 29.919 29.929 29.951 30.046 30.221 30.289 30.349 30.361 30.324 30.244 30.179 30.169 30.141 29.886 29.604 29.589 29.586 29.576 29.591 29.596 29.659 29.759 29.909 30.059 30.226 30.299 30.284 30.244 30.184 30.136 30.111 30.106 30.101 30.129 30.134 30.154 30.139 30.096 30.076 30.096 30.124 30.154 30.186 30.236 30.296 30.344 30.381 30.331 30.346 30.374 30.316 30.326 30.284 30.256 30.261 30.244 30.211
29.596 29.626 29.641 29.654 29.714 29.751 29.754 29.794 29.811 29.821 29.864 29.899 29.959 29.971 29.961 29.904 29.929 30.001 30.036 30.114 30.246 30.289 30.331 30.329 30.294 30.211 30.156 30.129 30.059 29.776 29.574 29.591 29.586 29.586 29.564 29.594 29.494 29.621 29.731 29.894 30.196 30.294 30.284 30.274 30.196 30.131 30.116 30.091 30.109 30.116 30.141 30.141 30.126 30.104 30.086 30.116 30.156 30.134 30.154 30.211 30.229 30.296 30.356 30.381 30.369 30.359 30.361 30.326 30.309 30.274 30.256 30.251 30.259
29.606 29.614 29.649 29.694 29.724 29.739 29.754 29.766 29.794 29.814 29.834 29.881 29.936 29.954 29.896 29.854 29.974 30.034 30.026 30.111 30.224 30.284 30.316 30.301 30.229 30.151 30.101 30.086 30.016 29.744 29.586 29.584 29.554 29.566 29.571 29.619 29.556 29.601 29.694 29.844 30.229 30.314 30.324 30.299 30.194 30.149 30.099 30.089 30.114 30.114 30.134 30.124 30.129 30.134 30.109 30.169 30.156 30.149 30.161 30.194 30.211 30.264 30.319 30.391 30.364 30.339 30.339 30.309 30.281 30.261 30.239 30.234 30.231
29.611 29.649 29.646 29.684 29.699 29.726 29.736 29.759 29.751 29.766 29.804 29.859 29.876 29.894 29.886 29.884 29.974 30.034 30.059 30.064 30.189 30.286 30.296 30.296 30.204 30.126 30.086 30.054 29.961 29.724 29.584 29.566 29.574 29.586 29.611 29.584 29.586 29.594 29.706 29.876 30.246 30.366 30.351 30.274 30.134 30.119 30.089 30.061 30.069 30.094 30.124 30.136 30.129 30.114 30.114 30.176 30.169 30.194 30.171 30.194 30.189 30.211 30.274 30.316 30.311 30.274 30.279 30.274 30.246 30.234 30.181 30.149 30.171
29.599 29.619 29.604 29.654 29.664 29.676 29.699 29.694 29.726 29.726 29.754 29.806 29.869 29.904 29.884 29.864 29.941 29.989 30.069 30.096 30.209 30.266 30.311 30.259 30.194 30.141 30.096 30.066 29.946 29.779 29.644 29.609 29.599 29.624 29.644 29.676 29.729 29.734 29.786 30.046 30.246 30.319 30.316 30.204 30.134 30.099 30.089 30.039 30.049 30.089 30.099 30.139 30.134 30.161 30.134 30.199 30.169 30.171 30.171 30.199 30.204 30.184 30.204 30.246 30.239 30.236 30.221 30.211 30.184 30.149 30.114 30.129 30.139
29.564 29.571 29.576 29.589 29.599 29.624 29.654 29.654 29.661 29.694 29.736 29.781 29.844 29.866 29.879 29.846 29.911 29.999 30.084 30.126 30.246 30.271 30.284 30.226 30.209 30.164 30.171 30.129 30.036 29.899 29.876 29.866 29.859 29.899 29.991 30.031 30.156 30.134 30.071 30.136 30.226 30.259 30.221 30.154 30.094 30.089 30.079 30.051 30.054 30.049 30.071 30.141 30.139 30.151 30.149 30.166 30.164 30.159 30.174 30.191 30.199 30.189 30.206 30.191 30.186 30.226 30.184 30.166 30.149 30.126 30.166 30.199 30.239
29.551 29.554 29.564 29.571 29.549 29.576 29.584 29.661 29.671 29.704 29.724 29.779 29.844 29.861 29.874 29.849 29.896 30.076 30.094 30.149 30.239 30.256 30.251 30.251 30.231 30.184 30.159 30.106 30.069 30.009 30.004 30.016 30.086 30.119 30.181 30.231 30.236 30.246 30.224 30.181 30.166 30.184 30.146 30.099 30.076 30.114 30.081 30.091 30.074 30.074 30.081 30.121 30.131 30.146 30.159 30.171 30.181 30.176 30.171 30.194 30.181 30.199 30.176 30.151 30.144 30.196 30.256 30.289 30.269 30.276 30.266 30.319 30.356
