LIDAR/se2986_DTM_2M.asc
ncols 500
nrows 500
xllcorner    429000
yllcorner    486000
cellsize     2
NODATA_value -9999
[rows 288 to 319 of 500, columns 0 to 70 of 500]
28.746 28.731 28.701 28.693 28.701 28.678 28.661 28.678 28.653 28.643 28.613 28.606 28.601 28.606 28.606 28.618 28.628 28.633 28.623 28.621 28.643 28.668 28.713 28.728 28.736 28.763 28.788 28.798 28.791 28.768 28.758 28.786 28.793 28.801 28.828 28.826 28.833 28.856 28.831 28.843 28.813 28.798 28.798 28.778 28.746 28.743 28.746 28.756 28.806 28.813 28.848 28.971 29.161 29.128 29.061 29.043 29.078 29.133 29.181 29.241 29.286 29.373 29.473 29.541 29.616 29.693 29.746 29.778 29.773 29.806 29.813
28.703 28.683 28.668 28.656 28.633 28.593 28.598 28.576 28.558 28.551 28.558 28.561 28.531 28.568 28.556 28.568 28.571 28.583 28.591 28.593 28.628 28.676 28.716 28.756 28.768 28.778 28.776 28.788 28.798 28.778 28.756 28.768 28.781 28.788 28.821 28.826 28.831 28.828 28.806 28.821 28.813 28.798 28.766 28.748 28.766 28.748 28.766 28.761 28.781 28.808 28.861 28.946 29.141 29.223 29.113 29.083 29.093 29.143 29.166 29.221 29.283 29.353 29.456 29.541 29.623 29.681 29.741 29.791 29.773 29.816 29.836
28.631 28.621 28.596 28.606 28.576 28.548 28.563 28.543 28.526 28.533 28.551 28.563 28.551 28.523 28.523 28.541 28.538 28.551 28.573 28.538 28.611 28.671 28.731 28.743 28.776 28.773 28.781 28.796 28.786 28.758 28.756 28.751 28.753 28.763 28.781 28.798 28.781 28.796 28.801 28.821 28.781 28.783 28.766 28.768 28.758 28.753 28.743 28.733 28.788 28.811 28.871 28.926 29.111 29.296 29.183 29.138 29.123 29.186 29.206 29.211 29.261 29.346 29.441 29.508 29.588 29.658 29.731 29.768 29.798 29.796 29.826
28.601 28.611 28.583 28.583 28.586 28.576 28.571 28.553 28.531 28.518 28.546 28.573 28.548 28.548 28.538 28.576 28.521 28.538 28.588 28.586 28.618 28.676 28.716 28.738 28.773 28.786 28.758 28.766 28.761 28.751 28.748 28.721 28.711 28.708 28.716 28.756 28.743 28.783 28.818 28.768 28.756 28.756 28.761 28.761 28.746 28.731 28.711 28.723 28.788 28.791 28.868 28.933 29.078 29.233 29.268 29.168 29.156 29.106 29.223 29.236 29.256 29.303 29.378 29.493 29.598 29.603 29.716 29.758 29.808 29.828 29.813
28.588 28.583 28.558 28.571 28.596 28.593 28.588 28.568 28.553 28.531 28.551 28.553 28.561 28.541 28.561 28.556 28.568 28.533 28.576 28.608 28.643 28.688 28.698 28.713 28.751 28.763 28.763 28.758 28.721 28.708 28.718 28.711 28.698 28.676 28.701 28.728 28.723 28.743 28.758 28.751 28.753 28.728 28.723 28.721 28.726 28.696 28.713 28.731 28.768 28.783 28.846 28.913 29.026 29.298 29.313 29.203 29.013 29.053 29.261 29.256 29.258 29.316 29.396 29.478 29.583 29.638 29.706 29.766 29.813 29.801 29.823
28.566 28.546 28.526 28.528 28.571 28.621 28.601 28.586 28.563 28.561 28.566 28.553 28.556 28.568 28.566 28.583 28.563 28.566 28.591 28.616 28.636 28.616 28.666 28.721 28.721 28.723 28.731 28.728 28.691 28.688 28.693 28.688 28.688 28.668 28.678 28.678 28.696 28.716 28.723 28.731 28.743 28.711 28.696 28.733 28.726 28.716 28.738 28.746 28.771 28.786 28.868 28.893 28.991 29.253 29.336 29.283 29.196 29.228 29.273 29.276 29.296 29.308 29.388 29.486 29.563 29.648 29.661 29.718 29.718 29.761 29.798
28.561 28.538 28.546 28.533 28.558 28.598 28.613 28.583 28.586 28.543 28.551 28.586 28.558 28.568 28.578 28.601 28.598 28.586 28.598 28.596 28.613 28.656 28.686 28.728 28.731 28.726 28.746 28.711 28.706 28.701 28.703 28.703 28.681 28.673 28.686 28.678 28.668 28.696 28.708 28.708 28.721 28.688 28.676 28.718 28.733 28.706 28.701 28.741 28.746 28.793 28.823 28.871 28.941 29.198 29.403 29.303 29.273 29.258 29.286 29.308 29.316 29.326 29.393 29.483 29.526 29.598 29.628 29.671 29.718 29.766 29.791
28.558 28.538 28.551 28.528 28.556 28.588 28.588 28.576 28.568 28.538 28.566 28.578 28.566 28.586 28.593 28.583 28.586 28.603 28.621 28.628 28.636 28.653 28.698 28.721 28.696 28.716 28.743 28.743 28.726 28.736 28.723 28.693 28.683 28.688 28.668 28.671 28.693 28.686 28.688 28.691 28.718 28.676 28.661 28.683 28.723 28.738 28.716 28.768 28.753 28.761 28.811 28.861 28.908 29.058 29.298 29.358 29.308 29.276 29.298 29.303 29.298 29.336 29.428 29.501 29.516 29.551 29.611 29.663 29.686 29.731 29.771
28.553 28.533 28.571 28.561 28.561 28.586 28.581 28.568 28.583 28.563 28.578 28.573 28.573 28.591 28.598 28.596 28.616 28.643 28.638 28.646 28.671 28.676 28.706 28.738 28.716 28.738 28.748 28.768 28.743 28.763 28.736 28.708 28.701 28.688 28.698 28.668 28.698 28.703 28.668 28.678 28.701 28.676 28.686 28.703 28.733 28.746 28.718 28.778 28.758 28.748 28.806 28.858 28.923 28.993 29.286 29.398 29.281 29.281 29.296 29.338 29.346 29.391 29.418 29.511 29.546 29.571 29.621 29.678 29.706 29.731 29.796
28.558 28.546 28.528 28.533 28.576 28.581 28.573 28.571 28.603 28.588 28.593 28.593 28.593 28.606 28.596 28.593 28.641 28.651 28.656 28.668 28.681 28.713 28.716 28.761 28.736 28.763 28.783 28.803 28.788 28.796 28.763 28.731 28.748 28.711 28.683 28.706 28.706 28.716 28.688 28.701 28.701 28.698 28.721 28.721 28.726 28.758 28.748 28.776 28.768 28.738 28.793 28.831 28.921 28.951 29.228 29.393 29.336 29.318 29.293 29.361 29.368 29.371 29.421 29.471 29.513 29.578 29.628 29.676 29.736 29.758 29.816
28.541 28.523 28.528 28.523 28.586 28.563 28.591 28.623 28.646 28.601 28.601 28.608 28.601 28.631 28.638 28.633 28.671 28.691 28.713 28.713 28.711 28.748 28.746 28.801 28.813 28.798 28.838 28.868 28.863 28.828 28.823 28.766 28.781 28.766 28.736 28.741 28.728 28.768 28.733 28.758 28.731 28.721 28.713 28.738 28.736 28.751 28.746 28.761 28.756 28.746 28.766 28.796 28.883 28.958 29.128 29.413 29.333 29.346 29.326 29.351 29.381 29.386 29.408 29.443 29.518 29.556 29.646 29.683 29.748 29.776 29.851
28.556 28.538 28.528 28.516 28.571 28.578 28.588 28.613 28.621 28.621 28.638 28.641 28.621 28.671 28.691 28.686 28.701 28.731 28.751 28.751 28.768 28.796 28.806 28.833 28.858 28.871 28.873 28.893 28.896 28.861 28.866 28.831 28.826 28.823 28.798 28.783 28.761 28.766 28.766 28.786 28.771 28.761 28.733 28.736 28.756 28.751 28.756 28.746 28.771 28.773 28.793 28.791 28.871 28.916 28.996 29.236 29.391 29.346 29.306 29.341 29.378 29.373 29.406 29.456 29.508 29.578 29.643 29.718 29.751 29.796 29.861
28.546 28.551 28.533 28.541 28.588 28.618 28.636 28.653 28.658 28.648 28.683 28.701 28.673 28.703 28.733 28.733 28.763 28.753 28.801 28.803 28.826 28.843 28.868 28.893 28.913 28.926 28.963 28.961 28.961 28.918 28.916 28.918 28.891 28.883 28.873 28.838 28.838 28.813 28.811 28.786 28.796 28.781 28.758 28.773 28.756 28.766 28.778 28.763 28.763 28.781 28.806 28.798 28.848 28.888 28.946 29.241 29.423 29.348 29.331 29.348 29.368 29.376 29.413 29.453 29.493 29.571 29.663 29.721 29.766 29.816 29.863
28.546 28.578 28.583 28.591 28.601 28.636 28.653 28.673 28.688 28.696 28.726 28.721 28.711 28.753 28.793 28.776 28.816 28.808 28.828 28.856 28.846 28.871 28.893 28.931 28.956 28.961 28.996 28.986 29.021 28.981 28.976 28.983 28.943 28.953 28.911 28.878 28.848 28.836 28.838 28.821 28.838 28.803 28.806 28.796 28.751 28.781 28.783 28.778 28.768 28.763 28.791 28.818 28.831 28.858 28.906 29.178 29.416 29.351 29.333 29.313 29.361 29.378 29.398 29.453 29.511 29.583 29.666 29.723 29.791 29.833 29.863
28.578 28.586 28.576 28.613 28.631 28.666 28.693 28.713 28.738 28.756 28.776 28.753 28.753 28.813 28.818 28.846 28.856 28.871 28.886 28.881 28.888 28.901 28.926 28.963 28.993 29.018 29.031 29.026 29.046 29.026 29.003 28.993 28.966 28.956 28.943 28.888 28.853 28.861 28.868 28.853 28.846 28.816 28.823 28.821 28.801 28.811 28.796 28.791 28.778 28.778 28.783 28.801 28.833 28.863 28.883 29.046 29.378 29.393 29.333 29.321 29.328 29.383 29.393 29.456 29.521 29.593 29.673 29.746 29.788 29.848 29.911
28.626 28.633 28.623 28.676 28.663 28.681 28.721 28.736 28.763 28.788 28.823 28.796 28.801 28.846 28.831 28.856 28.878 28.891 28.888 28.888 28.936 28.941 28.943 29.003 29.046 29.023 29.033 29.043 29.046 29.073 29.018 29.013 28.986 28.958 28.961 28.901 28.863 28.878 28.858 28.868 28.851 28.851 28.851 28.846 28.831 28.783 28.793 28.818 28.813 28.803 28.813 28.823 28.851 28.896 28.898 29.008 29.303 29.408 29.346 29.361 29.366 29.396 29.423 29.436 29.513 29.573 29.638 29.718 29.786 29.828 29.898
28.676 28.681 28.678 28.703 28.726 28.736 28.761 28.778 28.818 28.833 28.848 28.853 28.821 28.863 28.871 28.881 28.903 28.916 28.923 28.901 28.946 28.976 28.973 28.981 29.021 29.008 29.028 29.043 29.038 29.071 29.016 28.993 29.001 28.976 28.938 28.896 28.886 28.858 28.873 28.876 28.868 28.866 28.873 28.848 28.851 28.826 28.851 28.816 28.828 28.841 28.838 28.818 28.838 28.866 28.891 28.988 29.231 29.418 29.348 29.363 29.391 29.408 29.416 29.443 29.486 29.573 29.641 29.723 29.781 29.856 29.901
28.716 28.728 28.748 28.748 28.771 28.791 28.793 28.828 28.878 28.876 28.883 28.911 28.901 28.898 28.888 28.898 28.951 28.903 28.926 28.938 28.953 28.981 28.996 28.991 29.008 29.008 29.028 29.033 29.013 29.041 29.006 28.988 28.973 28.963 28.938 28.926 28.906 28.876 28.886 28.893 28.881 28.876 28.868 28.883 28.871 28.841 28.863 28.831 28.846 28.881 28.863 28.833 28.826 28.871 28.891 28.953 29.158 29.381 29.373 29.336 29.366 29.403 29.416 29.426 29.488 29.546 29.651 29.701 29.771 29.831 29.901
28.818 28.796 28.828 28.836 28.856 28.851 28.863 28.883 28.933 28.943 28.936 28.941 28.933 28.943 28.928 28.918 28.956 28.921 28.943 28.941 28.936 28.996 28.996 28.993 28.996 29.003 29.023 29.018 29.006 29.031 29.013 28.976 28.971 28.966 28.931 28.923 28.886 28.876 28.871 28.883 28.873 28.863 28.883 28.881 28.881 28.873 28.878 28.878 28.883 28.883 28.853 28.851 28.853 28.876 28.906 28.966 29.071 29.338 29.376 29.366 29.363 29.376 29.418 29.433 29.478 29.541 29.628 29.718 29.781 29.826 29.916
28.878 28.891 28.908 28.906 28.901 28.911 28.946 28.948 28.988 28.981 28.983 29.001 28.966 28.958 28.956 28.941 28.941 28.951 28.966 28.971 28.973 29.003 28.986 28.976 28.998 28.993 29.006 29.021 29.028 29.048 29.031 28.976 28.978 28.966 28.938 28.921 28.906 28.876 28.846 28.873 28.871 28.851 28.868 28.858 28.858 28.866 28.891 28.888 28.911 28.888 28.856 28.876 28.861 28.878 28.911 28.941 29.056 29.366 29.411 29.353 29.318 29.343 29.406 29.443 29.491 29.553 29.613 29.701 29.798 29.838 29.918
28.973 28.941 28.953 28.973 28.991 28.956 28.973 28.986 28.986 28.991 29.008 29.011 28.976 28.956 28.976 28.956 28.963 28.958 28.961 28.993 28.983 29.018 29.001 28.983 29.008 28.996 29.023 29.023 29.021 29.046 29.031 28.983 29.003 28.963 28.941 28.928 28.916 28.863 28.871 28.858 28.848 28.846 28.873 28.868 28.866 28.898 28.886 28.908 28.903 28.896 28.876 28.843 28.848 28.878 28.908 28.958 29.016 29.243 29.406 29.353 29.356 29.378 29.403 29.453 29.483 29.543 29.573 29.633 29.746 29.786 29.861
29.028 29.013 29.033 29.028 29.048 29.028 29.008 29.018 29.008 29.036 29.046 29.053 29.016 28.991 29.001 28.981 28.956 28.973 28.993 29.016 28.996 29.021 28.996 28.988 28.991 29.023 29.008 29.013 29.041 29.036 29.041 29.008 29.003 28.978 28.938 28.908 28.906 28.866 28.868 28.851 28.838 28.873 28.838 28.868 28.881 28.881 28.873 28.926 28.896 28.896 28.896 28.861 28.858 28.866 28.891 28.928 29.001 29.181 29.381 29.313 29.318 29.351 29.328 29.371 29.408 29.461 29.501 29.551 29.661 29.753 29.791
29.103 29.083 29.076 29.083 29.083 29.048 29.063 29.033 29.066 29.073 29.066 29.048 29.046 29.018 29.021 28.998 28.981 29.003 29.016 29.026 29.016 29.036 29.043 29.016 29.016 29.018 29.046 29.048 29.071 29.061 29.081 29.051 29.003 28.966 28.991 28.941 28.923 28.896 28.881 28.848 28.843 28.871 28.863 28.853 28.868 28.886 28.896 28.901 28.908 28.891 28.866 28.846 28.838 28.868 28.863 28.926 28.978 29.113 29.256 29.273 29.258 29.283 29.246 29.311 29.358 29.403 29.466 29.571 29.671 29.763 29.826
29.146 29.133 29.131 29.123 29.116 29.093 29.116 29.088 29.086 29.096 29.116 29.076 29.061 29.048 29.056 29.038 29.031 29.023 29.041 29.058 29.043 29.068 29.063 29.051 29.036 29.038 29.058 29.066 29.096 29.101 29.076 29.046 29.018 29.001 29.008 28.976 28.963 28.921 28.891 28.866 28.868 28.858 28.878 28.863 28.881 28.873 28.898 28.913 28.896 28.883 28.863 28.831 28.836 28.848 28.861 28.903 28.948 29.073 29.171 29.211 29.201 29.263 29.311 29.368 29.403 29.426 29.513 29.578 29.681 29.793 29.851
29.171 29.203 29.166 29.156 29.173 29.123 29.141 29.138 29.113 29.143 29.138 29.126 29.091 29.068 29.098 29.078 29.061 29.071 29.078 29.091 29.073 29.078 29.076 29.053 29.078 29.081 29.068 29.078 29.116 29.098 29.096 29.088 29.033 29.026 29.008 29.006 28.988 28.938 28.906 28.896 28.858 28.866 28.866 28.871 28.873 28.883 28.893 28.883 28.886 28.856 28.866 28.843 28.836 28.836 28.841 28.891 28.931 29.018 29.103 29.188 29.213 29.276 29.373 29.401 29.423 29.471 29.533 29.626 29.666 29.741 29.781
29.201 29.233 29.198 29.208 29.206 29.171 29.198 29.176 29.173 29.191 29.191 29.196 29.136 29.118 29.138 29.116 29.128 29.116 29.118 29.141 29.116 29.108 29.093 29.106 29.101 29.098 29.091 29.106 29.126 29.141 29.113 29.106 29.086 29.058 29.038 29.021 29.021 28.986 28.931 28.903 28.871 28.848 28.868 28.868 28.853 28.858 28.858 28.866 28.891 28.873 28.848 28.828 28.821 28.811 28.826 28.873 28.913 28.988 29.088 29.203 29.236 29.273 29.328 29.373 29.416 29.438 29.478 29.521 29.571 29.621 29.698
29.238 29.266 29.281 29.268 29.243 29.216 29.226 29.218 29.183 29.218 29.231 29.216 29.203 29.186 29.176 29.163 29.178 29.168 29.173 29.156 29.141 29.133 29.153 29.153 29.131 29.116 29.113 29.131 29.143 29.148 29.128 29.126 29.078 29.076 29.066 29.041 29.028 28.998 28.968 28.873 28.883 28.881 28.861 28.846 28.831 28.833 28.848 28.851 28.886 28.873 28.878 28.838 28.841 28.818 28.816 28.853 28.918 28.943 29.058 29.158 29.216 29.223 29.281 29.333 29.348 29.398 29.416 29.456 29.506 29.583 29.643
29.313 29.291 29.308 29.316 29.288 29.248 29.258 29.271 29.208 29.233 29.251 29.248 29.268 29.263 29.253 29.206 29.218 29.213 29.213 29.203 29.193 29.181 29.216 29.188 29.158 29.141 29.153 29.188 29.171 29.161 29.151 29.166 29.101 29.093 29.081 29.096 29.046 29.011 28.981 28.913 28.883 28.883 28.866 28.853 28.846 28.833 28.841 28.861 28.861 28.853 28.863 28.861 28.846 28.828 28.813 28.843 28.878 28.911 29.013 29.123 29.183 29.168 29.213 29.258 29.298 29.333 29.396 29.438 29.493 29.583 29.648
29.366 29.358 29.326 29.368 29.306 29.293 29.328 29.293 29.273 29.293 29.291 29.306 29.311 29.308 29.311 29.281 29.263 29.248 29.241 29.231 29.233 29.248 29.226 29.203 29.188 29.178 29.186 29.183 29.218 29.181 29.148 29.166 29.131 29.101 29.098 29.088 29.056 29.006 28.983 28.941 28.918 28.893 28.886 28.868 28.843 28.828 28.853 28.856 28.863 28.851 28.861 28.873 28.828 28.823 28.773 28.823 28.841 28.886 28.936 29.053 29.161 29.111 29.166 29.208 29.241 29.281 29.338 29.413 29.493 29.548 29.616
29.408 29.401 29.381 29.406 29.368 29.331 29.358 29.348 29.331 29.326 29.321 29.333 29.348 29.321 29.331 29.313 29.303 29.291 29.296 29.268 29.273 29.283 29.248 29.218 29.238 29.211 29.191 29.213 29.233 29.211 29.168 29.186 29.146 29.148 29.111 29.073 29.071 29.023 28.998 28.973 28.936 28.891 28.888 28.888 28.846 28.828 28.858 28.848 28.858 28.858 28.851 28.838 28.826 28.806 28.756 28.771 28.783 28.836 28.893 28.938 29.058 29.058 29.103 29.138 29.186 29.256 29.338 29.403 29.478 29.523 29.606
29.426 29.426 29.456 29.433 29.411 29.401 29.418 29.426 29.393 29.376 29.363 29.398 29.398 29.363 29.378 29.356 29.316 29.316 29.323 29.303 29.296 29.288 29.286 29.248 29.248 29.246 29.231 29.216 29.268 29.243 29.198 29.171 29.148 29.136 29.101 29.093 29.091 29.036 29.008 28.996 28.961 28.921 28.886 28.863 28.861 28.828 28.838 28.828 28.826 28.828 28.838 28.838 28.821 28.783 28.728 28.736 28.761 28.806 28.848 28.918 28.998 29.023 29.058 29.091 29.133 29.228 29.313 29.396 29.448 29.538 29.616
29.483 29.476 29.483 29.458 29.461 29.448 29.433 29.436 29.416 29.428 29.396 29.416 29.416 29.421 29.391 29.381 29.363 29.341 29.323 29.318 29.328 29.318 29.308 29.271 29.246 29.251 29.248 29.216 29.253 29.246 29.198 29.201 29.176 29.133 29.126 29.083 29.108 29.056 29.028 29.013 28.938 28.891 28.866 28.843 28.853 28.831 28.821 28.806 28.808 28.833 28.843 28.831 28.801 28.758 28.706 28.708 28.723 28.751 28.776 28.883 28.973 29.008 29.051 29.058 29.078 29.183 29.288 29.383 29.471 29.526 29.621
