LIDAR/se2989_DTM_2M.asc
ncols 500
nrows 500
xllcorner    429000
yllcorner    489000
cellsize     2
NODATA_value -9999
[rows 448 to 479 of 500, columns 0 to 71 of 500]
34.209 34.221 34.218 34.193 34.188 34.186 34.173 34.141 34.138 34.156 34.158 34.168 34.171 34.166 34.156 34.146 34.128 34.136 34.116 34.148 34.128 34.128 34.126 34.143 34.113 34.108 34.131 34.123 34.118 34.088 34.073 34.096 34.083 34.103 34.081 34.088 34.111 34.111 34.093 34.131 34.136 34.161 34.151 34.146 34.136 34.166 34.181 34.186 34.178 34.128 34.185 34.193 34.178 34.21 34.213 34.24 34.193 34.185 34.158 34.148 34.138 34.073 34.085 34.128 34.133 34.118 34.128 34.135 34.108 34.07 34.053 34.1
34.182 34.165 34.148 34.166 34.151 34.148 34.141 34.138 34.128 34.141 34.153 34.171 34.186 34.176 34.183 34.163 34.143 34.166 34.161 34.131 34.133 34.148 34.133 34.118 34.123 34.111 34.146 34.133 34.088 34.086 34.101 34.113 34.106 34.101 34.116 34.133 34.136 34.156 34.176 34.156 34.158 34.183 34.186 34.211 34.188 34.198 34.193 34.188 34.183 34.156 34.175 34.18 34.185 34.233 34.253 34.253 34.228 34.188 34.175 34.158 34.123 34.1 34.063 34.1 34.14 34.133 34.113 34.125 34.105 34.055 34.078 34.083
34.173 34.17 34.151 34.133 34.138 34.111 34.153 34.146 34.123 34.138 34.153 34.176 34.186 34.178 34.168 34.176 34.181 34.166 34.193 34.166 34.168 34.178 34.173 34.151 34.161 34.141 34.133 34.098 34.098 34.113 34.113 34.113 34.096 34.116 34.121 34.156 34.158 34.156 34.188 34.188 34.193 34.236 34.221 34.233 34.198 34.211 34.216 34.193 34.216 34.203 34.18 34.173 34.225 34.238 34.24 34.245 34.243 34.203 34.173 34.16 34.133 34.098 34.048 34.045 34.098 34.115 34.1 34.105 34.073 34.058 34.058 34.07
34.178 34.178 34.147 34.116 34.123 34.116 34.131 34.153 34.151 34.163 34.196 34.208 34.191 34.201 34.193 34.176 34.208 34.196 34.226 34.208 34.211 34.221 34.201 34.176 34.168 34.166 34.163 34.128 34.126 34.156 34.133 34.136 34.118 34.126 34.146 34.151 34.171 34.213 34.171 34.201 34.236 34.268 34.251 34.261 34.216 34.241 34.231 34.223 34.203 34.186 34.178 34.215 34.203 34.21 34.235 34.24 34.22 34.205 34.188 34.175 34.135 34.11 34.06 34.053 34.075 34.11 34.115 34.105 34.073 34.108 34.118 34.075
34.144 34.169 34.157 34.148 34.153 34.168 34.163 34.166 34.173 34.178 34.176 34.218 34.228 34.203 34.236 34.218 34.238 34.213 34.233 34.233 34.241 34.253 34.228 34.206 34.193 34.183 34.168 34.176 34.161 34.166 34.173 34.143 34.131 34.161 34.158 34.191 34.206 34.233 34.233 34.231 34.268 34.288 34.266 34.273 34.251 34.248 34.236 34.261 34.216 34.198 34.198 34.208 34.205 34.215 34.213 34.248 34.248 34.21 34.223 34.173 34.105 34.12 34.098 34.075 34.075 34.133 34.128 34.12 34.103 34.12 34.113 34.105
34.17 34.172 34.19 34.181 34.208 34.176 34.186 34.203 34.171 34.198 34.231 34.203 34.226 34.216 34.238 34.241 34.263 34.231 34.248 34.276 34.283 34.253 34.263 34.238 34.223 34.208 34.211 34.208 34.193 34.161 34.168 34.176 34.138 34.141 34.186 34.208 34.231 34.221 34.223 34.256 34.256 34.271 34.273 34.248 34.281 34.261 34.263 34.238 34.213 34.203 34.193 34.195 34.185 34.195 34.193 34.23 34.243 34.253 34.223 34.208 34.17 34.15 34.095 34.088 34.108 34.123 34.145 34.123 34.12 34.13 34.123 34.105
34.179 34.213 34.207 34.198 34.195 34.176 34.183 34.208 34.198 34.196 34.236 34.251 34.223 34.253 34.253 34.246 34.276 34.291 34.273 34.286 34.331 34.291 34.283 34.251 34.271 34.226 34.253 34.221 34.198 34.198 34.181 34.158 34.163 34.148 34.198 34.206 34.223 34.248 34.263 34.286 34.251 34.283 34.308 34.286 34.296 34.276 34.286 34.236 34.203 34.218 34.205 34.188 34.188 34.19 34.195 34.215 34.223 34.265 34.235 34.243 34.223 34.178 34.148 34.115 34.088 34.105 34.143 34.128 34.123 34.14 34.133 34.173
34.212 34.232 34.232 34.211 34.203 34.201 34.231 34.228 34.223 34.211 34.226 34.258 34.268 34.283 34.281 34.253 34.276 34.298 34.288 34.308 34.326 34.306 34.303 34.268 34.281 34.258 34.261 34.238 34.203 34.188 34.198 34.168 34.163 34.158 34.201 34.213 34.241 34.248 34.271 34.296 34.281 34.298 34.333 34.326 34.311 34.306 34.261 34.271 34.243 34.221 34.22 34.22 34.175 34.19 34.188 34.198 34.223 34.248 34.258 34.273 34.24 34.215 34.158 34.13 34.09 34.098 34.145 34.153 34.128 34.143 34.118 34.155
34.249 34.222 34.245 34.232 34.25 34.23 34.263 34.251 34.261 34.253 34.261 34.253 34.273 34.293 34.308 34.271 34.301 34.306 34.321 34.323 34.321 34.323 34.328 34.311 34.288 34.261 34.266 34.253 34.236 34.196 34.193 34.163 34.166 34.176 34.198 34.203 34.233 34.283 34.286 34.301 34.316 34.286 34.326 34.298 34.306 34.311 34.293 34.266 34.266 34.246 34.208 34.223 34.22 34.178 34.203 34.233 34.26 34.275 34.263 34.27 34.285 34.263 34.218 34.148 34.143 34.113 34.11 34.143 34.165 34.15 34.113 34.118
34.281 34.274 34.264 34.262 34.273 34.275 34.288 34.258 34.306 34.271 34.276 34.288 34.288 34.301 34.316 34.301 34.341 34.338 34.353 34.338 34.321 34.316 34.311 34.298 34.288 34.263 34.278 34.251 34.228 34.208 34.193 34.193 34.196 34.201 34.211 34.238 34.276 34.286 34.313 34.306 34.276 34.293 34.318 34.313 34.313 34.326 34.296 34.276 34.268 34.271 34.208 34.2 34.208 34.2 34.228 34.23 34.25 34.248 34.273 34.288 34.288 34.298 34.233 34.18 34.155 34.14 34.11 34.098 34.158 34.145 34.138 34.118
34.332 34.319 34.302 34.28 34.315 34.33 34.317 34.306 34.303 34.301 34.336 34.323 34.318 34.323 34.323 34.283 34.348 34.346 34.358 34.346 34.343 34.326 34.316 34.306 34.306 34.288 34.286 34.253 34.236 34.226 34.176 34.193 34.196 34.216 34.211 34.236 34.273 34.276 34.266 34.251 34.261 34.291 34.281 34.306 34.316 34.328 34.318 34.301 34.276 34.268 34.225 34.225 34.24 34.213 34.243 34.228 34.238 34.238 34.278 34.285 34.29 34.275 34.253 34.208 34.198 34.148 34.108 34.083 34.125 34.153 34.165 34.125
34.371 34.365 34.338 34.321 34.319 34.343 34.358 34.353 34.328 34.336 34.363 34.361 34.341 34.311 34.351 34.346 34.356 34.373 34.333 34.338 34.321 34.336 34.331 34.323 34.323 34.301 34.296 34.261 34.238 34.228 34.198 34.201 34.223 34.253 34.248 34.263 34.266 34.281 34.261 34.266 34.281 34.296 34.273 34.301 34.326 34.321 34.318 34.308 34.286 34.283 34.26 34.27 34.25 34.215 34.24 34.22 34.243 34.233 34.253 34.268 34.298 34.3 34.255 34.253 34.23 34.175 34.125 34.098 34.11 34.18 34.158 34.138
34.387 34.39 34.381 34.39 34.378 34.37 34.388 34.405 34.386 34.368 34.368 34.373 34.348 34.346 34.331 34.346 34.368 34.331 34.356 34.348 34.333 34.356 34.351 34.323 34.313 34.283 34.263 34.273 34.246 34.218 34.213 34.248 34.238 34.256 34.261 34.276 34.266 34.301 34.253 34.276 34.286 34.281 34.273 34.271 34.301 34.326 34.301 34.306 34.288 34.308 34.31 34.31 34.255 34.24 34.238 34.233 34.23 34.225 34.23 34.258 34.263 34.273 34.273 34.265 34.208 34.203 34.16 34.125 34.108 34.125 34.178 34.148
34.399 34.438 34.442 34.447 34.417 34.386 34.399 34.413 34.403 34.381 34.383 34.378 34.356 34.361 34.353 34.336 34.333 34.311 34.353 34.326 34.343 34.353 34.338 34.293 34.296 34.291 34.276 34.246 34.216 34.241 34.221 34.246 34.266 34.276 34.273 34.293 34.288 34.296 34.276 34.266 34.308 34.283 34.281 34.291 34.293 34.303 34.311 34.328 34.321 34.331 34.293 34.313 34.275 34.253 34.265 34.263 34.248 34.228 34.238 34.24 34.225 34.258 34.29 34.275 34.223 34.215 34.17 34.145 34.108 34.118 34.165 34.14
34.432 34.491 34.505 34.489 34.487 34.453 34.448 34.449 34.439 34.378 34.413 34.396 34.378 34.371 34.358 34.328 34.311 34.308 34.316 34.298 34.348 34.343 34.313 34.338 34.326 34.281 34.273 34.268 34.221 34.223 34.221 34.233 34.226 34.281 34.293 34.286 34.303 34.308 34.288 34.293 34.273 34.303 34.291 34.291 34.306 34.323 34.316 34.353 34.338 34.323 34.308 34.29 34.3 34.29 34.275 34.255 34.27 34.243 34.255 34.238 34.255 34.263 34.263 34.285 34.255 34.213 34.198 34.173 34.16 34.143 34.133 34.185
34.451 34.482 34.553 34.525 34.526 34.516 34.483 34.491 34.462 34.433 34.421 34.398 34.391 34.391 34.338 34.318 34.303 34.306 34.288 34.323 34.331 34.323 34.303 34.298 34.338 34.311 34.293 34.281 34.256 34.223 34.233 34.263 34.258 34.263 34.288 34.313 34.313 34.331 34.308 34.321 34.306 34.306 34.301 34.316 34.288 34.321 34.333 34.338 34.356 34.326 34.35 34.333 34.333 34.298 34.298 34.278 34.248 34.23 34.245 34.243 34.268 34.238 34.27 34.263 34.223 34.21 34.213 34.19 34.175 34.118 34.123 34.16
34.48 34.478 34.522 34.545 34.566 34.562 34.528 34.534 34.486 34.436 34.438 34.406 34.393 34.366 34.338 34.316 34.293 34.296 34.278 34.306 34.308 34.296 34.311 34.316 34.323 34.308 34.298 34.278 34.248 34.256 34.241 34.256 34.261 34.281 34.281 34.301 34.306 34.328 34.323 34.321 34.303 34.311 34.311 34.321 34.321 34.326 34.358 34.341 34.361 34.378 34.36 34.32 34.33 34.28 34.268 34.285 34.283 34.235 34.218 34.243 34.258 34.248 34.258 34.228 34.21 34.195 34.208 34.198 34.19 34.143 34.108 34.153
34.499 34.512 34.54 34.552 34.59 34.573 34.549 34.544 34.519 34.491 34.458 34.401 34.371 34.353 34.331 34.331 34.301 34.316 34.316 34.298 34.293 34.308 34.316 34.288 34.316 34.283 34.291 34.308 34.281 34.253 34.236 34.246 34.241 34.263 34.283 34.296 34.331 34.358 34.343 34.316 34.301 34.296 34.318 34.333 34.318 34.316 34.338 34.378 34.373 34.381 34.378 34.34 34.338 34.29 34.268 34.273 34.283 34.255 34.238 34.245 34.245 34.248 34.27 34.26 34.233 34.23 34.215 34.198 34.218 34.168 34.105 34.138
34.528 34.527 34.555 34.546 34.571 34.582 34.588 34.557 34.542 34.504 34.456 34.403 34.393 34.363 34.323 34.311 34.308 34.301 34.298 34.301 34.288 34.276 34.296 34.296 34.291 34.323 34.308 34.303 34.318 34.296 34.243 34.248 34.246 34.266 34.283 34.301 34.321 34.333 34.353 34.326 34.278 34.298 34.311 34.321 34.313 34.323 34.351 34.343 34.353 34.381 34.383 34.388 34.32 34.308 34.318 34.288 34.293 34.285 34.263 34.233 34.238 34.243 34.268 34.278 34.238 34.238 34.203 34.173 34.16 34.168 34.158 34.163
34.528 34.536 34.535 34.534 34.559 34.564 34.582 34.563 34.524 34.518 34.478 34.433 34.403 34.366 34.333 34.323 34.333 34.318 34.311 34.293 34.273 34.286 34.308 34.318 34.311 34.316 34.351 34.323 34.311 34.336 34.288 34.261 34.261 34.258 34.273 34.321 34.358 34.321 34.348 34.346 34.321 34.291 34.318 34.288 34.328 34.363 34.333 34.348 34.356 34.368 34.378 34.388 34.338 34.335 34.308 34.313 34.308 34.285 34.26 34.235 34.225 34.22 34.238 34.25 34.238 34.24 34.218 34.213 34.18 34.203 34.143 34.115
34.542 34.537 34.524 34.516 34.535 34.534 34.526 34.528 34.517 34.498 34.491 34.468 34.415 34.391 34.373 34.336 34.321 34.333 34.293 34.291 34.283 34.291 34.303 34.291 34.321 34.321 34.346 34.356 34.343 34.323 34.313 34.296 34.266 34.283 34.281 34.291 34.333 34.358 34.368 34.363 34.376 34.318 34.323 34.321 34.326 34.333 34.351 34.361 34.393 34.376 34.358 34.355 34.33 34.365 34.338 34.32 34.308 34.275 34.265 34.253 34.248 34.22 34.213 34.238 34.238 34.248 34.245 34.22 34.215 34.208 34.153 34.148
34.525 34.523 34.508 34.499 34.502 34.505 34.496 34.515 34.508 34.491 34.493 34.461 34.436 34.398 34.391 34.343 34.316 34.321 34.308 34.306 34.288 34.293 34.303 34.291 34.331 34.316 34.341 34.366 34.331 34.308 34.318 34.321 34.301 34.283 34.283 34.286 34.291 34.326 34.366 34.356 34.361 34.361 34.338 34.368 34.336 34.321 34.351 34.388 34.398 34.396 34.38 34.383 34.395 34.398 34.348 34.323 34.303 34.293 34.258 34.228 34.243 34.228 34.215 34.213 34.258 34.25 34.243 34.233 34.243 34.238 34.183 34.163
34.536 34.506 34.499 34.481 34.465 34.463 34.461 34.459 34.482 34.487 34.494 34.465 34.437 34.412 34.381 34.343 34.328 34.328 34.321 34.323 34.326 34.303 34.298 34.296 34.318 34.328 34.303 34.326 34.346 34.338 34.341 34.331 34.306 34.291 34.283 34.263 34.283 34.298 34.321 34.373 34.343 34.356 34.361 34.331 34.331 34.373 34.381 34.366 34.388 34.373 34.408 34.403 34.388 34.395 34.355 34.328 34.298 34.293 34.268 34.25 34.235 34.243 34.233 34.22 34.243 34.228 34.24 34.238 34.263 34.235 34.225 34.2
34.52 34.498 34.486 34.458 34.444 34.441 34.443 34.451 34.45 34.468 34.477 34.488 34.437 34.433 34.428 34.398 34.368 34.358 34.348 34.333 34.333 34.318 34.318 34.288 34.323 34.328 34.338 34.346 34.368 34.378 34.358 34.348 34.308 34.268 34.283 34.258 34.283 34.298 34.331 34.351 34.366 34.351 34.378 34.351 34.348 34.351 34.366 34.376 34.391 34.376 34.418 34.405 34.405 34.383 34.345 34.355 34.315 34.27 34.26 34.248 34.268 34.25 34.23 34.263 34.243 34.233 34.245 34.255 34.235 34.213 34.223 34.19
34.523 34.488 34.468 34.44 34.443 34.435 34.431 34.429 34.412 34.413 34.439 34.459 34.462 34.451 34.421 34.391 34.423 34.368 34.351 34.351 34.361 34.341 34.358 34.328 34.341 34.338 34.338 34.326 34.343 34.376 34.341 34.343 34.326 34.286 34.288 34.271 34.308 34.306 34.356 34.353 34.353 34.363 34.363 34.346 34.348 34.368 34.363 34.388 34.403 34.383 34.405 34.418 34.41 34.403 34.36 34.343 34.328 34.29 34.278 34.26 34.27 34.273 34.255 34.278 34.238 34.233 34.225 34.255 34.25 34.243 34.238 34.198
34.533 34.492 34.476 34.461 34.448 34.424 34.416 34.408 34.398 34.398 34.405 34.421 34.448 34.42 34.395 34.412 34.421 34.386 34.386 34.366 34.378 34.353 34.366 34.346 34.333 34.361 34.336 34.333 34.361 34.371 34.356 34.356 34.326 34.331 34.298 34.286 34.331 34.321 34.336 34.346 34.353 34.366 34.398 34.373 34.378 34.403 34.393 34.361 34.388 34.403 34.4 34.41 34.438 34.408 34.37 34.355 34.318 34.328 34.288 34.265 34.268 34.238 34.27 34.258 34.218 34.258 34.223 34.23 34.25 34.253 34.23 34.23
34.532 34.514 34.49 34.456 34.416 34.417 34.415 34.416 34.407 34.404 34.415 34.389 34.428 34.422 34.397 34.43 34.421 34.388 34.416 34.393 34.411 34.378 34.346 34.363 34.358 34.356 34.341 34.336 34.333 34.353 34.358 34.346 34.353 34.323 34.311 34.353 34.318 34.356 34.338 34.348 34.358 34.373 34.403 34.411 34.413 34.426 34.398 34.383 34.398 34.413 34.428 34.4 34.44 34.435 34.39 34.368 34.323 34.335 34.315 34.295 34.258 34.283 34.273 34.24 34.215 34.225 34.235 34.255 34.268 34.275 34.235 34.215
34.57 34.553 34.497 34.475 34.426 34.405 34.41 34.4 34.394 34.377 34.389 34.403 34.403 34.404 34.42 34.43 34.43 34.413 34.403 34.416 34.411 34.406 34.383 34.378 34.363 34.361 34.341 34.328 34.351 34.361 34.356 34.343 34.358 34.338 34.341 34.318 34.303 34.338 34.336 34.366 34.366 34.383 34.408 34.426 34.418 34.431 34.406 34.401 34.416 34.413 34.413 34.428 34.44 34.428 34.44 34.38 34.363 34.365 34.323 34.308 34.288 34.273 34.288 34.235 34.223 34.235 34.233 34.263 34.258 34.258 34.29 34.223
34.526 34.528 34.539 34.473 34.454 34.426 34.427 34.385 34.398 34.395 34.386 34.395 34.386 34.395 34.424 34.441 34.423 34.42 34.408 34.413 34.426 34.408 34.401 34.403 34.386 34.386 34.356 34.333 34.358 34.356 34.343 34.356 34.358 34.321 34.343 34.343 34.306 34.353 34.348 34.351 34.378 34.401 34.343 34.388 34.406 34.418 34.401 34.401 34.408 34.426 34.418 34.43 34.443 34.428 34.43 34.42 34.383 34.38 34.36 34.313 34.315 34.305 34.263 34.245 34.245 34.248 34.26 34.273 34.293 34.265 34.27 34.23
34.576 34.538 34.557 34.518 34.489 34.459 34.447 34.415 34.406 34.407 34.416 34.402 34.396 34.379 34.397 34.42 34.427 34.424 34.433 34.453 34.438 34.423 34.416 34.426 34.406 34.401 34.366 34.381 34.386 34.351 34.331 34.378 34.388 34.311 34.326 34.353 34.353 34.378 34.368 34.353 34.371 34.396 34.391 34.383 34.406 34.401 34.403 34.436 34.423 34.418 34.44 34.408 34.41 34.425 34.43 34.42 34.438 34.408 34.358 34.33 34.33 34.293 34.3 34.275 34.255 34.243 34.238 34.265 34.258 34.258 34.238 34.228
34.556 34.536 34.552 34.516 34.477 34.472 34.468 34.446 34.413 34.417 34.396 34.395 34.399 34.381 34.398 34.405 34.43 34.433 34.447 34.448 34.441 34.448 34.453 34.453 34.428 34.401 34.411 34.396 34.406 34.378 34.353 34.391 34.371 34.371 34.383 34.368 34.376 34.376 34.366 34.373 34.376 34.408 34.441 34.443 34.421 34.428 34.431 34.436 34.451 34.391 34.405 34.4 34.423 34.448 34.435 34.428 34.425 34.41 34.373 34.338 34.325 34.335 34.318 34.28 34.265 34.235 34.238 34.263 34.255 34.248 34.27 34.26
34.588 34.538 34.537 34.538 34.504 34.488 34.48 34.453 34.418 34.42 34.412 34.388 34.396 34.389 34.384 34.372 34.401 34.42 34.416 34.426 34.461 34.468 34.458 34.451 34.461 34.423 34.401 34.408 34.406 34.391 34.398 34.413 34.383 34.388 34.398 34.383 34.358 34.376 34.388 34.383 34.383 34.426 34.436 34.453 34.436 34.433 34.436 34.428 34.431 34.428 34.418 34.4 34.44 34.445 34.435 34.448 34.435 34.415 34.393 34.363 34.333 34.34 34.32 34.27 34.258 34.26 34.253 34.265 34.288 34.27 34.265 34.26
