LIDAR/se2988_DTM_2M.asc
ncols 500
nrows 500
xllcorner    429000
yllcorner    488000
cellsize     2
NODATA_value -9999
[rows 64 to 95 of 500, columns 288 to 359 of 500]
34.243 34.248 34.25 34.235 34.26 34.278 34.253 34.248 34.213 34.1 34.055 34.153 34.138 34.145 34.093 34.043 34.07 34.043 34.003 34.015 33.98 33.92 33.895 33.943 33.94 33.943 33.93 33.968 34.038 34.06 34.055 34.04 34.283 34.43 34.548 34.68 34.7 34.635 34.67 34.688 34.65 34.583 34.265 33.858 33.855 34.198 34.285 34.283 34.26 34.255 34.228 34.128 34.018 33.845 33.668 33.578 33.483 33.445 33.428 33.403 33.42 33.428 33.365 33.328 33.278 33.268 33.283 33.28 33.265 33.293 33.303 33.258
34.25 34.265 34.263 34.255 34.255 34.263 34.268 34.275 34.22 34.158 34.088 34.163 34.185 34.18 34.128 34.058 34.068 34.068 34.013 34.01 34.02 33.97 33.923 33.96 33.97 33.935 33.958 33.975 34.003 34.055 34.038 34.08 34.208 34.38 34.53 34.64 34.723 34.663 34.665 34.695 34.68 34.683 34.498 33.99 33.853 34.025 34.26 34.285 34.28 34.28 34.295 34.215 34.153 33.973 33.773 33.64 33.518 33.473 33.445 33.415 33.398 33.395 33.35 33.308 33.278 33.278 33.308 33.273 33.248 33.29 33.335 33.24
34.26 34.255 34.275 34.27 34.233 34.278 34.283 34.268 34.255 34.21 34.09 34.095 34.188 34.203 34.178 34.1 34.075 34.075 34.045 34.005 34.033 34.015 33.953 33.948 33.98 33.97 33.945 33.97 33.99 34.033 34.065 34.098 34.153 34.373 34.498 34.588 34.7 34.688 34.653 34.698 34.683 34.673 34.703 34.273 33.885 33.938 34.158 34.29 34.308 34.273 34.298 34.278 34.25 34.128 33.933 33.758 33.59 33.513 33.465 33.405 33.383 33.363 33.365 33.31 33.303 33.298 33.313 33.305 33.28 33.313 33.375 33.29
34.303 34.238 34.275 34.28 34.25 34.248 34.285 34.278 34.26 34.245 34.158 34.1 34.213 34.238 34.195 34.143 34.103 34.075 34.078 34.033 34.04 34.025 33.988 33.943 33.965 34 33.958 33.945 33.97 34.01 34.068 34.108 34.093 34.243 34.383 34.51 34.655 34.755 34.68 34.673 34.72 34.69 34.703 34.56 34.028 33.848 33.99 34.23 34.295 34.295 34.298 34.32 34.303 34.233 34.065 33.843 33.688 33.543 33.468 33.45 33.405 33.368 33.373 33.348 33.323 33.328 33.313 33.305 33.288 33.29 33.31 33.315
34.358 34.268 34.258 34.285 34.265 34.255 34.27 34.283 34.263 34.245 34.218 34.12 34.165 34.25 34.233 34.213 34.16 34.08 34.093 34.08 34.048 34.06 34.01 33.973 33.955 34.003 33.983 33.948 33.965 34.003 34.055 34.1 34.093 34.088 34.223 34.413 34.57 34.698 34.688 34.67 34.735 34.725 34.693 34.688 34.225 33.838 33.83 34.12 34.313 34.33 34.308 34.303 34.353 34.298 34.173 33.963 33.795 33.64 33.535 33.483 33.43 33.41 33.393 33.37 33.333 33.335 33.298 33.273 33.293 33.275 33.285 33.353
34.415 34.328 34.26 34.283 34.275 34.243 34.265 34.305 34.303 34.253 34.25 34.205 34.143 34.275 34.28 34.23 34.185 34.113 34.095 34.12 34.06 34.06 34.085 34.015 33.945 33.975 34.003 34.003 33.983 33.998 34.03 34.08 34.093 34.028 34.035 34.215 34.455 34.648 34.76 34.705 34.733 34.765 34.728 34.735 34.425 33.93 33.8 34.013 34.305 34.325 34.3 34.323 34.348 34.308 34.263 34.088 33.91 33.755 33.613 33.523 33.485 33.48 33.43 33.403 33.335 33.353 33.328 33.313 33.325 33.305 33.293 33.313
34.468 34.395 34.288 34.258 34.278 34.283 34.268 34.295 34.305 34.303 34.3 34.255 34.143 34.185 34.285 34.245 34.218 34.155 34.113 34.125 34.088 34.05 34.08 34.063 33.988 33.97 34.008 34.023 34.013 33.993 34.02 34.04 34.063 34.04 33.973 34.03 34.365 34.645 34.753 34.758 34.718 34.78 34.763 34.745 34.61 34.163 33.88 33.92 34.198 34.308 34.323 34.33 34.333 34.298 34.265 34.188 34.013 33.883 33.698 33.548 33.493 33.483 33.45 33.433 33.438 33.415 33.383 33.38 33.35 33.363 33.315 33.283
34.505 34.45 34.33 34.268 34.285 34.293 34.268 34.295 34.305 34.313 34.31 34.273 34.21 34.158 34.313 34.298 34.258 34.203 34.135 34.115 34.113 34.07 34.083 34.098 34.048 33.99 34.02 34.045 34.025 34.02 34.02 34.023 34.063 34.058 34.008 33.968 34.183 34.493 34.683 34.783 34.76 34.745 34.8 34.768 34.75 34.513 34.023 33.925 34.113 34.315 34.363 34.35 34.338 34.368 34.288 34.235 34.1 33.97 33.803 33.62 33.52 33.49 33.478 33.48 33.503 33.475 33.415 33.398 33.36 33.338 33.353 33.318
34.508 34.468 34.378 34.275 34.268 34.293 34.275 34.283 34.305 34.31 34.293 34.288 34.24 34.155 34.188 34.33 34.28 34.25 34.178 34.138 34.143 34.115 34.068 34.115 34.105 34.028 33.995 34.048 34.048 34.025 34.025 34.03 34.045 34.068 34.045 33.985 34.055 34.358 34.605 34.748 34.763 34.743 34.805 34.805 34.778 34.748 34.283 33.96 34.018 34.283 34.39 34.37 34.348 34.363 34.348 34.263 34.16 34.05 33.87 33.653 33.565 33.51 33.508 33.5 33.518 33.49 33.428 33.42 33.39 33.363 33.38 33.323
34.41 34.448 34.42 34.33 34.28 34.293 34.29 34.283 34.3 34.328 34.303 34.31 34.298 34.205 34.135 34.315 34.32 34.268 34.205 34.153 34.135 34.145 34.095 34.105 34.135 34.08 34.03 34.043 34.08 34.058 34.03 34.025 34.033 34.063 34.05 34.018 33.99 34.2 34.495 34.74 34.75 34.748 34.805 34.78 34.8 34.808 34.543 34.038 33.94 34.143 34.39 34.39 34.398 34.35 34.393 34.34 34.245 34.123 33.97 33.753 33.618 33.543 33.51 33.523 33.508 33.465 33.438 33.443 33.418 33.398 33.353 33.35
34.353 34.46 34.453 34.378 34.275 34.275 34.318 34.315 34.303 34.328 34.335 34.35 34.325 34.263 34.168 34.245 34.34 34.293 34.26 34.178 34.14 34.165 34.143 34.095 34.143 34.118 34.06 34.018 34.083 34.085 34.028 34.02 34.01 34.045 34.07 34.06 34.025 34.08 34.405 34.68 34.763 34.795 34.79 34.828 34.858 34.828 34.788 34.308 34 34.078 34.328 34.375 34.39 34.385 34.418 34.408 34.313 34.208 34.03 33.863 33.665 33.573 33.52 33.515 33.523 33.518 33.47 33.458 33.445 33.41 33.388 33.375
34.343 34.433 34.448 34.425 34.325 34.285 34.3 34.323 34.34 34.333 34.33 34.353 34.333 34.305 34.248 34.185 34.348 34.318 34.283 34.22 34.158 34.16 34.16 34.123 34.115 34.165 34.1 34.025 34.078 34.083 34.065 34.035 34.018 34.033 34.05 34.075 34.08 34.065 34.29 34.585 34.715 34.788 34.795 34.848 34.878 34.825 34.838 34.61 34.17 34.025 34.185 34.335 34.398 34.383 34.383 34.433 34.378 34.265 34.103 33.923 33.715 33.605 33.573 33.525 33.513 33.48 33.47 33.443 33.448 33.44 33.435 33.408
34.345 34.378 34.445 34.433 34.375 34.293 34.305 34.318 34.335 34.328 34.338 34.35 34.323 34.293 34.273 34.198 34.248 34.355 34.303 34.273 34.215 34.173 34.193 34.158 34.11 34.158 34.108 34.075 34.035 34.073 34.093 34.025 34.025 34.018 34.055 34.1 34.11 34.115 34.165 34.4 34.618 34.773 34.83 34.815 34.88 34.863 34.813 34.758 34.43 34.098 34.06 34.3 34.415 34.403 34.413 34.403 34.398 34.278 34.188 34.008 33.83 33.693 33.605 33.548 33.528 33.5 33.508 33.483 33.495 33.475 33.458 33.47
34.348 34.363 34.46 34.463 34.423 34.335 34.31 34.333 34.355 34.313 34.335 34.353 34.338 34.34 34.32 34.225 34.185 34.343 34.313 34.288 34.245 34.188 34.178 34.178 34.125 34.11 34.14 34.115 34.04 34.068 34.098 34.055 34.03 34.008 34.04 34.108 34.12 34.155 34.15 34.313 34.543 34.738 34.84 34.838 34.88 34.903 34.863 34.863 34.743 34.328 34.058 34.17 34.423 34.443 34.413 34.418 34.435 34.38 34.275 34.1 33.905 33.763 33.645 33.578 33.57 33.538 33.555 33.54 33.493 33.473 33.483 33.483
34.373 34.37 34.388 34.458 34.473 34.415 34.338 34.353 34.355 34.333 34.34 34.365 34.368 34.34 34.348 34.275 34.205 34.273 34.365 34.318 34.288 34.213 34.178 34.195 34.15 34.128 34.163 34.165 34.083 34.063 34.1 34.093 34.028 34.03 34.03 34.075 34.118 34.17 34.168 34.23 34.473 34.64 34.78 34.855 34.865 34.938 34.925 34.88 34.85 34.495 34.183 34.078 34.343 34.46 34.435 34.428 34.428 34.413 34.323 34.2 34.055 33.91 33.735 33.623 33.553 33.56 33.595 33.583 33.525 33.458 33.458 33.468
34.378 34.395 34.38 34.43 34.48 34.44 34.368 34.338 34.365 34.375 34.333 34.348 34.373 34.358 34.343 34.345 34.275 34.22 34.313 34.355 34.318 34.258 34.2 34.173 34.185 34.128 34.15 34.173 34.128 34.05 34.085 34.08 34.055 34.028 34.068 34.065 34.123 34.16 34.175 34.17 34.383 34.643 34.763 34.898 34.875 34.898 34.938 34.893 34.88 34.74 34.37 34.065 34.183 34.453 34.453 34.438 34.455 34.445 34.343 34.253 34.203 34.045 33.85 33.685 33.598 33.585 33.638 33.625 33.538 33.428 33.438 33.468
34.425 34.438 34.425 34.42 34.54 34.525 34.428 34.385 34.383 34.38 34.368 34.363 34.378 34.388 34.38 34.358 34.315 34.23 34.25 34.388 34.343 34.318 34.228 34.17 34.178 34.168 34.143 34.175 34.178 34.093 34.04 34.078 34.1 34.043 34.063 34.065 34.11 34.175 34.19 34.173 34.238 34.55 34.775 34.86 34.89 34.883 34.953 34.948 34.89 34.883 34.58 34.188 34.08 34.423 34.478 34.445 34.468 34.453 34.413 34.325 34.263 34.138 33.983 33.803 33.66 33.635 33.658 33.645 33.57 33.443 33.403 33.445
34.45 34.453 34.428 34.398 34.515 34.583 34.498 34.425 34.38 34.385 34.373 34.378 34.39 34.393 34.39 34.375 34.368 34.31 34.2 34.323 34.398 34.318 34.293 34.195 34.188 34.195 34.138 34.158 34.2 34.143 34.085 34.078 34.085 34.08 34.045 34.065 34.105 34.148 34.168 34.158 34.165 34.4 34.753 34.823 34.898 34.898 34.948 34.973 34.948 34.948 34.735 34.378 34.138 34.253 34.438 34.48 34.465 34.465 34.468 34.398 34.338 34.208 34.08 33.95 33.773 33.658 33.673 33.693 33.623 33.505 33.415 33.433
34.513 34.505 34.485 34.448 34.505 34.61 34.58 34.498 34.415 34.403 34.43 34.418 34.405 34.42 34.408 34.398 34.408 34.36 34.258 34.255 34.413 34.363 34.313 34.21 34.205 34.193 34.185 34.143 34.175 34.175 34.103 34.068 34.1 34.128 34.08 34.08 34.095 34.125 34.17 34.175 34.18 34.268 34.563 34.763 34.885 34.925 34.908 34.983 34.965 34.943 34.835 34.54 34.23 34.185 34.36 34.503 34.468 34.463 34.455 34.45 34.388 34.318 34.183 34.055 33.903 33.74 33.698 33.715 33.7 33.648 33.498 33.438
34.528 34.518 34.535 34.483 34.468 34.535 34.623 34.53 34.49 34.43 34.438 34.418 34.41 34.43 34.423 34.413 34.433 34.393 34.325 34.205 34.328 34.375 34.338 34.288 34.215 34.203 34.22 34.168 34.16 34.215 34.158 34.09 34.115 34.108 34.105 34.078 34.1 34.11 34.205 34.218 34.215 34.22 34.413 34.758 34.868 34.928 34.94 34.98 35.003 34.968 34.993 34.805 34.368 34.21 34.27 34.388 34.473 34.465 34.49 34.523 34.46 34.395 34.263 34.13 33.978 33.81 33.725 33.728 33.735 33.678 33.59 33.523
34.56 34.535 34.553 34.498 34.478 34.493 34.62 34.6 34.523 34.488 34.455 34.448 34.43 34.435 34.463 34.448 34.443 34.423 34.38 34.275 34.228 34.37 34.368 34.315 34.253 34.22 34.21 34.188 34.163 34.2 34.215 34.133 34.113 34.133 34.113 34.11 34.133 34.145 34.203 34.238 34.258 34.233 34.315 34.618 34.758 34.925 34.973 34.963 35.03 35.018 35 34.97 34.618 34.308 34.263 34.313 34.493 34.513 34.49 34.515 34.525 34.465 34.355 34.203 34.038 33.87 33.728 33.698 33.745 33.725 33.66 33.593
34.585 34.583 34.545 34.518 34.535 34.483 34.55 34.648 34.598 34.508 34.455 34.458 34.463 34.438 34.465 34.47 34.45 34.425 34.42 34.34 34.258 34.405 34.405 34.365 34.295 34.24 34.203 34.213 34.17 34.185 34.233 34.22 34.135 34.125 34.175 34.148 34.145 34.153 34.198 34.238 34.275 34.28 34.275 34.498 34.755 34.878 34.958 34.993 35.033 35.053 35.028 35.01 34.893 34.438 34.288 34.335 34.453 34.5 34.473 34.483 34.528 34.488 34.428 34.268 34.098 33.943 33.81 33.738 33.75 33.738 33.708 33.625
34.623 34.603 34.575 34.558 34.555 34.52 34.52 34.645 34.658 34.573 34.495 34.478 34.498 34.47 34.495 34.498 34.475 34.465 34.458 34.403 34.308 34.323 34.438 34.383 34.33 34.273 34.235 34.238 34.21 34.203 34.208 34.24 34.195 34.133 34.16 34.178 34.168 34.16 34.188 34.23 34.275 34.27 34.278 34.375 34.665 34.813 34.953 35.005 35.02 35.063 35.06 35.028 35.023 34.625 34.335 34.283 34.455 34.543 34.498 34.495 34.498 34.51 34.468 34.365 34.228 34.065 33.893 33.763 33.765 33.743 33.72 33.683
34.648 34.623 34.623 34.588 34.583 34.558 34.515 34.625 34.67 34.645 34.545 34.485 34.523 34.52 34.508 34.52 34.55 34.51 34.49 34.458 34.393 34.323 34.423 34.393 34.335 34.318 34.265 34.23 34.223 34.228 34.248 34.273 34.243 34.173 34.165 34.198 34.2 34.188 34.178 34.215 34.283 34.28 34.298 34.325 34.535 34.763 34.915 35.07 35.05 35.06 35.075 35.043 35.033 34.823 34.433 34.318 34.44 34.543 34.52 34.5 34.518 34.558 34.53 34.43 34.338 34.185 34.03 33.865 33.81 33.765 33.76 33.743
34.653 34.665 34.66 34.633 34.585 34.595 34.59 34.578 34.663 34.675 34.608 34.545 34.54 34.545 34.55 34.553 34.555 34.545 34.535 34.528 34.473 34.393 34.375 34.425 34.385 34.315 34.29 34.26 34.278 34.29 34.253 34.263 34.305 34.23 34.183 34.21 34.23 34.213 34.208 34.225 34.27 34.32 34.32 34.335 34.415 34.615 34.83 35.025 35.085 35.043 35.085 35.095 35.058 34.985 34.62 34.355 34.335 34.498 34.55 34.525 34.528 34.57 34.59 34.518 34.468 34.293 34.133 33.968 33.858 33.798 33.785 33.773
34.653 34.685 34.685 34.658 34.633 34.613 34.628 34.598 34.66 34.715 34.678 34.608 34.568 34.568 34.568 34.563 34.57 34.59 34.575 34.575 34.543 34.48 34.408 34.46 34.418 34.348 34.37 34.32 34.303 34.325 34.28 34.26 34.313 34.29 34.22 34.203 34.255 34.253 34.24 34.228 34.245 34.305 34.338 34.335 34.365 34.523 34.743 34.975 35.135 35.068 35.105 35.13 35.09 35.05 34.888 34.445 34.318 34.385 34.523 34.573 34.578 34.55 34.638 34.58 34.523 34.385 34.245 34.073 33.933 33.89 33.838 33.775
34.7 34.7 34.703 34.688 34.68 34.66 34.655 34.65 34.653 34.755 34.73 34.68 34.623 34.575 34.6 34.61 34.603 34.635 34.608 34.618 34.605 34.57 34.483 34.473 34.495 34.445 34.398 34.37 34.343 34.358 34.328 34.29 34.308 34.333 34.29 34.238 34.275 34.298 34.25 34.24 34.243 34.268 34.328 34.353 34.375 34.438 34.655 34.9 35.125 35.158 35.078 35.14 35.11 35.088 35.043 34.638 34.363 34.328 34.513 34.643 34.628 34.608 34.658 34.683 34.595 34.49 34.335 34.188 34.03 33.955 33.913 33.83
34.72 34.725 34.745 34.745 34.725 34.705 34.693 34.698 34.658 34.753 34.778 34.745 34.685 34.605 34.63 34.655 34.633 34.635 34.663 34.663 34.648 34.615 34.57 34.495 34.555 34.573 34.495 34.438 34.37 34.363 34.385 34.33 34.325 34.36 34.355 34.298 34.285 34.318 34.303 34.278 34.25 34.268 34.318 34.355 34.358 34.4 34.555 34.78 35.008 35.175 35.115 35.138 35.133 35.098 35.138 34.865 34.433 34.313 34.398 34.66 34.67 34.618 34.653 34.708 34.658 34.578 34.45 34.323 34.17 34.035 33.965 33.893
34.75 34.735 34.778 34.783 34.78 34.753 34.735 34.745 34.718 34.753 34.843 34.845 34.76 34.668 34.663 34.695 34.71 34.68 34.703 34.705 34.7 34.688 34.64 34.56 34.558 34.618 34.553 34.535 34.475 34.423 34.433 34.398 34.348 34.378 34.405 34.373 34.308 34.305 34.343 34.295 34.27 34.263 34.303 34.353 34.33 34.36 34.45 34.643 34.89 35.083 35.158 35.13 35.15 35.128 35.103 35.05 34.653 34.363 34.298 34.495 34.698 34.67 34.698 34.72 34.703 34.623 34.548 34.425 34.28 34.133 34.01 33.945
34.793 34.818 34.828 34.83 34.85 34.858 34.795 34.79 34.788 34.773 34.82 34.903 34.818 34.768 34.715 34.713 34.74 34.745 34.755 34.748 34.76 34.735 34.71 34.66 34.613 34.66 34.64 34.593 34.563 34.483 34.455 34.443 34.405 34.395 34.438 34.438 34.345 34.318 34.34 34.33 34.285 34.275 34.283 34.31 34.35 34.338 34.398 34.525 34.748 34.993 35.143 35.128 35.163 35.175 35.135 35.12 34.938 34.48 34.293 34.368 34.64 34.725 34.705 34.725 34.79 34.693 34.62 34.468 34.298 34.203 34.068 33.995
34.835 34.843 34.845 34.863 34.883 34.92 34.873 34.823 34.84 34.833 34.855 34.91 34.945 34.875 34.79 34.773 34.803 34.805 34.808 34.803 34.808 34.785 34.773 34.738 34.685 34.693 34.693 34.653 34.613 34.545 34.523 34.5 34.488 34.435 34.455 34.478 34.423 34.36 34.36 34.395 34.358 34.3 34.3 34.308 34.333 34.35 34.373 34.48 34.66 34.89 35.068 35.158 35.15 35.21 35.175 35.128 35.158 34.693 34.333 34.285 34.483 34.745 34.755 34.748 34.788 34.775 34.693 34.563 34.36 34.22 34.09 34.015
34.905 34.88 34.89 34.9 34.91 34.933 34.935 34.9 34.89 34.893 34.898 34.958 34.995 34.965 34.88 34.83 34.843 34.873 34.855 34.838 34.85 34.85 34.828 34.813 34.755 34.73 34.738 34.72 34.685 34.648 34.595 34.568 34.555 34.525 34.488 34.518 34.498 34.433 34.393 34.403 34.383 34.345 34.315 34.32 34.323 34.338 34.34 34.39 34.53 34.75 35.01 35.138 35.113 35.21 35.205 35.145 35.205 34.978 34.515 34.288 34.415 34.768 34.79 34.783 34.808 34.813 34.773 34.66 34.488 34.298 34.133 33.995
