LIDAR/se2985_DTM_2M.asc
ncols 500
nrows 500
xllcorner    429000
yllcorner    485000
cellsize     2
NODATA_value -9999
[rows 128 to 159 of 500, columns 0 to 72 of 500]
28.689 28.949 29.051 29.114 29.149 29.159 29.209 29.221 29.076 28.936 28.891 28.791 28.726 28.726 28.709 28.724 28.759 28.784 28.811 28.854 28.911 28.959 29.001 29.051 29.086 29.116 29.136 29.206 29.229 29.239 29.281 29.279 29.281 29.266 29.276 29.266 29.271 29.274 29.294 29.279 29.279 29.281 29.274 29.289 29.291 29.286 29.249 29.181 29.104 29.019 28.916 28.769 28.619 28.544 28.449 28.394 28.351 28.301 28.289 28.296 28.286 28.281 28.259 28.256 28.244 28.241 28.261 28.266 28.276 28.304 28.284 28.224 28.246
28.474 28.996 29.259 29.206 29.206 29.144 29.231 29.286 29.199 29.004 28.901 28.846 28.779 28.729 28.704 28.699 28.739 28.759 28.751 28.829 28.874 28.929 28.974 29.021 29.086 29.096 29.111 29.144 29.189 29.181 29.196 29.226 29.216 29.251 29.259 29.249 29.231 29.246 29.246 29.251 29.256 29.249 29.254 29.291 29.289 29.251 29.184 29.081 28.964 28.874 28.801 28.679 28.611 28.524 28.469 28.399 28.331 28.296 28.294 28.271 28.254 28.266 28.274 28.276 28.276 28.271 28.271 28.281 28.251 28.289 28.291 28.279 28.264
28.496 28.956 29.176 29.246 29.291 29.131 29.174 29.311 29.334 29.099 28.909 28.881 28.809 28.751 28.701 28.699 28.716 28.711 28.696 28.756 28.829 28.891 28.914 28.959 28.981 29.011 29.046 29.084 29.134 29.144 29.181 29.179 29.224 29.226 29.251 29.214 29.226 29.231 29.251 29.206 29.226 29.214 29.201 29.236 29.236 29.199 29.081 28.951 28.834 28.741 28.681 28.656 28.604 28.516 28.459 28.384 28.329 28.306 28.291 28.261 28.249 28.231 28.241 28.264 28.256 28.296 28.266 28.264 28.261 28.274 28.314 28.269 28.241
28.499 28.941 29.114 29.221 29.241 29.236 29.201 29.286 29.269 29.086 28.971 28.939 28.864 28.806 28.749 28.719 28.714 28.674 28.689 28.744 28.776 28.816 28.836 28.864 28.924 28.964 28.989 29.029 29.089 29.116 29.166 29.159 29.184 29.201 29.204 29.206 29.159 29.169 29.191 29.179 29.189 29.171 29.164 29.136 29.104 29.061 28.949 28.786 28.731 28.729 28.686 28.629 28.571 28.504 28.436 28.386 28.316 28.279 28.284 28.239 28.256 28.234 28.234 28.254 28.246 28.291 28.286 28.249 28.234 28.264 28.301 28.211 28.224
28.651 28.984 29.174 29.229 29.259 29.314 29.324 29.279 29.271 29.129 29.066 28.946 28.886 28.836 28.826 28.776 28.699 28.689 28.661 28.706 28.699 28.736 28.784 28.824 28.894 28.931 28.971 29.019 29.044 29.066 29.114 29.111 29.129 29.131 29.139 29.109 29.106 29.104 29.141 29.099 29.096 29.074 29.044 29.004 28.971 28.911 28.851 28.794 28.746 28.744 28.664 28.579 28.511 28.451 28.406 28.359 28.321 28.286 28.279 28.251 28.231 28.251 28.251 28.239 28.234 28.251 28.259 28.251 28.194 28.244 28.299 28.246 28.224
28.946 29.121 29.309 29.409 29.406 29.314 29.296 29.296 29.409 29.319 29.111 28.934 28.894 28.884 28.866 28.786 28.716 28.696 28.661 28.669 28.681 28.706 28.764 28.791 28.841 28.869 28.916 28.969 28.986 29.011 29.016 29.029 29.041 29.046 29.056 29.059 29.051 29.046 29.064 29.024 29.006 28.954 28.936 28.919 28.886 28.876 28.831 28.821 28.819 28.739 28.639 28.524 28.456 28.399 28.366 28.341 28.311 28.269 28.254 28.226 28.216 28.244 28.241 28.239 28.259 28.256 28.229 28.234 28.254 28.274 28.271 28.276 28.274
28.899 29.174 29.359 29.519 29.436 29.181 29.314 29.421 29.701 29.699 29.264 28.986 28.944 28.956 28.906 28.794 28.741 28.709 28.684 28.691 28.716 28.721 28.739 28.781 28.831 28.826 28.896 28.904 28.919 28.954 28.969 28.961 28.969 28.976 28.989 28.996 28.989 29.004 28.971 28.956 28.929 28.881 28.874 28.839 28.849 28.881 28.859 28.879 28.826 28.744 28.616 28.511 28.401 28.374 28.339 28.306 28.271 28.234 28.236 28.211 28.194 28.204 28.229 28.239 28.226 28.231 28.244 28.229 28.216 28.241 28.264 28.254 28.294
28.679 28.996 29.314 29.541 29.411 29.234 29.261 29.394 29.621 29.594 29.324 29.114 28.976 28.964 28.896 28.809 28.809 28.751 28.749 28.736 28.774 28.751 28.734 28.776 28.796 28.826 28.841 28.851 28.891 28.899 28.904 28.936 28.934 28.941 28.941 28.959 28.939 28.946 28.881 28.874 28.871 28.866 28.889 28.866 28.899 28.886 28.869 28.856 28.809 28.704 28.609 28.509 28.424 28.359 28.331 28.269 28.221 28.234 28.221 28.194 28.216 28.209 28.229 28.204 28.211 28.239 28.231 28.251 28.226 28.256 28.264 28.271 28.261
28.496 28.941 29.324 29.499 29.391 29.194 29.146 29.234 29.399 29.376 29.279 29.169 29.056 28.936 28.881 28.849 28.821 28.791 28.816 28.821 28.849 28.834 28.809 28.811 28.819 28.854 28.859 28.866 28.844 28.856 28.896 28.891 28.891 28.881 28.884 28.884 28.876 28.861 28.851 28.876 28.894 28.946 28.934 28.916 28.921 28.906 28.876 28.859 28.774 28.696 28.611 28.491 28.414 28.339 28.316 28.251 28.201 28.216 28.236 28.206 28.221 28.209 28.199 28.194 28.219 28.234 28.244 28.221 28.224 28.254 28.251 28.241 28.236
28.639 29.036 29.256 29.381 29.266 29.121 29.094 29.086 29.196 29.206 29.211 29.184 29.071 28.986 28.916 28.881 28.856 28.849 28.871 28.866 28.871 28.899 28.879 28.906 28.919 28.924 28.899 28.884 28.869 28.871 28.876 28.874 28.896 28.889 28.851 28.849 28.884 28.901 28.899 28.926 28.974 28.974 28.959 28.909 28.884 28.836 28.764 28.731 28.684 28.611 28.524 28.459 28.354 28.306 28.299 28.254 28.216 28.224 28.196 28.199 28.221 28.231 28.206 28.224 28.241 28.234 28.254 28.251 28.254 28.234 28.254 28.246 28.254
28.519 28.899 29.131 29.289 29.206 29.111 29.101 29.024 29.049 29.076 29.179 29.231 29.134 29.051 28.961 28.926 28.926 28.889 28.901 28.904 28.894 28.949 28.946 28.954 28.974 28.984 28.964 28.936 28.961 28.946 28.964 28.936 28.929 28.936 28.941 28.954 28.954 28.976 28.956 28.941 28.944 28.924 28.911 28.856 28.784 28.741 28.691 28.626 28.556 28.501 28.484 28.449 28.384 28.314 28.279 28.236 28.191 28.206 28.211 28.196 28.226 28.231 28.231 28.206 28.214 28.229 28.239 28.229 28.256 28.224 28.231 28.249 28.221
28.446 28.779 29.049 29.271 29.234 29.126 29.059 29.064 29.056 29.031 29.136 29.259 29.199 29.109 29.046 28.989 28.916 28.899 28.904 28.926 28.906 28.941 29.006 28.979 28.984 28.979 29.001 28.991 29.039 29.024 28.994 28.989 28.981 28.979 28.986 28.984 28.996 28.991 28.974 28.934 28.891 28.879 28.821 28.801 28.724 28.664 28.646 28.584 28.526 28.494 28.444 28.449 28.404 28.314 28.266 28.229 28.191 28.194 28.206 28.211 28.246 28.241 28.219 28.181 28.211 28.214 28.239 28.221 28.221 28.199 28.241 28.231 28.214
28.519 28.791 29.096 29.236 29.259 29.099 29.034 29.119 29.041 29.046 29.114 29.129 29.149 29.141 29.116 29.026 28.959 28.924 28.921 28.941 28.926 28.959 28.976 28.984 28.989 28.991 29.044 29.046 29.036 29.029 29.016 29.036 29.041 28.996 28.996 29.001 28.956 28.949 28.916 28.911 28.859 28.819 28.789 28.729 28.679 28.626 28.586 28.536 28.511 28.431 28.381 28.384 28.364 28.301 28.276 28.256 28.234 28.206 28.231 28.246 28.231 28.214 28.226 28.206 28.209 28.201 28.201 28.206 28.229 28.231 28.254 28.211 28.224
28.621 29.111 29.251 29.171 29.204 29.021 29.044 29.041 29.044 29.029 29.096 29.106 29.091 29.061 29.009 28.976 28.949 28.919 28.916 28.916 28.924 28.936 28.944 28.979 28.976 29.004 28.996 29.009 29.031 29.039 29.046 29.021 29.011 29.004 28.979 28.949 28.911 28.884 28.871 28.841 28.804 28.751 28.721 28.684 28.644 28.611 28.579 28.511 28.471 28.466 28.416 28.394 28.366 28.364 28.304 28.294 28.256 28.261 28.259 28.241 28.246 28.234 28.226 28.219 28.211 28.196 28.229 28.241 28.226 28.224 28.206 28.196 28.209
28.546 29.019 29.169 29.111 29.136 29.021 29.071 29.064 29.024 29.049 29.109 29.101 29.131 29.146 29.044 28.936 28.891 28.881 28.881 28.879 28.906 28.929 28.906 28.931 28.956 28.976 28.989 29.006 29.019 29.034 29.026 28.981 28.996 28.946 28.934 28.874 28.876 28.819 28.801 28.751 28.709 28.651 28.631 28.626 28.561 28.576 28.561 28.484 28.461 28.449 28.424 28.401 28.361 28.369 28.324 28.296 28.254 28.224 28.256 28.231 28.231 28.224 28.239 28.226 28.224 28.201 28.194 28.209 28.259 28.254 28.264 28.256 28.229
28.704 29.009 29.046 29.061 29.051 29.041 29.039 29.069 29.046 29.116 29.056 29.076 29.144 29.221 29.114 28.951 28.834 28.839 28.856 28.869 28.874 28.871 28.889 28.934 28.944 28.984 28.984 29.026 29.014 29.006 28.981 28.956 28.911 28.896 28.871 28.824 28.816 28.779 28.731 28.689 28.674 28.631 28.619 28.571 28.561 28.524 28.494 28.484 28.461 28.406 28.371 28.379 28.396 28.326 28.296 28.299 28.256 28.269 28.256 28.224 28.269 28.239 28.244 28.204 28.214 28.181 28.184 28.246 28.261 28.276 28.326 28.319 28.269
28.759 29.044 29.134 29.074 29.104 29.096 29.019 28.941 29.016 29.039 29.009 29.024 29.021 29.114 29.101 28.929 28.844 28.804 28.804 28.786 28.821 28.854 28.896 28.959 28.961 28.981 29.036 29.029 29.009 28.961 28.929 28.901 28.891 28.871 28.826 28.784 28.741 28.689 28.646 28.636 28.556 28.529 28.504 28.481 28.466 28.474 28.464 28.439 28.424 28.394 28.369 28.356 28.321 28.334 28.301 28.284 28.259 28.271 28.224 28.221 28.221 28.204 28.224 28.259 28.249 28.256 28.311 28.329 28.324 28.269 28.239 28.354 28.354
28.749 29.024 29.144 29.069 29.076 29.031 28.961 28.969 28.981 28.964 28.961 28.949 28.926 28.959 29.024 28.854 28.829 28.766 28.764 28.816 28.826 28.821 28.889 28.924 28.941 28.976 29.006 28.989 28.951 28.951 28.929 28.906 28.861 28.839 28.796 28.719 28.694 28.691 28.654 28.636 28.574 28.506 28.489 28.454 28.434 28.434 28.434 28.419 28.411 28.371 28.354 28.311 28.364 28.356 28.331 28.314 28.284 28.281 28.249 28.251 28.234 28.194 28.216 28.259 28.279 28.326 28.399 28.446 28.504 28.496 28.509 28.481 28.389
28.909 29.066 29.126 29.084 29.026 28.956 28.959 28.979 28.974 28.876 28.819 28.929 29.001 29.009 28.981 28.829 28.786 28.754 28.766 28.789 28.774 28.791 28.874 28.901 28.919 28.916 28.921 28.934 28.954 28.911 28.899 28.836 28.794 28.739 28.691 28.654 28.631 28.631 28.616 28.566 28.529 28.486 28.481 28.459 28.454 28.411 28.449 28.446 28.414 28.364 28.344 28.359 28.384 28.341 28.344 28.301 28.289 28.291 28.274 28.261 28.249 28.244 28.256 28.304 28.329 28.456 28.566 28.649 28.676 28.691 28.604 28.414 28.184
28.966 29.031 29.094 29.121 29.064 28.976 28.934 28.951 28.881 28.796 28.824 28.941 28.994 29.111 29.066 28.896 28.799 28.804 28.784 28.796 28.799 28.836 28.861 28.834 28.879 28.884 28.894 28.906 28.911 28.886 28.839 28.824 28.754 28.731 28.636 28.606 28.549 28.489 28.504 28.481 28.449 28.439 28.446 28.439 28.436 28.394 28.424 28.426 28.434 28.369 28.306 28.349 28.396 28.369 28.316 28.321 28.274 28.281 28.284 28.264 28.231 28.301 28.311 28.421 28.499 28.616 28.701 28.746 28.726 28.581 28.204 27.999 28.009
28.966 28.971 29.056 29.056 29.009 28.974 28.931 28.934 28.824 28.811 28.874 28.901 29.034 29.179 29.194 28.974 28.844 28.834 28.794 28.809 28.826 28.851 28.856 28.826 28.854 28.889 28.894 28.924 28.876 28.864 28.821 28.779 28.736 28.721 28.631 28.616 28.529 28.461 28.451 28.416 28.456 28.406 28.464 28.441 28.431 28.419 28.414 28.399 28.379 28.396 28.354 28.341 28.339 28.376 28.326 28.289 28.279 28.281 28.284 28.284 28.331 28.391 28.476 28.566 28.659 28.641 28.576 28.496 28.476 28.579 28.819 28.576 28.856
28.976 29.024 29.004 28.951 28.924 28.909 28.896 28.994 28.914 28.844 28.904 28.939 28.996 29.139 29.171 29.019 28.971 28.889 28.779 28.814 28.826 28.854 28.841 28.851 28.866 28.886 28.879 28.894 28.889 28.844 28.844 28.779 28.689 28.659 28.614 28.581 28.541 28.469 28.451 28.436 28.414 28.396 28.409 28.426 28.414 28.389 28.409 28.376 28.389 28.379 28.384 28.364 28.381 28.366 28.359 28.296 28.284 28.289 28.344 28.364 28.431 28.546 28.584 28.619 28.639 28.389 28.111 28.376 28.489 28.914 29.601 29.441 29.451
29.039 29.009 28.924 28.944 28.969 28.851 28.824 28.924 28.884 28.919 28.954 28.956 28.959 29.034 29.019 29.016 29.051 28.864 28.839 28.809 28.784 28.824 28.826 28.844 28.869 28.886 28.906 28.911 28.894 28.879 28.811 28.764 28.714 28.674 28.619 28.586 28.549 28.516 28.524 28.506 28.446 28.404 28.431 28.391 28.406 28.404 28.389 28.396 28.386 28.386 28.401 28.386 28.386 28.319 28.309 28.301 28.334 28.349 28.431 28.486 28.584 28.496 28.534 28.469 28.596 28.444 28.474 28.921 29.229 29.484 29.659 29.654 29.636
29.091 29.076 28.996 29.026 29.014 28.894 28.879 28.874 28.876 28.906 28.921 28.931 28.946 28.939 28.979 29.076 28.999 28.916 28.924 28.876 28.811 28.826 28.831 28.884 28.876 28.881 28.914 28.926 28.904 28.866 28.824 28.806 28.759 28.706 28.636 28.626 28.604 28.546 28.534 28.514 28.489 28.454 28.406 28.421 28.391 28.354 28.354 28.394 28.384 28.366 28.381 28.374 28.334 28.284 28.349 28.401 28.476 28.501 28.466 28.381 28.299 28.109 28.351 28.576 28.879 29.196 29.274 29.474 29.631 29.714 29.746 29.754 29.686
29.064 29.084 29.151 29.084 28.981 28.941 28.919 28.886 28.884 28.874 28.906 28.911 28.946 28.956 28.951 29.111 29.164 29.091 29.014 28.936 28.799 28.786 28.849 28.841 28.896 28.894 28.936 28.936 28.911 28.869 28.839 28.786 28.751 28.736 28.719 28.691 28.646 28.606 28.554 28.516 28.469 28.481 28.429 28.416 28.366 28.384 28.351 28.341 28.374 28.339 28.356 28.384 28.381 28.354 28.521 28.589 28.556 28.306 28.144 28.054 28.001 28.234 28.756 29.199 29.416 29.541 29.594 29.696 29.754 29.809 29.834 29.819 29.799
29.019 29.099 29.066 29.066 29.016 28.894 28.821 28.879 28.904 28.891 28.856 28.889 28.974 28.976 29.006 29.046 29.221 29.139 28.974 28.814 28.766 28.756 28.806 28.829 28.871 28.889 28.914 28.901 28.906 28.869 28.849 28.826 28.801 28.804 28.799 28.794 28.751 28.744 28.696 28.684 28.589 28.576 28.504 28.444 28.411 28.401 28.384 28.321 28.406 28.416 28.419 28.501 28.549 28.564 28.476 28.386 28.189 28.209 28.096 28.196 28.659 29.214 29.464 29.624 29.659 29.714 29.751 29.841 29.874 29.899 29.909 29.879 29.811
28.881 29.004 28.976 29.029 29.009 28.909 28.819 28.856 28.919 28.926 28.844 28.889 28.931 28.989 29.074 29.131 29.176 29.054 28.889 28.791 28.759 28.754 28.789 28.824 28.819 28.819 28.831 28.851 28.851 28.851 28.854 28.826 28.846 28.866 28.861 28.851 28.846 28.859 28.861 28.811 28.764 28.671 28.599 28.516 28.434 28.389 28.414 28.419 28.476 28.564 28.609 28.584 28.391 28.234 28.051 28.054 28.154 28.949 29.011 29.224 29.436 29.584 29.699 29.759 29.791 29.826 29.881 29.941 29.961 29.954 29.924 29.884 29.821
28.849 28.849 28.866 28.914 28.936 28.826 28.824 28.881 28.926 28.969 28.906 28.891 28.961 29.021 29.019 29.024 29.069 29.014 28.931 28.861 28.806 28.784 28.804 28.819 28.796 28.766 28.811 28.784 28.759 28.789 28.816 28.784 28.861 28.886 28.916 28.921 28.919 28.929 28.934 28.899 28.894 28.831 28.736 28.646 28.554 28.534 28.561 28.566 28.516 28.626 28.336 28.134 27.931 28.094 28.591 28.691 29.171 29.416 29.514 29.594 29.646 29.666 29.726 29.821 29.904 29.986 30.006 30.009 30.044 30.004 29.939 29.896 29.846
28.856 28.819 28.829 28.804 28.816 28.789 28.946 28.969 28.891 28.909 28.929 28.884 28.904 28.934 28.961 28.986 29.074 29.086 29.009 28.891 28.831 28.836 28.849 28.839 28.799 28.801 28.781 28.759 28.736 28.764 28.789 28.781 28.824 28.851 28.874 28.904 28.926 28.951 28.981 28.996 28.986 28.964 28.939 28.869 28.759 28.709 28.684 28.511 28.279 28.256 27.941 28.109 28.759 29.134 29.364 29.451 29.526 29.596 29.664 29.676 29.709 29.791 29.849 29.926 30.009 30.046 30.064 30.061 30.051 29.981 29.949 29.889 29.851
28.899 28.859 28.811 28.824 28.831 28.869 28.904 28.891 28.849 28.851 28.946 29.009 28.969 28.939 28.966 29.034 29.154 29.176 29.124 28.981 28.934 28.821 28.844 28.861 28.841 28.831 28.854 28.779 28.776 28.734 28.801 28.779 28.806 28.811 28.806 28.829 28.884 28.951 29.004 29.031 29.056 29.074 29.084 29.019 28.866 28.736 28.429 28.121 28.216 28.711 28.709 28.959 29.374 29.519 29.591 29.626 29.664 29.724 29.754 29.806 29.864 29.911 29.964 30.024 30.064 30.094 30.119 30.084 30.031 29.984 29.936 29.901 29.881
28.976 28.881 28.834 28.849 28.839 28.854 28.861 28.916 28.941 28.999 28.991 29.021 29.016 29.066 29.079 29.121 29.176 29.166 29.169 29.046 29.066 28.971 28.871 28.884 28.879 28.899 28.916 28.864 28.856 28.844 28.824 28.806 28.809 28.799 28.811 28.804 28.869 28.946 29.026 29.094 29.106 29.136 28.954 28.519 28.419 28.359 28.036 28.469 29.176 29.391 29.459 29.521 29.584 29.674 29.701 29.711 29.756 29.801 29.864 29.931 30.001 30.026 30.049 30.084 30.074 30.101 30.094 30.069 30.049 30.019 29.961 29.899 29.876
29.046 28.941 28.891 28.956 28.966 28.956 28.944 29.006 29.034 29.104 29.154 29.231 29.104 29.134 29.229 29.241 29.226 29.199 29.216 29.204 29.099 28.946 28.916 28.911 28.929 28.976 28.939 28.936 28.911 28.926 28.906 28.876 28.879 28.879 28.874 28.924 28.914 28.931 29.016 29.034 28.904 28.919 28.594 28.164 28.411 28.589 29.036 29.409 29.514 29.629 29.726 29.684 29.716 29.754 29.804 29.854 29.911 29.951 30.006 30.076 30.084 30.114 30.094 30.089 30.051 30.054 30.046 30.056 30.016 29.991 29.946 29.914 29.906
