LIDAR/se2987_DTM_2M.asc
ncols 500
nrows 500
xllcorner    429000
yllcorner    487000
cellsize     2
NODATA_value -9999
[rows 288 to 319 of 500, columns 216 to 287 of 500]
40.598 40.525 40.38 40.395 40.315 40.308 40.248 40.225 40.198 40.123 40.065 40.038 39.99 39.923 39.875 39.82 39.805 39.82 39.753 39.703 39.67 39.63 39.603 39.585 39.538 39.478 39.44 39.35 39.353 39.295 39.273 39.245 39.183 39.155 39.088 39.083 39.043 38.978 38.945 38.898 38.85 38.795 38.74 38.558 38.528 38.55 38.465 38.453 38.428 38.4 38.363 38.363 38.345 38.335 38.33 38.285 38.24 38.213 38.17 38.15 38.105 38.078 38.075 38.063 38.035 38.025 38.045 38.018 38.03 38.045 38.043 38.028
40.553 40.435 40.403 40.373 40.313 40.303 40.243 40.21 40.193 40.14 40.08 39.98 40.01 39.905 39.873 39.815 39.803 39.773 39.728 39.688 39.675 39.638 39.605 39.56 39.51 39.468 39.445 39.398 39.328 39.278 39.265 39.198 39.165 39.173 39.085 39.04 38.988 38.955 38.935 38.875 38.815 38.77 38.708 38.623 38.49 38.53 38.473 38.458 38.435 38.375 38.355 38.333 38.32 38.31 38.303 38.275 38.238 38.225 38.17 38.155 38.135 38.103 38.065 38.06 38.053 38.015 38.048 38.048 38.025 38.023 38.023 38.02
40.543 40.415 40.335 40.348 40.333 40.28 40.215 40.17 40.155 40.113 40.053 39.97 39.968 39.923 39.815 39.823 39.788 39.788 39.733 39.68 39.673 39.633 39.603 39.56 39.493 39.425 39.373 39.385 39.305 39.278 39.258 39.188 39.153 39.13 39.068 39.018 38.95 38.938 38.88 38.845 38.795 38.743 38.713 38.648 38.483 38.488 38.463 38.458 38.428 38.375 38.323 38.31 38.305 38.295 38.315 38.275 38.25 38.21 38.185 38.183 38.13 38.125 38.073 38.058 38.038 38.003 38.018 38.005 38.02 38.018 38.015 38.028
40.598 40.425 40.323 40.315 40.315 40.228 40.173 40.138 40.125 40.115 40.02 39.948 39.933 39.915 39.825 39.83 39.783 39.795 39.74 39.673 39.645 39.608 39.595 39.543 39.495 39.428 39.365 39.355 39.31 39.25 39.235 39.163 39.123 39.083 39.05 38.988 38.945 38.913 38.855 38.81 38.783 38.703 38.69 38.625 38.575 38.413 38.478 38.435 38.413 38.358 38.298 38.318 38.318 38.31 38.275 38.25 38.24 38.23 38.168 38.145 38.133 38.115 38.073 38.035 38.035 38.02 38.025 38.003 38 38.008 38.013 38.04
40.633 40.448 40.313 40.293 40.273 40.228 40.178 40.133 40.095 40.058 39.983 39.933 39.928 39.878 39.835 39.81 39.76 39.773 39.74 39.658 39.633 39.608 39.553 39.52 39.5 39.453 39.405 39.34 39.288 39.2 39.195 39.128 39.093 39.053 39.035 38.998 38.915 38.89 38.845 38.815 38.79 38.735 38.713 38.655 38.595 38.475 38.438 38.383 38.353 38.335 38.33 38.338 38.3 38.288 38.288 38.26 38.258 38.233 38.19 38.13 38.128 38.115 38.08 38.055 38.018 38 38.005 38.025 38.028 38.005 38.018 38.033
40.558 40.38 40.283 40.265 40.24 40.233 40.143 40.098 40.11 40.035 40.013 39.938 39.925 39.885 39.868 39.843 39.765 39.708 39.728 39.683 39.623 39.593 39.565 39.5 39.455 39.39 39.355 39.318 39.283 39.208 39.168 39.115 39.06 39.023 38.975 38.963 38.9 38.868 38.82 38.79 38.75 38.718 38.683 38.635 38.563 38.465 38.38 38.42 38.383 38.365 38.34 38.323 38.285 38.275 38.258 38.248 38.243 38.218 38.175 38.133 38.12 38.105 38.085 38.043 38.043 38.033 38.03 38.013 38.015 38.02 38.013 37.998
40.533 40.378 40.27 40.255 40.228 40.193 40.12 40.118 40.095 40.008 40.015 39.96 39.92 39.88 39.858 39.803 39.76 39.695 39.698 39.673 39.598 39.545 39.513 39.52 39.43 39.395 39.353 39.3 39.268 39.185 39.133 39.085 39.03 38.96 38.948 38.94 38.873 38.828 38.808 38.76 38.71 38.723 38.658 38.618 38.593 38.513 38.388 38.408 38.365 38.355 38.34 38.34 38.28 38.278 38.238 38.22 38.248 38.223 38.178 38.133 38.123 38.108 38.083 38.068 38.048 38.023 38.028 38.01 38.015 38.02 38.008 38.01
40.493 40.353 40.275 40.248 40.195 40.17 40.128 40.093 40.103 40.02 39.99 39.955 39.923 39.86 39.86 39.795 39.755 39.713 39.698 39.663 39.578 39.588 39.558 39.53 39.43 39.388 39.313 39.265 39.233 39.185 39.113 39.048 38.995 38.953 38.923 38.88 38.84 38.81 38.783 38.743 38.713 38.693 38.673 38.608 38.61 38.53 38.418 38.325 38.355 38.338 38.295 38.29 38.263 38.258 38.253 38.213 38.213 38.223 38.17 38.148 38.113 38.078 38.065 38.078 38.053 38.058 38.03 38.043 38.015 38.028 38.028 38.015
40.49 40.323 40.26 40.205 40.21 40.18 40.153 40.133 40.098 40.045 40.008 39.988 39.925 39.885 39.828 39.785 39.785 39.748 39.663 39.62 39.558 39.56 39.53 39.508 39.435 39.395 39.295 39.228 39.195 39.145 39.085 39.043 38.99 38.968 38.92 38.86 38.82 38.768 38.793 38.76 38.715 38.66 38.653 38.618 38.618 38.553 38.46 38.27 38.333 38.315 38.283 38.273 38.278 38.263 38.265 38.205 38.193 38.21 38.16 38.175 38.118 38.09 38.083 38.08 38.075 38.045 38.043 38.035 38.045 38.035 38.03 38.033
40.51 40.3 40.245 40.22 40.195 40.173 40.118 40.108 40.08 40.033 40.005 39.99 39.943 39.875 39.825 39.79 39.76 39.738 39.65 39.6 39.563 39.52 39.543 39.448 39.423 39.368 39.293 39.223 39.183 39.145 39.113 39.025 38.965 38.97 38.923 38.88 38.838 38.78 38.74 38.733 38.673 38.643 38.645 38.615 38.603 38.533 38.455 38.328 38.35 38.313 38.275 38.26 38.275 38.258 38.233 38.215 38.178 38.19 38.173 38.14 38.1 38.108 38.115 38.093 38.07 38.063 38.06 38.043 38.045 38.048 38.035 38.05
40.44 40.285 40.25 40.22 40.163 40.138 40.12 40.078 40.055 40.045 40.015 39.973 39.93 39.88 39.848 39.793 39.75 39.7 39.65 39.59 39.565 39.513 39.505 39.445 39.42 39.368 39.293 39.23 39.135 39.13 39.095 39.013 38.98 38.935 38.903 38.865 38.833 38.83 38.735 38.713 38.703 38.635 38.633 38.593 38.563 38.543 38.465 38.375 38.325 38.315 38.28 38.255 38.263 38.245 38.193 38.2 38.193 38.165 38.168 38.143 38.133 38.11 38.095 38.085 38.09 38.093 38.06 38.063 38.03 38.05 38.035 38.035
40.445 40.303 40.273 40.245 40.203 40.168 40.133 40.08 40.073 40.028 39.995 39.96 39.925 39.905 39.845 39.795 39.76 39.725 39.655 39.595 39.548 39.528 39.498 39.443 39.415 39.368 39.305 39.233 39.158 39.1 39.053 39.033 38.973 38.92 38.885 38.828 38.83 38.778 38.738 38.693 38.663 38.608 38.63 38.625 38.58 38.533 38.46 38.395 38.27 38.235 38.273 38.24 38.235 38.233 38.198 38.183 38.188 38.16 38.17 38.14 38.118 38.128 38.115 38.128 38.1 38.105 38.055 38.058 38.058 38.055 38.03 38.02
40.505 40.295 40.273 40.22 40.2 40.133 40.103 40.105 40.085 40.053 40.01 39.973 39.905 39.92 39.865 39.803 39.743 39.725 39.638 39.58 39.51 39.505 39.463 39.423 39.39 39.353 39.293 39.233 39.155 39.133 39.065 39.025 38.98 38.913 38.908 38.82 38.813 38.763 38.73 38.67 38.678 38.64 38.585 38.568 38.535 38.495 38.453 38.398 38.348 38.203 38.26 38.25 38.245 38.235 38.205 38.203 38.19 38.153 38.153 38.198 38.14 38.113 38.103 38.115 38.108 38.113 38.088 38.048 38.053 38.088 38.06 38.048
40.495 40.335 40.293 40.25 40.213 40.135 40.103 40.095 40.068 40.063 40.028 39.975 39.913 39.905 39.843 39.81 39.72 39.683 39.625 39.56 39.538 39.478 39.46 39.395 39.353 39.318 39.283 39.23 39.175 39.093 39.025 39.005 38.973 38.913 38.898 38.815 38.775 38.785 38.715 38.685 38.668 38.635 38.573 38.555 38.53 38.493 38.458 38.428 38.338 38.205 38.233 38.26 38.205 38.21 38.198 38.225 38.173 38.158 38.173 38.175 38.165 38.13 38.118 38.105 38.113 38.078 38.085 38.07 38.048 38.098 38.068 38.045
40.5 40.325 40.313 40.253 40.228 40.133 40.113 40.113 40.098 40.063 40.033 39.988 39.938 39.898 39.85 39.81 39.735 39.69 39.64 39.555 39.57 39.488 39.468 39.4 39.363 39.335 39.27 39.233 39.175 39.108 39.065 39.028 38.978 38.908 38.875 38.853 38.79 38.76 38.715 38.675 38.643 38.64 38.558 38.54 38.518 38.483 38.448 38.428 38.375 38.22 38.158 38.235 38.195 38.208 38.21 38.185 38.2 38.158 38.17 38.173 38.155 38.155 38.125 38.088 38.113 38.088 38.093 38.068 38.055 38.083 38.11 38.06
40.503 40.343 40.308 40.273 40.223 40.175 40.13 40.09 40.09 40.058 40.03 39.99 39.983 39.925 39.875 39.82 39.755 39.668 39.633 39.595 39.54 39.49 39.46 39.44 39.35 39.32 39.275 39.243 39.168 39.128 39.048 38.998 38.94 38.885 38.848 38.808 38.783 38.73 38.693 38.685 38.625 38.598 38.538 38.493 38.498 38.478 38.44 38.423 38.35 38.288 38.125 38.185 38.213 38.193 38.198 38.193 38.213 38.155 38.16 38.153 38.178 38.135 38.108 38.08 38.095 38.11 38.075 38.078 38.068 38.068 38.09 38.048
40.493 40.358 40.345 40.295 40.24 40.148 40.123 40.105 40.088 40.045 40.038 39.993 39.96 39.905 39.83 39.808 39.75 39.66 39.64 39.583 39.525 39.49 39.42 39.418 39.375 39.323 39.255 39.25 39.175 39.145 39.053 39.003 38.938 38.9 38.835 38.793 38.783 38.695 38.655 38.643 38.6 38.568 38.528 38.5 38.48 38.478 38.445 38.39 38.393 38.35 38.178 38.155 38.198 38.18 38.185 38.19 38.205 38.178 38.155 38.163 38.143 38.143 38.11 38.115 38.105 38.113 38.1 38.105 38.103 38.093 38.103 38.055
40.48 40.395 40.358 40.285 40.255 40.173 40.15 40.13 40.06 40.038 40.003 39.985 39.948 39.923 39.863 39.828 39.773 39.7 39.635 39.568 39.528 39.495 39.418 39.393 39.355 39.303 39.295 39.26 39.205 39.125 39.058 39.028 38.965 38.908 38.863 38.773 38.74 38.683 38.638 38.638 38.63 38.585 38.528 38.505 38.483 38.465 38.43 38.385 38.39 38.353 38.305 38.163 38.168 38.183 38.205 38.198 38.173 38.16 38.16 38.158 38.155 38.15 38.158 38.135 38.12 38.105 38.123 38.118 38.098 38.075 38.083 38.103
40.485 40.415 40.368 40.325 40.285 40.215 40.16 40.145 40.063 40.05 40.023 39.993 39.93 39.923 39.878 39.83 39.795 39.738 39.678 39.575 39.525 39.513 39.438 39.368 39.338 39.31 39.26 39.203 39.18 39.105 39.068 38.955 38.915 38.903 38.853 38.78 38.73 38.695 38.668 38.61 38.593 38.57 38.503 38.473 38.46 38.463 38.42 38.408 38.38 38.33 38.323 38.2 38.16 38.168 38.173 38.178 38.188 38.178 38.15 38.153 38.123 38.138 38.158 38.123 38.12 38.09 38.1 38.105 38.095 38.075 38.085 38.093
40.5 40.445 40.418 40.345 40.3 40.185 40.158 40.138 40.068 40.055 40.02 40.015 39.978 39.935 39.885 39.845 39.8 39.73 39.653 39.593 39.565 39.498 39.443 39.393 39.335 39.31 39.25 39.218 39.19 39.12 39.018 38.988 38.963 38.88 38.845 38.763 38.715 38.708 38.64 38.635 38.593 38.565 38.54 38.518 38.49 38.425 38.385 38.385 38.373 38.363 38.34 38.238 38.108 38.168 38.183 38.165 38.183 38.19 38.173 38.143 38.145 38.158 38.168 38.173 38.11 38.133 38.135 38.128 38.125 38.09 38.088 38.113
40.458 40.403 40.428 40.4 40.303 40.233 40.175 40.133 40.105 40.033 40.01 40.003 39.993 39.923 39.89 39.818 39.793 39.728 39.65 39.588 39.545 39.478 39.43 39.378 39.345 39.31 39.285 39.25 39.198 39.133 39.053 38.988 38.925 38.883 38.825 38.763 38.695 38.668 38.63 38.628 38.598 38.555 38.525 38.503 38.483 38.4 38.368 38.37 38.338 38.338 38.3 38.205 38.078 38.138 38.193 38.143 38.158 38.183 38.168 38.165 38.158 38.14 38.168 38.158 38.148 38.14 38.133 38.12 38.12 38.075 38.085 38.055
40.48 40.435 40.468 40.383 40.323 40.238 40.175 40.153 40.095 40.068 40.025 39.995 39.983 39.93 39.89 39.873 39.77 39.723 39.69 39.59 39.515 39.485 39.433 39.38 39.283 39.293 39.275 39.19 39.14 39.093 39.048 38.988 38.945 38.875 38.81 38.77 38.703 38.668 38.658 38.618 38.58 38.553 38.51 38.485 38.46 38.423 38.368 38.353 38.323 38.305 38.298 38.203 38.11 38.073 38.168 38.155 38.178 38.185 38.168 38.158 38.148 38.16 38.155 38.165 38.148 38.143 38.14 38.125 38.123 38.085 38.075 38.065
40.515 40.433 40.468 40.398 40.305 40.255 40.193 40.133 40.103 40.063 40.018 39.995 39.978 39.92 39.903 39.86 39.8 39.735 39.685 39.563 39.543 39.498 39.458 39.408 39.34 39.275 39.238 39.17 39.115 39.078 39.035 38.963 38.953 38.855 38.805 38.753 38.745 38.653 38.658 38.613 38.578 38.545 38.498 38.485 38.5 38.438 38.355 38.34 38.285 38.293 38.303 38.275 38.22 38.11 38.183 38.138 38.108 38.158 38.183 38.17 38.153 38.163 38.163 38.178 38.193 38.148 38.108 38.13 38.108 38.115 38.1 38.063
40.553 40.458 40.448 40.42 40.353 40.275 40.223 40.168 40.123 40.105 40.063 40.015 40.008 39.953 39.92 39.85 39.783 39.748 39.673 39.598 39.56 39.46 39.43 39.375 39.318 39.253 39.258 39.16 39.145 39.095 39.048 38.985 38.908 38.85 38.818 38.763 38.703 38.685 38.658 38.623 38.6 38.565 38.518 38.465 38.488 38.455 38.398 38.335 38.31 38.295 38.303 38.28 38.215 38.168 38.135 38.14 38.128 38.143 38.155 38.168 38.16 38.168 38.198 38.158 38.203 38.16 38.133 38.143 38.15 38.135 38.095 38.063
40.585 40.478 40.468 40.435 40.368 40.308 40.25 40.175 40.14 40.12 40.038 40.02 40.008 39.935 39.9 39.825 39.803 39.76 39.68 39.62 39.523 39.505 39.46 39.378 39.325 39.26 39.183 39.153 39.13 39.113 39.035 38.978 38.923 38.868 38.818 38.775 38.695 38.668 38.648 38.633 38.59 38.5 38.51 38.465 38.46 38.443 38.398 38.303 38.335 38.308 38.29 38.288 38.215 38.158 38.043 38.135 38.128 38.135 38.16 38.18 38.173 38.165 38.19 38.168 38.185 38.163 38.148 38.143 38.13 38.12 38.118 38.098
40.595 40.54 40.53 40.443 40.365 40.295 40.23 40.2 40.173 40.095 40.058 40.018 40.003 39.938 39.883 39.853 39.828 39.76 39.68 39.618 39.548 39.5 39.428 39.365 39.305 39.25 39.173 39.18 39.148 39.07 39.013 38.965 38.94 38.913 38.823 38.755 38.7 38.658 38.635 38.618 38.573 38.533 38.503 38.463 38.433 38.413 38.378 38.315 38.328 38.31 38.278 38.26 38.238 38.213 38.065 38.103 38.153 38.155 38.18 38.18 38.185 38.168 38.158 38.165 38.138 38.165 38.163 38.15 38.12 38.13 38.13 38.108
40.623 40.533 40.548 40.475 40.39 40.323 40.285 40.235 40.175 40.125 40.068 40.033 39.993 39.93 39.873 39.843 39.8 39.708 39.65 39.593 39.545 39.498 39.423 39.373 39.263 39.203 39.163 39.125 39.108 39.065 39.003 38.968 38.95 38.92 38.84 38.728 38.705 38.665 38.623 38.61 38.563 38.508 38.508 38.46 38.45 38.39 38.388 38.353 38.325 38.288 38.28 38.265 38.248 38.248 38.165 38.083 38.163 38.163 38.138 38.173 38.193 38.175 38.16 38.153 38.155 38.178 38.165 38.153 38.155 38.14 38.148 38.118
40.62 40.553 40.56 40.508 40.423 40.355 40.33 40.27 40.215 40.178 40.095 40.033 39.98 39.918 39.883 39.838 39.81 39.715 39.695 39.618 39.51 39.493 39.403 39.353 39.298 39.228 39.203 39.125 39.123 39.05 39.05 39.003 38.958 38.9 38.848 38.75 38.683 38.66 38.645 38.59 38.535 38.508 38.46 38.43 38.423 38.41 38.378 38.333 38.328 38.318 38.298 38.268 38.245 38.265 38.233 38.03 38.118 38.165 38.138 38.15 38.203 38.175 38.175 38.158 38.158 38.183 38.163 38.168 38.15 38.143 38.145 38.143
40.653 40.588 40.56 40.545 40.47 40.41 40.348 40.233 40.203 40.18 40.095 40.025 39.965 39.91 39.883 39.83 39.825 39.758 39.703 39.59 39.543 39.498 39.405 39.368 39.293 39.233 39.18 39.123 39.103 39.07 39.038 38.973 38.928 38.908 38.828 38.778 38.678 38.67 38.615 38.613 38.535 38.5 38.438 38.398 38.418 38.423 38.38 38.325 38.32 38.273 38.288 38.28 38.27 38.283 38.258 38.175 38.108 38.165 38.143 38.148 38.178 38.173 38.155 38.158 38.185 38.188 38.208 38.193 38.18 38.155 38.17 38.145
40.73 40.585 40.58 40.525 40.48 40.4 40.355 40.258 40.233 40.193 40.11 40.053 39.983 39.923 39.87 39.795 39.788 39.723 39.69 39.62 39.535 39.463 39.393 39.368 39.295 39.253 39.175 39.125 39.09 39.1 39.008 39.01 38.928 38.898 38.828 38.76 38.688 38.623 38.593 38.568 38.51 38.468 38.43 38.418 38.405 38.385 38.363 38.368 38.358 38.298 38.28 38.28 38.275 38.275 38.243 38.233 38.068 38.173 38.143 38.135 38.16 38.18 38.158 38.158 38.193 38.173 38.18 38.205 38.19 38.173 38.178 38.175
40.73 40.628 40.6 40.543 40.48 40.403 40.343 40.263 40.26 40.18 40.118 40.038 39.975 39.935 39.905 39.83 39.788 39.755 39.698 39.615 39.54 39.463 39.433 39.385 39.32 39.238 39.19 39.135 39.065 39.083 39.013 38.965 38.94 38.918 38.84 38.773 38.695 38.628 38.63 38.573 38.545 38.465 38.45 38.423 38.433 38.39 38.363 38.358 38.335 38.303 38.283 38.273 38.313 38.27 38.245 38.25 38.145 38.115 38.145 38.135 38.16 38.18 38.18 38.183 38.193 38.195 38.188 38.225 38.213 38.188 38.185 38.188
40.728 40.643 40.618 40.545 40.508 40.433 40.35 40.3 40.265 40.19 40.123 40.088 40.013 39.933 39.893 39.84 39.79 39.765 39.673 39.603 39.553 39.473 39.445 39.395 39.34 39.268 39.203 39.135 39.093 39.053 39.055 38.978 38.938 38.908 38.843 38.79 38.688 38.625 38.618 38.59 38.548 38.463 38.438 38.395 38.435 38.395 38.388 38.348 38.363 38.308 38.265 38.28 38.295 38.273 38.25 38.253 38.2 38.06 38.11 38.14 38.138 38.188 38.195 38.198 38.21 38.22 38.213 38.213 38.223 38.225 38.215 38.228
