LIDAR/se2988_DTM_2M.asc
ncols 500
nrows 500
xllcorner    429000
yllcorner    488000
cellsize     2
NODATA_value -9999
[rows 0 to 31 of 500, columns 216 to 287 of 500]
33.878 33.915 33.903 33.923 33.938 33.923 33.965 33.978 33.958 33.93 33.89 33.888 33.878 33.88 33.885 33.903 33.878 33.878 33.88 33.84 33.815 33.81 33.863 33.845 33.835 33.855 33.848 33.853 33.838 33.853 33.833 33.835 33.855 33.853 33.78 33.76 33.753 33.838 33.863 33.795 33.725 33.64 33.648 33.67 33.628 33.598 33.625 33.64 33.65 33.695 33.583 33.175 33.333 33.433 33.42 33.37 33.318 33.333 33.34 33.435 33.45 33.47 33.47 33.505 33.5 33.488 33.513 33.52 33.558 33.533 33.468 33.45
33.923 33.94 33.963 33.943 33.975 33.968 33.968 33.993 34.003 33.965 33.918 33.898 33.89 33.91 33.915 33.91 33.905 33.925 33.908 33.883 33.86 33.835 33.87 33.893 33.883 33.89 33.89 33.895 33.895 33.893 33.89 33.885 33.875 33.86 33.825 33.795 33.74 33.803 33.875 33.863 33.778 33.695 33.683 33.668 33.65 33.608 33.635 33.658 33.645 33.668 33.645 33.343 33.278 33.473 33.448 33.378 33.325 33.33 33.308 33.42 33.458 33.453 33.47 33.498 33.505 33.5 33.52 33.515 33.525 33.595 33.568 33.445
33.928 33.968 33.965 33.968 33.998 34.015 34.03 34.02 34.02 34.02 33.935 33.933 33.93 33.905 33.955 33.933 33.965 33.94 33.935 33.92 33.915 33.895 33.905 33.933 33.92 33.935 33.938 33.943 33.918 33.958 33.93 33.91 33.893 33.895 33.843 33.813 33.773 33.753 33.868 33.878 33.83 33.743 33.69 33.703 33.675 33.62 33.62 33.67 33.668 33.658 33.68 33.56 33.228 33.425 33.478 33.415 33.35 33.323 33.335 33.385 33.468 33.473 33.465 33.475 33.488 33.49 33.505 33.55 33.543 33.593 33.608 33.458
33.95 33.963 33.968 33.99 34.005 34.018 34.03 34.01 34.043 34.035 33.988 33.958 33.945 33.9 33.943 33.953 33.99 33.98 33.955 33.95 33.955 33.933 33.92 33.96 33.97 33.978 33.973 33.978 33.955 33.958 33.95 33.918 33.9 33.885 33.858 33.825 33.783 33.745 33.86 33.923 33.87 33.815 33.72 33.715 33.7 33.658 33.618 33.658 33.695 33.668 33.663 33.645 33.268 33.313 33.485 33.463 33.383 33.34 33.343 33.345 33.453 33.46 33.425 33.43 33.498 33.525 33.555 33.56 33.543 33.548 33.498 33.413
33.968 33.993 33.983 34.01 34.025 34.028 34.04 34.043 34.043 34.058 34.043 33.988 33.988 33.95 33.938 34 34.013 34.03 34.03 34.008 33.993 33.975 33.95 33.963 34.018 34.003 33.99 33.985 33.988 33.973 33.975 33.93 33.92 33.905 33.87 33.838 33.805 33.783 33.76 33.868 33.91 33.848 33.76 33.708 33.735 33.7 33.653 33.638 33.703 33.685 33.688 33.683 33.485 33.233 33.488 33.508 33.438 33.358 33.36 33.355 33.43 33.468 33.418 33.475 33.503 33.51 33.48 33.51 33.478 33.438 33.418 33.388
33.953 33.988 34 34.015 34.018 34.02 34.03 34.065 34.023 34.033 34.075 34.018 34.005 34.01 33.925 34 34.03 34.048 34.048 34.083 34.05 34.048 34 33.995 34.03 34.048 34.023 33.995 33.998 34.018 33.995 33.975 33.958 33.905 33.888 33.845 33.828 33.825 33.79 33.848 33.93 33.898 33.815 33.73 33.733 33.715 33.683 33.65 33.703 33.71 33.688 33.715 33.663 33.238 33.363 33.523 33.468 33.375 33.318 33.388 33.375 33.418 33.473 33.498 33.485 33.448 33.393 33.425 33.448 33.4 33.38 33.34
33.973 33.98 34.013 34.003 34.013 34.008 34.033 34.043 34.043 34.038 34.08 34.075 33.998 34.04 34.003 33.998 34.038 34.073 34.1 34.09 34.07 34.06 34.073 34.04 34.01 34.08 34.048 34.028 34.005 34.02 34 33.978 33.955 33.938 33.915 33.875 33.833 33.828 33.83 33.803 33.898 33.945 33.88 33.768 33.725 33.728 33.708 33.675 33.69 33.718 33.713 33.683 33.708 33.428 33.27 33.55 33.508 33.428 33.34 33.35 33.36 33.4 33.528 33.458 33.365 33.34 33.37 33.403 33.395 33.373 33.313 33.343
33.968 33.985 33.978 34.008 33.988 34.008 33.998 34.02 34.045 34.055 34.065 34.078 34.045 34.058 34.035 33.99 34.03 34.068 34.11 34.125 34.098 34.093 34.08 34.048 34.01 34.045 34.063 34.015 34.003 34.02 34.023 33.995 33.973 33.945 33.93 33.9 33.85 33.83 33.848 33.795 33.848 33.933 33.905 33.813 33.743 33.725 33.725 33.698 33.663 33.715 33.715 33.693 33.71 33.63 33.343 33.478 33.543 33.485 33.418 33.335 33.368 33.358 33.373 33.355 33.338 33.345 33.358 33.355 33.368 33.285 33.313 33.325
33.918 33.965 33.965 33.98 34 33.99 34.005 34.03 34.038 34.045 34.043 34.08 34.08 34.06 34.04 34.035 34.083 34.098 34.118 34.143 34.128 34.115 34.095 34.063 34.043 34.03 34.073 34.048 34.033 33.99 34.023 33.978 33.953 33.953 33.928 33.915 33.898 33.853 33.858 33.84 33.808 33.875 33.905 33.84 33.76 33.72 33.733 33.72 33.655 33.69 33.708 33.7 33.69 33.685 33.5 33.313 33.535 33.51 33.435 33.37 33.343 33.343 33.323 33.315 33.328 33.313 33.293 33.3 33.293 33.303 33.308 33.318
33.903 33.923 33.94 33.953 33.978 33.988 33.995 34.013 34.045 34.073 34.055 34.085 34.105 34.088 34.065 34.043 34.07 34.083 34.13 34.155 34.155 34.12 34.115 34.085 34.05 34.015 34.02 34.03 34.03 33.99 33.993 34.008 33.968 33.948 33.95 33.92 33.938 33.89 33.855 33.868 33.783 33.823 33.89 33.88 33.808 33.743 33.73 33.72 33.653 33.65 33.688 33.703 33.708 33.705 33.648 33.313 33.505 33.52 33.455 33.408 33.338 33.293 33.29 33.308 33.338 33.328 33.305 33.313 33.318 33.315 33.283 33.328
33.898 33.888 33.91 33.943 33.963 33.988 33.995 34.008 34.035 34.073 34.085 34.083 34.095 34.108 34.103 34.07 34.068 34.068 34.115 34.118 34.133 34.115 34.1 34.053 34.043 34.018 34 33.993 34.013 33.995 33.99 34 34.005 33.973 33.965 33.958 33.93 33.903 33.855 33.85 33.833 33.778 33.88 33.9 33.85 33.755 33.72 33.73 33.705 33.663 33.683 33.7 33.705 33.703 33.66 33.428 33.323 33.525 33.488 33.433 33.385 33.308 33.298 33.3 33.268 33.31 33.33 33.318 33.275 33.285 33.248 33.323
33.928 33.873 33.9 33.92 33.938 33.958 33.983 33.988 34.01 34.04 34.063 34.07 34.108 34.1 34.095 34.08 34.035 34.055 34.093 34.08 34.12 34.123 34.083 34.068 34.043 34.008 33.983 33.97 34.018 34 33.993 34.01 33.995 33.99 33.99 33.968 33.943 33.92 33.888 33.843 33.838 33.77 33.813 33.878 33.863 33.773 33.71 33.71 33.718 33.685 33.665 33.705 33.71 33.678 33.655 33.563 33.308 33.475 33.495 33.453 33.418 33.34 33.318 33.288 33.268 33.298 33.325 33.318 33.29 33.305 33.258 33.288
33.95 33.903 33.89 33.898 33.933 33.938 33.97 34.028 34.025 34.035 34.065 34.065 34.08 34.093 34.098 34.075 34.048 34.013 34.023 34.07 34.09 34.1 34.085 34.05 34.05 34 33.985 33.983 34.028 34.02 33.99 34.015 34.02 34.003 33.973 33.953 33.943 33.93 33.893 33.84 33.828 33.798 33.75 33.798 33.863 33.825 33.735 33.718 33.72 33.71 33.645 33.678 33.698 33.675 33.67 33.655 33.385 33.36 33.523 33.508 33.438 33.365 33.325 33.328 33.295 33.255 33.328 33.323 33.29 33.298 33.258 33.298
33.968 33.94 33.898 33.895 33.915 33.945 33.973 34.01 34.018 34.04 34.058 34.055 34.068 34.088 34.088 34.055 34.058 34.028 34.02 34.055 34.083 34.083 34.078 34.07 34.04 34.015 33.993 33.96 33.995 34.025 33.998 34.003 34.015 33.993 33.973 33.963 33.963 33.918 33.885 33.848 33.823 33.783 33.718 33.748 33.815 33.86 33.78 33.71 33.71 33.698 33.688 33.673 33.68 33.7 33.665 33.64 33.523 33.315 33.52 33.515 33.468 33.405 33.36 33.345 33.325 33.288 33.29 33.305 33.303 33.298 33.265 33.293
33.948 33.955 33.898 33.883 33.898 33.938 33.95 33.973 33.99 34.013 34.04 34.053 34.073 34.065 34.058 34.04 34.035 34.003 33.963 34.02 34.05 34.065 34.078 34.063 34.023 34.028 33.993 33.965 33.993 34.03 34.033 34 34.003 34.013 33.958 33.963 33.943 33.913 33.895 33.875 33.825 33.79 33.76 33.71 33.815 33.863 33.815 33.72 33.698 33.683 33.678 33.67 33.663 33.673 33.658 33.635 33.623 33.413 33.35 33.523 33.5 33.448 33.4 33.358 33.328 33.263 33.285 33.315 33.258 33.263 33.28 33.285
33.938 33.97 33.92 33.888 33.9 33.94 33.953 33.988 33.99 34.008 34.013 34.015 34.038 34.023 34.038 34.023 34.003 34 33.955 33.98 34.015 34.038 34.053 34.053 34.038 34.025 34.023 33.988 33.978 34 34.008 33.995 33.988 33.995 33.995 33.925 33.915 33.885 33.865 33.848 33.808 33.753 33.76 33.7 33.793 33.838 33.82 33.753 33.665 33.685 33.695 33.65 33.643 33.66 33.65 33.62 33.633 33.518 33.28 33.448 33.483 33.465 33.405 33.373 33.335 33.275 33.273 33.323 33.298 33.245 33.255 33.258
33.908 33.928 33.92 33.895 33.908 33.948 33.955 33.965 33.955 34.015 33.998 33.975 34.02 34.01 33.995 34 34.005 33.99 33.973 33.955 33.968 34.03 34.045 34.033 34.048 34.033 34.01 34 33.983 34 34.015 33.98 33.973 33.973 33.98 33.913 33.883 33.868 33.858 33.858 33.818 33.755 33.733 33.715 33.715 33.788 33.823 33.778 33.695 33.668 33.685 33.648 33.615 33.64 33.65 33.615 33.585 33.558 33.353 33.323 33.5 33.473 33.438 33.383 33.323 33.293 33.31 33.303 33.31 33.278 33.26 33.233
33.878 33.915 33.928 33.908 33.883 33.91 33.935 33.95 33.945 33.973 33.985 33.95 33.978 33.98 33.993 33.99 34.003 34 33.978 33.983 33.973 33.993 34.018 34.028 34.053 34.055 34.01 33.985 33.945 33.953 33.978 33.978 33.955 33.933 33.953 33.903 33.878 33.85 33.833 33.833 33.8 33.748 33.713 33.723 33.648 33.733 33.798 33.79 33.703 33.65 33.665 33.648 33.62 33.63 33.655 33.62 33.58 33.558 33.465 33.22 33.403 33.488 33.448 33.395 33.295 33.285 33.32 33.283 33.315 33.315 33.33 33.258
33.788 33.918 33.923 33.923 33.885 33.888 33.908 33.938 33.905 33.933 33.968 33.945 33.945 33.94 33.973 33.98 33.993 34.01 33.973 33.97 33.955 33.968 34.008 34.023 34.04 34.018 34 33.98 33.945 33.933 33.923 33.928 33.933 33.92 33.93 33.918 33.873 33.858 33.798 33.803 33.79 33.75 33.71 33.71 33.66 33.693 33.78 33.783 33.723 33.643 33.625 33.62 33.62 33.595 33.608 33.608 33.573 33.56 33.495 33.228 33.375 33.488 33.44 33.388 33.318 33.285 33.303 33.325 33.365 33.365 33.355 33.343
33.805 33.898 33.938 33.928 33.903 33.873 33.898 33.903 33.893 33.898 33.938 33.94 33.93 33.938 33.96 33.985 33.99 34.003 34 33.973 33.94 33.92 33.965 34.023 34.018 34.01 34.008 33.943 33.938 33.91 33.895 33.89 33.91 33.91 33.895 33.913 33.878 33.818 33.78 33.765 33.795 33.763 33.7 33.705 33.678 33.623 33.735 33.788 33.715 33.653 33.6 33.603 33.603 33.575 33.568 33.57 33.553 33.523 33.535 33.363 33.255 33.448 33.46 33.415 33.33 33.29 33.323 33.308 33.318 33.33 33.325 33.343
33.805 33.85 33.935 33.948 33.91 33.868 33.875 33.873 33.88 33.863 33.88 33.905 33.948 33.94 33.948 33.993 33.993 33.985 33.998 33.99 33.948 33.928 33.94 33.965 34.013 34.005 33.99 33.935 33.935 33.92 33.883 33.858 33.87 33.878 33.86 33.853 33.853 33.805 33.773 33.738 33.773 33.733 33.705 33.693 33.703 33.63 33.675 33.75 33.72 33.63 33.553 33.568 33.58 33.555 33.525 33.55 33.573 33.528 33.51 33.445 33.215 33.365 33.47 33.415 33.37 33.32 33.325 33.325 33.295 33.313 33.308 33.303
33.86 33.815 33.883 33.953 33.94 33.878 33.848 33.863 33.863 33.87 33.868 33.898 33.915 33.93 33.975 33.97 33.968 33.985 34 33.985 33.958 33.923 33.94 33.958 33.968 33.973 33.968 33.945 33.925 33.938 33.87 33.848 33.848 33.873 33.853 33.81 33.815 33.79 33.775 33.738 33.735 33.748 33.715 33.715 33.69 33.673 33.63 33.693 33.688 33.665 33.558 33.51 33.533 33.548 33.523 33.525 33.538 33.488 33.478 33.448 33.228 33.255 33.415 33.398 33.373 33.348 33.328 33.285 33.31 33.335 33.3 33.29
33.873 33.83 33.848 33.91 33.95 33.92 33.843 33.853 33.828 33.858 33.88 33.908 33.918 33.915 33.965 33.973 33.973 33.985 33.98 33.988 33.96 33.925 33.935 33.94 33.935 33.955 33.968 33.96 33.938 33.938 33.868 33.833 33.825 33.835 33.848 33.808 33.773 33.79 33.785 33.753 33.728 33.76 33.723 33.688 33.703 33.675 33.625 33.665 33.673 33.65 33.578 33.495 33.513 33.523 33.51 33.475 33.495 33.498 33.45 33.438 33.365 33.178 33.373 33.43 33.413 33.393 33.345 33.3 33.328 33.348 33.333 33.29
33.885 33.848 33.768 33.82 33.885 33.92 33.86 33.825 33.838 33.853 33.868 33.898 33.92 33.923 33.953 33.955 33.968 34.01 33.978 33.985 33.983 33.938 33.893 33.873 33.923 33.948 33.963 33.933 33.925 33.92 33.87 33.815 33.803 33.805 33.81 33.783 33.765 33.77 33.788 33.748 33.698 33.723 33.748 33.71 33.688 33.683 33.645 33.57 33.653 33.67 33.628 33.513 33.468 33.488 33.483 33.468 33.465 33.473 33.468 33.47 33.428 33.203 33.235 33.405 33.445 33.385 33.358 33.335 33.33 33.318 33.35 33.348
33.893 33.863 33.78 33.765 33.883 33.878 33.893 33.853 33.863 33.88 33.9 33.905 33.923 33.95 33.983 33.963 33.985 33.98 33.983 33.953 33.975 33.945 33.893 33.848 33.88 33.915 33.93 33.94 33.913 33.878 33.858 33.81 33.785 33.775 33.808 33.795 33.785 33.783 33.778 33.74 33.728 33.72 33.733 33.728 33.708 33.69 33.653 33.58 33.585 33.66 33.643 33.545 33.45 33.45 33.443 33.435 33.443 33.478 33.47 33.488 33.478 33.363 33.23 33.418 33.463 33.438 33.39 33.355 33.343 33.318 33.343 33.345
33.89 33.855 33.833 33.793 33.845 33.873 33.88 33.868 33.85 33.878 33.9 33.885 33.92 33.945 33.978 33.963 33.988 33.995 33.975 33.938 33.965 33.923 33.91 33.86 33.858 33.868 33.888 33.895 33.878 33.843 33.83 33.82 33.785 33.763 33.78 33.8 33.778 33.763 33.768 33.78 33.763 33.708 33.76 33.758 33.693 33.698 33.685 33.643 33.598 33.643 33.648 33.59 33.498 33.47 33.505 33.483 33.485 33.485 33.513 33.52 33.51 33.49 33.395 33.423 33.505 33.473 33.4 33.375 33.363 33.343 33.325 33.333
33.905 33.858 33.84 33.773 33.808 33.875 33.845 33.85 33.85 33.833 33.88 33.893 33.898 33.935 33.94 33.96 33.95 33.968 33.978 33.95 33.918 33.923 33.918 33.873 33.83 33.835 33.863 33.88 33.89 33.843 33.825 33.823 33.768 33.78 33.77 33.78 33.805 33.778 33.775 33.805 33.758 33.755 33.728 33.778 33.698 33.678 33.68 33.668 33.588 33.608 33.648 33.628 33.55 33.478 33.498 33.533 33.52 33.505 33.54 33.533 33.525 33.533 33.453 33.428 33.47 33.495 33.443 33.415 33.393 33.37 33.335 33.313
33.913 33.868 33.845 33.798 33.795 33.868 33.848 33.87 33.853 33.83 33.865 33.898 33.88 33.908 33.92 33.945 33.898 33.955 33.975 33.953 33.913 33.918 33.923 33.868 33.85 33.805 33.825 33.828 33.86 33.833 33.868 33.835 33.798 33.765 33.773 33.768 33.81 33.795 33.775 33.808 33.79 33.745 33.713 33.738 33.74 33.683 33.66 33.653 33.62 33.61 33.65 33.65 33.615 33.503 33.475 33.543 33.548 33.523 33.565 33.568 33.558 33.545 33.508 33.405 33.433 33.493 33.48 33.443 33.398 33.375 33.37 33.338
33.895 33.895 33.845 33.835 33.775 33.828 33.83 33.855 33.833 33.843 33.858 33.873 33.865 33.905 33.91 33.91 33.923 33.918 33.948 33.943 33.935 33.898 33.873 33.855 33.86 33.815 33.825 33.82 33.855 33.855 33.863 33.855 33.81 33.78 33.8 33.79 33.805 33.815 33.79 33.778 33.793 33.76 33.728 33.715 33.735 33.695 33.67 33.64 33.638 33.583 33.603 33.663 33.638 33.583 33.52 33.57 33.56 33.565 33.563 33.58 33.603 33.568 33.538 33.463 33.44 33.513 33.518 33.463 33.44 33.438 33.405 33.38
33.898 33.878 33.86 33.85 33.81 33.768 33.835 33.855 33.87 33.855 33.855 33.86 33.863 33.883 33.893 33.905 33.92 33.913 33.933 33.92 33.913 33.885 33.908 33.878 33.84 33.815 33.793 33.82 33.84 33.865 33.855 33.833 33.805 33.8 33.813 33.818 33.81 33.818 33.813 33.795 33.78 33.768 33.755 33.688 33.735 33.715 33.668 33.633 33.648 33.635 33.638 33.733 33.66 33.64 33.568 33.573 33.59 33.59 33.575 33.62 33.635 33.605 33.57 33.503 33.433 33.515 33.528 33.475 33.475 33.463 33.433 33.395
33.893 33.898 33.913 33.853 33.855 33.773 33.805 33.84 33.88 33.875 33.845 33.853 33.863 33.87 33.873 33.895 33.91 33.915 33.908 33.91 33.9 33.9 33.885 33.893 33.9 33.845 33.815 33.798 33.815 33.855 33.868 33.838 33.825 33.828 33.83 33.813 33.795 33.818 33.795 33.805 33.785 33.775 33.748 33.73 33.698 33.728 33.685 33.665 33.66 33.655 33.625 33.68 33.665 33.645 33.603 33.585 33.6 33.633 33.62 33.613 33.65 33.645 33.575 33.543 33.468 33.425 33.49 33.523 33.505 33.488 33.463 33.433
33.88 33.915 33.918 33.88 33.865 33.815 33.753 33.82 33.875 33.86 33.86 33.823 33.853 33.865 33.873 33.875 33.913 33.91 33.893 33.888 33.913 33.89 33.89 33.878 33.878 33.858 33.81 33.815 33.805 33.86 33.883 33.858 33.84 33.84 33.838 33.815 33.793 33.795 33.793 33.805 33.78 33.768 33.75 33.728 33.72 33.703 33.728 33.713 33.698 33.678 33.65 33.668 33.705 33.688 33.643 33.625 33.615 33.65 33.63 33.638 33.673 33.643 33.63 33.603 33.528 33.435 33.443 33.535 33.523 33.485 33.483 33.453
