LIDAR/se2989_DTM_2M.asc
ncols 500
nrows 500
xllcorner    429000
yllcorner    489000
cellsize     2
NODATA_value -9999
[rows 448 to 479 of 500, columns 360 to 431 of 500]
32.747 32.76 32.73 32.747 32.742 32.717 32.707 32.745 32.72 32.715 32.7 32.697 32.702 32.71 32.695 32.71 32.69 32.7 32.722 32.685 32.717 32.7 32.67 32.63 32.642 32.642 32.587 32.592 32.635 32.657 32.645 32.655 32.665 32.63 32.62 32.622 32.645 32.647 32.652 32.685 32.695 32.717 32.735 32.71 32.707 32.66 32.645 32.65 32.635 32.597 32.647 32.68 32.695 32.692 32.682 32.7 32.68 32.685 32.69 32.67 32.665 32.655 32.655 32.645 32.685 32.707 32.667 32.665 32.682 32.69 32.665 32.63
32.755 32.752 32.755 32.765 32.76 32.742 32.73 32.76 32.735 32.722 32.722 32.705 32.72 32.71 32.727 32.717 32.7 32.74 32.757 32.705 32.742 32.692 32.685 32.632 32.627 32.65 32.637 32.632 32.637 32.642 32.65 32.647 32.662 32.657 32.647 32.627 32.632 32.64 32.667 32.677 32.697 32.722 32.727 32.737 32.71 32.655 32.622 32.64 32.64 32.615 32.63 32.667 32.672 32.667 32.672 32.675 32.68 32.687 32.705 32.697 32.675 32.67 32.647 32.637 32.647 32.662 32.672 32.667 32.647 32.66 32.652 32.655
32.77 32.797 32.775 32.762 32.765 32.74 32.747 32.755 32.737 32.72 32.73 32.725 32.7 32.707 32.725 32.715 32.72 32.72 32.742 32.707 32.7 32.695 32.687 32.662 32.652 32.647 32.68 32.657 32.632 32.655 32.66 32.677 32.66 32.675 32.65 32.647 32.627 32.67 32.667 32.7 32.71 32.735 32.72 32.73 32.712 32.692 32.657 32.637 32.65 32.66 32.63 32.637 32.7 32.685 32.68 32.69 32.7 32.707 32.705 32.71 32.7 32.677 32.637 32.622 32.625 32.645 32.66 32.662 32.655 32.647 32.682 32.67
32.79 32.797 32.795 32.762 32.78 32.762 32.76 32.737 32.732 32.71 32.755 32.722 32.71 32.697 32.725 32.705 32.702 32.68 32.692 32.705 32.697 32.702 32.707 32.67 32.647 32.635 32.655 32.66 32.645 32.652 32.647 32.672 32.672 32.67 32.66 32.645 32.635 32.657 32.705 32.712 32.722 32.73 32.712 32.725 32.745 32.715 32.677 32.64 32.66 32.65 32.645 32.635 32.68 32.702 32.7 32.697 32.715 32.715 32.702 32.707 32.697 32.65 32.635 32.642 32.635 32.645 32.642 32.64 32.667 32.66 32.677 32.687
32.82 32.795 32.78 32.772 32.772 32.787 32.772 32.767 32.74 32.752 32.752 32.745 32.72 32.712 32.717 32.705 32.7 32.68 32.67 32.705 32.692 32.687 32.71 32.67 32.657 32.635 32.652 32.66 32.642 32.632 32.657 32.647 32.65 32.667 32.675 32.662 32.61 32.63 32.662 32.677 32.707 32.712 32.73 32.722 32.732 32.747 32.712 32.672 32.665 32.66 32.665 32.652 32.65 32.682 32.705 32.73 32.727 32.725 32.697 32.675 32.682 32.667 32.645 32.645 32.645 32.627 32.642 32.642 32.642 32.665 32.685 32.675
32.825 32.837 32.775 32.81 32.802 32.795 32.782 32.785 32.762 32.747 32.762 32.77 32.737 32.7 32.702 32.685 32.68 32.677 32.675 32.687 32.717 32.707 32.717 32.7 32.675 32.637 32.657 32.672 32.667 32.637 32.655 32.657 32.657 32.667 32.69 32.687 32.657 32.652 32.665 32.67 32.682 32.697 32.71 32.722 32.722 32.757 32.757 32.687 32.647 32.667 32.7 32.692 32.647 32.665 32.702 32.697 32.715 32.707 32.687 32.667 32.662 32.67 32.647 32.64 32.602 32.602 32.635 32.645 32.66 32.67 32.667 32.692
32.802 32.822 32.817 32.82 32.812 32.815 32.79 32.762 32.762 32.772 32.767 32.742 32.725 32.722 32.687 32.667 32.697 32.675 32.692 32.687 32.717 32.742 32.725 32.735 32.702 32.682 32.65 32.66 32.667 32.67 32.627 32.655 32.67 32.672 32.697 32.685 32.64 32.647 32.66 32.662 32.685 32.69 32.712 32.752 32.745 32.74 32.725 32.712 32.665 32.685 32.725 32.69 32.647 32.647 32.69 32.722 32.712 32.672 32.652 32.695 32.652 32.64 32.63 32.625 32.61 32.625 32.635 32.687 32.687 32.672 32.655 32.675
32.802 32.825 32.83 32.827 32.825 32.812 32.797 32.775 32.78 32.762 32.77 32.752 32.75 32.717 32.71 32.7 32.71 32.69 32.69 32.695 32.69 32.727 32.722 32.715 32.71 32.687 32.652 32.665 32.66 32.68 32.65 32.655 32.675 32.69 32.685 32.69 32.692 32.672 32.667 32.657 32.667 32.705 32.692 32.705 32.702 32.737 32.737 32.762 32.71 32.715 32.692 32.675 32.655 32.687 32.67 32.7 32.68 32.695 32.682 32.662 32.647 32.622 32.662 32.642 32.622 32.65 32.647 32.65 32.687 32.682 32.66 32.642
32.832 32.86 32.845 32.835 32.817 32.81 32.82 32.81 32.777 32.755 32.742 32.745 32.752 32.715 32.717 32.705 32.725 32.695 32.687 32.7 32.69 32.717 32.737 32.725 32.71 32.715 32.695 32.672 32.665 32.672 32.67 32.672 32.69 32.7 32.717 32.705 32.705 32.687 32.682 32.655 32.652 32.645 32.705 32.717 32.722 32.742 32.755 32.782 32.745 32.712 32.71 32.7 32.642 32.637 32.642 32.65 32.715 32.71 32.69 32.677 32.647 32.62 32.64 32.657 32.64 32.665 32.635 32.627 32.655 32.665 32.645 32.632
32.862 32.882 32.87 32.827 32.835 32.802 32.812 32.785 32.78 32.745 32.722 32.755 32.742 32.74 32.725 32.73 32.732 32.702 32.687 32.715 32.722 32.725 32.722 32.737 32.737 32.765 32.735 32.7 32.677 32.695 32.692 32.66 32.692 32.697 32.712 32.727 32.73 32.695 32.702 32.67 32.655 32.707 32.705 32.74 32.75 32.77 32.765 32.792 32.78 32.745 32.735 32.715 32.66 32.61 32.627 32.642 32.665 32.705 32.687 32.695 32.662 32.627 32.622 32.63 32.647 32.64 32.622 32.6 32.625 32.64 32.632 32.625
32.852 32.877 32.87 32.85 32.835 32.807 32.817 32.792 32.812 32.777 32.732 32.74 32.722 32.737 32.755 32.745 32.712 32.702 32.702 32.707 32.715 32.707 32.737 32.752 32.762 32.777 32.77 32.737 32.685 32.685 32.717 32.697 32.682 32.7 32.727 32.747 32.755 32.735 32.685 32.662 32.662 32.672 32.692 32.74 32.78 32.802 32.787 32.797 32.802 32.775 32.757 32.73 32.682 32.652 32.622 32.637 32.62 32.682 32.712 32.7 32.67 32.65 32.637 32.612 32.637 32.642 32.63 32.605 32.6 32.605 32.627 32.627
32.865 32.877 32.845 32.83 32.84 32.82 32.8 32.805 32.827 32.8 32.767 32.755 32.72 32.742 32.757 32.762 32.722 32.725 32.727 32.715 32.725 32.715 32.75 32.76 32.76 32.76 32.785 32.752 32.702 32.685 32.697 32.702 32.73 32.735 32.727 32.74 32.735 32.712 32.7 32.68 32.655 32.662 32.705 32.74 32.775 32.807 32.83 32.82 32.82 32.795 32.76 32.712 32.677 32.635 32.617 32.632 32.65 32.647 32.702 32.715 32.715 32.675 32.65 32.645 32.62 32.647 32.652 32.6 32.572 32.6 32.61 32.602
32.867 32.847 32.815 32.822 32.867 32.85 32.797 32.805 32.782 32.787 32.797 32.755 32.74 32.727 32.767 32.762 32.747 32.712 32.722 32.727 32.715 32.732 32.74 32.757 32.767 32.742 32.775 32.76 32.722 32.675 32.717 32.732 32.752 32.715 32.687 32.695 32.692 32.69 32.682 32.665 32.682 32.695 32.707 32.712 32.725 32.792 32.815 32.802 32.792 32.77 32.737 32.727 32.702 32.637 32.587 32.592 32.605 32.615 32.64 32.672 32.722 32.72 32.677 32.672 32.652 32.637 32.622 32.597 32.575 32.57 32.582 32.577
32.837 32.835 32.812 32.845 32.855 32.852 32.82 32.81 32.797 32.777 32.79 32.77 32.765 32.732 32.732 32.74 32.74 32.727 32.752 32.765 32.727 32.732 32.747 32.75 32.782 32.757 32.767 32.762 32.735 32.705 32.725 32.705 32.712 32.69 32.662 32.68 32.71 32.682 32.675 32.682 32.7 32.745 32.725 32.732 32.765 32.777 32.797 32.755 32.735 32.737 32.712 32.697 32.71 32.68 32.647 32.625 32.64 32.655 32.645 32.642 32.665 32.712 32.727 32.682 32.64 32.607 32.597 32.59 32.58 32.552 32.53 32.55
32.83 32.855 32.805 32.832 32.842 32.805 32.815 32.797 32.805 32.777 32.765 32.765 32.765 32.752 32.742 32.75 32.725 32.725 32.752 32.772 32.755 32.73 32.745 32.772 32.777 32.75 32.762 32.775 32.752 32.732 32.735 32.707 32.682 32.677 32.677 32.67 32.695 32.702 32.73 32.705 32.73 32.75 32.737 32.762 32.782 32.775 32.785 32.755 32.72 32.71 32.707 32.675 32.722 32.687 32.657 32.645 32.645 32.667 32.69 32.702 32.702 32.707 32.69 32.677 32.63 32.585 32.565 32.565 32.587 32.567 32.532 32.555
32.835 32.852 32.802 32.817 32.842 32.822 32.81 32.805 32.802 32.795 32.762 32.765 32.795 32.787 32.78 32.767 32.762 32.737 32.772 32.785 32.762 32.75 32.75 32.755 32.785 32.775 32.757 32.792 32.77 32.745 32.707 32.657 32.682 32.675 32.662 32.667 32.715 32.725 32.755 32.76 32.752 32.77 32.782 32.802 32.785 32.77 32.73 32.717 32.715 32.7 32.722 32.705 32.707 32.71 32.69 32.672 32.67 32.687 32.687 32.712 32.695 32.715 32.705 32.657 32.632 32.585 32.582 32.565 32.56 32.552 32.54 32.537
32.83 32.862 32.84 32.822 32.817 32.795 32.83 32.822 32.815 32.802 32.777 32.765 32.815 32.82 32.785 32.785 32.78 32.782 32.767 32.777 32.78 32.765 32.75 32.732 32.765 32.8 32.78 32.795 32.747 32.725 32.702 32.662 32.662 32.66 32.707 32.7 32.717 32.765 32.782 32.802 32.795 32.797 32.83 32.82 32.792 32.745 32.707 32.7 32.695 32.717 32.74 32.722 32.722 32.73 32.735 32.722 32.677 32.69 32.677 32.672 32.68 32.667 32.725 32.685 32.652 32.635 32.587 32.565 32.552 32.552 32.565 32.575
32.822 32.877 32.857 32.852 32.825 32.807 32.845 32.837 32.825 32.822 32.815 32.787 32.765 32.812 32.817 32.78 32.78 32.787 32.79 32.782 32.755 32.775 32.757 32.755 32.782 32.787 32.767 32.765 32.737 32.737 32.71 32.687 32.692 32.742 32.742 32.732 32.75 32.765 32.767 32.81 32.822 32.792 32.807 32.787 32.77 32.747 32.705 32.705 32.7 32.712 32.752 32.76 32.747 32.692 32.732 32.715 32.687 32.675 32.655 32.657 32.657 32.64 32.69 32.69 32.657 32.612 32.607 32.61 32.555 32.562 32.597 32.587
32.857 32.91 32.867 32.865 32.84 32.81 32.825 32.83 32.802 32.857 32.817 32.792 32.817 32.815 32.812 32.78 32.78 32.8 32.81 32.78 32.77 32.787 32.787 32.755 32.747 32.745 32.765 32.755 32.747 32.767 32.735 32.705 32.717 32.75 32.747 32.75 32.735 32.765 32.787 32.82 32.817 32.807 32.772 32.74 32.71 32.725 32.702 32.72 32.7 32.722 32.752 32.775 32.745 32.667 32.697 32.715 32.7 32.67 32.642 32.657 32.657 32.64 32.627 32.66 32.652 32.617 32.625 32.612 32.592 32.542 32.582 32.6
32.902 32.947 32.877 32.867 32.887 32.867 32.832 32.832 32.827 32.855 32.842 32.807 32.827 32.84 32.812 32.8 32.8 32.802 32.81 32.797 32.81 32.785 32.767 32.742 32.762 32.772 32.757 32.767 32.752 32.735 32.782 32.775 32.757 32.757 32.762 32.772 32.775 32.78 32.795 32.832 32.797 32.765 32.772 32.717 32.715 32.727 32.72 32.705 32.725 32.715 32.725 32.755 32.735 32.7 32.687 32.697 32.687 32.675 32.645 32.64 32.64 32.627 32.625 32.607 32.677 32.665 32.63 32.602 32.605 32.59 32.555 32.555
32.925 32.912 32.902 32.907 32.932 32.925 32.882 32.85 32.855 32.83 32.817 32.817 32.817 32.785 32.8 32.82 32.805 32.805 32.84 32.812 32.792 32.747 32.742 32.75 32.74 32.747 32.762 32.755 32.76 32.77 32.807 32.8 32.782 32.795 32.772 32.792 32.795 32.802 32.79 32.775 32.765 32.76 32.757 32.76 32.712 32.74 32.735 32.735 32.72 32.7 32.695 32.715 32.757 32.725 32.675 32.655 32.665 32.662 32.642 32.59 32.59 32.61 32.635 32.65 32.647 32.67 32.652 32.62 32.595 32.582 32.577 32.585
32.905 32.9 32.907 32.907 32.922 32.882 32.857 32.865 32.877 32.832 32.825 32.822 32.805 32.792 32.825 32.825 32.827 32.842 32.845 32.837 32.797 32.737 32.747 32.747 32.787 32.765 32.75 32.78 32.815 32.805 32.802 32.822 32.815 32.812 32.8 32.827 32.835 32.812 32.767 32.752 32.767 32.785 32.767 32.765 32.747 32.727 32.75 32.697 32.71 32.695 32.677 32.687 32.725 32.735 32.67 32.62 32.607 32.635 32.63 32.62 32.615 32.627 32.677 32.67 32.63 32.65 32.66 32.64 32.605 32.595 32.607 32.592
32.885 32.91 32.92 32.897 32.902 32.867 32.85 32.855 32.877 32.845 32.832 32.822 32.827 32.825 32.812 32.865 32.837 32.832 32.82 32.797 32.79 32.75 32.752 32.785 32.765 32.752 32.745 32.79 32.83 32.86 32.845 32.835 32.825 32.835 32.832 32.83 32.822 32.782 32.757 32.747 32.765 32.79 32.78 32.77 32.777 32.747 32.712 32.695 32.71 32.71 32.697 32.682 32.705 32.725 32.685 32.602 32.62 32.622 32.637 32.65 32.632 32.635 32.647 32.657 32.645 32.64 32.662 32.665 32.65 32.635 32.6 32.58
32.892 32.875 32.895 32.907 32.892 32.865 32.85 32.835 32.83 32.887 32.8 32.847 32.855 32.867 32.817 32.827 32.827 32.825 32.802 32.812 32.785 32.747 32.757 32.737 32.722 32.752 32.77 32.787 32.83 32.847 32.84 32.832 32.847 32.85 32.837 32.807 32.807 32.785 32.767 32.757 32.777 32.8 32.785 32.765 32.777 32.762 32.702 32.68 32.69 32.707 32.687 32.667 32.662 32.685 32.7 32.637 32.612 32.645 32.67 32.665 32.672 32.65 32.637 32.652 32.652 32.675 32.66 32.695 32.7 32.647 32.615 32.582
32.917 32.9 32.902 32.892 32.87 32.852 32.837 32.83 32.815 32.897 32.88 32.857 32.872 32.852 32.825 32.822 32.855 32.827 32.795 32.747 32.727 32.752 32.72 32.732 32.757 32.78 32.785 32.795 32.815 32.855 32.85 32.865 32.832 32.83 32.807 32.765 32.752 32.76 32.775 32.77 32.777 32.795 32.81 32.785 32.76 32.727 32.722 32.665 32.702 32.697 32.66 32.63 32.642 32.672 32.695 32.687 32.627 32.64 32.67 32.665 32.67 32.647 32.667 32.657 32.7 32.707 32.687 32.675 32.685 32.647 32.597 32.57
32.9 32.91 32.89 32.877 32.865 32.84 32.85 32.817 32.802 32.81 32.92 32.88 32.852 32.805 32.82 32.83 32.825 32.797 32.775 32.767 32.742 32.755 32.75 32.767 32.782 32.79 32.785 32.82 32.817 32.822 32.857 32.86 32.837 32.807 32.785 32.755 32.76 32.757 32.77 32.795 32.8 32.792 32.795 32.79 32.755 32.73 32.71 32.685 32.642 32.655 32.642 32.642 32.642 32.677 32.667 32.675 32.632 32.615 32.65 32.672 32.677 32.647 32.675 32.7 32.695 32.675 32.71 32.65 32.665 32.645 32.597 32.585
32.897 32.892 32.89 32.89 32.885 32.855 32.837 32.832 32.78 32.795 32.83 32.887 32.85 32.8 32.812 32.79 32.782 32.815 32.792 32.755 32.76 32.757 32.782 32.785 32.792 32.817 32.805 32.81 32.837 32.83 32.85 32.837 32.792 32.785 32.775 32.775 32.752 32.777 32.785 32.8 32.782 32.772 32.777 32.785 32.767 32.74 32.722 32.7 32.65 32.622 32.642 32.677 32.637 32.632 32.657 32.66 32.65 32.615 32.615 32.665 32.67 32.665 32.662 32.697 32.715 32.645 32.68 32.677 32.627 32.632 32.595 32.557
32.887 32.88 32.87 32.877 32.88 32.862 32.857 32.825 32.767 32.757 32.782 32.857 32.935 32.827 32.825 32.785 32.777 32.792 32.757 32.767 32.82 32.827 32.785 32.772 32.797 32.817 32.802 32.805 32.805 32.812 32.815 32.822 32.772 32.757 32.772 32.79 32.777 32.762 32.775 32.767 32.765 32.772 32.772 32.77 32.757 32.74 32.737 32.69 32.67 32.625 32.63 32.667 32.66 32.647 32.652 32.672 32.652 32.63 32.617 32.645 32.632 32.635 32.667 32.695 32.69 32.605 32.65 32.665 32.62 32.587 32.622 32.565
32.89 32.91 32.872 32.875 32.87 32.852 32.845 32.83 32.792 32.76 32.762 32.855 32.855 32.817 32.817 32.802 32.795 32.812 32.77 32.805 32.835 32.82 32.802 32.78 32.797 32.812 32.805 32.807 32.792 32.8 32.81 32.792 32.805 32.782 32.797 32.805 32.772 32.752 32.765 32.782 32.765 32.745 32.73 32.737 32.76 32.75 32.732 32.697 32.697 32.675 32.63 32.665 32.662 32.645 32.645 32.655 32.642 32.635 32.645 32.647 32.645 32.635 32.665 32.672 32.68 32.595 32.625 32.635 32.617 32.6 32.602 32.602
32.897 32.905 32.87 32.887 32.882 32.835 32.832 32.8 32.77 32.757 32.755 32.812 32.842 32.837 32.82 32.805 32.805 32.825 32.825 32.822 32.83 32.855 32.812 32.79 32.815 32.82 32.802 32.8 32.757 32.767 32.815 32.817 32.817 32.802 32.787 32.787 32.76 32.742 32.735 32.75 32.727 32.727 32.715 32.727 32.72 32.7 32.712 32.725 32.735 32.697 32.662 32.645 32.665 32.652 32.647 32.655 32.657 32.642 32.64 32.645 32.662 32.645 32.62 32.652 32.647 32.565 32.595 32.637 32.625 32.62 32.597 32.59
32.885 32.897 32.86 32.857 32.85 32.827 32.817 32.805 32.785 32.735 32.742 32.785 32.827 32.842 32.837 32.83 32.822 32.825 32.872 32.845 32.825 32.817 32.81 32.787 32.802 32.797 32.795 32.777 32.757 32.737 32.782 32.825 32.837 32.827 32.8 32.755 32.75 32.727 32.71 32.705 32.702 32.7 32.707 32.692 32.702 32.71 32.702 32.727 32.742 32.697 32.67 32.645 32.645 32.65 32.645 32.667 32.662 32.645 32.615 32.625 32.677 32.635 32.607 32.625 32.645 32.585 32.567 32.63 32.645 32.612 32.592 32.59
32.862 32.887 32.88 32.85 32.835 32.817 32.825 32.797 32.76 32.737 32.745 32.79 32.837 32.84 32.847 32.852 32.852 32.842 32.845 32.837 32.805 32.812 32.79 32.777 32.782 32.782 32.782 32.765 32.772 32.762 32.77 32.8 32.807 32.812 32.822 32.795 32.752 32.725 32.705 32.705 32.717 32.7 32.697 32.702 32.717 32.727 32.755 32.745 32.725 32.692 32.697 32.692 32.67 32.66 32.672 32.652 32.66 32.647 32.652 32.622 32.672 32.64 32.585 32.607 32.632 32.595 32.55 32.62 32.655 32.637 32.627 32.605
