LIDAR/se2987_DTM_2M.asc
ncols 500
nrows 500
xllcorner    429000
yllcorner    487000
cellsize     2
NODATA_value -9999
[rows 224 to 255 of 500, columns 288 to 359 of 500]
39.628 39.593 39.58 39.545 39.568 39.538 39.46 39.443 39.415 39.405 39.368 39.33 39.308 39.268 39.275 39.285 39.275 39.26 39.285 39.245 39.225 39.215 39.203 39.21 39.175 39.195 39.203 39.21 39.155 39.128 39.125 39.128 39.108 39.135 39.098 39.118 39.113 39.085 39.083 39.083 39.055 39.01 38.968 38.94 38.93 38.893 38.868 38.818 38.818 38.793 38.743 38.723 38.69 38.655 38.658 38.625 38.573 38.553 38.508 38.473 38.47 38.45 38.408 38.413 38.355 38.323 38.318 38.288 38.305 38.27 38.24 38.21
39.548 39.565 39.56 39.523 39.505 39.51 39.463 39.4 39.318 39.275 39.283 39.26 39.248 39.235 39.243 39.23 39.198 39.228 39.23 39.223 39.195 39.22 39.173 39.16 39.165 39.17 39.135 39.155 39.135 39.055 39.075 39.058 39.073 39.08 39.065 39.075 39.055 39.068 39.048 39.035 39.02 38.995 38.95 38.913 38.913 38.85 38.815 38.815 38.798 38.753 38.725 38.7 38.69 38.65 38.613 38.593 38.575 38.508 38.498 38.448 38.438 38.405 38.388 38.345 38.348 38.33 38.295 38.29 38.263 38.235 38.18 38.205
39.538 39.518 39.495 39.428 39.445 39.44 39.373 39.305 39.258 39.198 39.193 39.195 39.205 39.193 39.188 39.198 39.175 39.16 39.153 39.163 39.165 39.173 39.163 39.128 39.13 39.113 39.105 39.123 39.063 39.033 39.03 39.033 39.018 39.025 39.018 39.013 39.02 39.038 39.03 38.983 38.988 38.97 38.913 38.898 38.863 38.86 38.803 38.77 38.753 38.74 38.683 38.675 38.643 38.59 38.598 38.543 38.533 38.535 38.45 38.413 38.398 38.395 38.358 38.333 38.325 38.298 38.273 38.293 38.265 38.228 38.19 38.198
39.515 39.468 39.433 39.403 39.393 39.363 39.32 39.24 39.22 39.163 39.138 39.15 39.143 39.163 39.168 39.15 39.14 39.14 39.155 39.113 39.12 39.138 39.093 39.073 39.045 39.048 39.07 39.048 39.035 39.013 38.993 39 38.978 38.965 38.95 38.965 38.975 38.97 38.963 38.935 38.93 38.948 38.89 38.843 38.82 38.803 38.775 38.748 38.72 38.685 38.67 38.625 38.6 38.553 38.545 38.535 38.533 38.498 38.455 38.42 38.373 38.385 38.328 38.303 38.303 38.288 38.3 38.288 38.235 38.225 38.195 38.175
39.423 39.383 39.36 39.315 39.325 39.325 39.213 39.205 39.213 39.145 39.11 39.12 39.123 39.088 39.113 39.105 39.09 39.113 39.123 39.09 39.083 39.065 39.078 39.045 39.008 39.025 39.015 38.993 38.995 39.005 38.943 38.953 38.94 38.92 38.923 38.93 38.938 38.935 38.91 38.903 38.898 38.91 38.878 38.795 38.788 38.758 38.748 38.725 38.685 38.66 38.625 38.59 38.58 38.555 38.54 38.543 38.52 38.47 38.443 38.415 38.39 38.335 38.338 38.315 38.285 38.308 38.263 38.245 38.238 38.208 38.2 38.185
39.35 39.31 39.305 39.268 39.258 39.248 39.19 39.148 39.15 39.13 39.103 39.1 39.083 39.045 39.065 39.045 39.083 39.088 39.055 39.068 39.083 39.088 39.023 39.018 38.99 38.968 38.955 38.97 38.96 38.975 38.898 38.905 38.915 38.888 38.875 38.89 38.903 38.895 38.905 38.875 38.85 38.85 38.838 38.775 38.755 38.745 38.71 38.693 38.645 38.593 38.573 38.58 38.568 38.548 38.51 38.493 38.48 38.465 38.425 38.403 38.358 38.33 38.345 38.268 38.263 38.245 38.263 38.253 38.23 38.213 38.16 38.173
39.325 39.303 39.258 39.253 39.223 39.213 39.15 39.125 39.125 39.108 39.088 39.075 39.045 39.05 39.035 39.003 39.003 39.053 39.005 39.013 39.02 39.035 39.015 38.993 38.935 38.943 38.943 38.94 38.9 38.95 38.888 38.873 38.89 38.863 38.868 38.875 38.853 38.873 38.86 38.833 38.835 38.808 38.805 38.76 38.705 38.688 38.635 38.645 38.618 38.595 38.53 38.533 38.525 38.5 38.505 38.455 38.458 38.475 38.4 38.365 38.325 38.338 38.31 38.273 38.258 38.243 38.263 38.243 38.205 38.208 38.193 38.173
39.31 39.275 39.223 39.203 39.178 39.175 39.138 39.088 39.1 39.07 39.048 39.045 39.038 39.02 39.003 38.973 38.95 38.995 38.965 38.96 38.958 38.983 38.988 38.958 38.92 38.918 38.92 38.85 38.863 38.85 38.868 38.84 38.815 38.815 38.805 38.843 38.835 38.825 38.8 38.763 38.823 38.793 38.79 38.743 38.703 38.668 38.615 38.633 38.603 38.57 38.518 38.508 38.498 38.49 38.48 38.435 38.433 38.433 38.405 38.39 38.353 38.285 38.278 38.285 38.253 38.22 38.258 38.223 38.208 38.195 38.193 38.203
39.28 39.255 39.218 39.168 39.17 39.105 39.093 39.07 39.053 39.055 39.028 38.975 38.965 38.953 38.97 38.943 38.938 38.958 38.96 38.918 38.903 38.923 38.948 38.91 38.895 38.89 38.845 38.798 38.843 38.795 38.815 38.828 38.785 38.768 38.788 38.788 38.793 38.763 38.758 38.755 38.768 38.76 38.735 38.688 38.68 38.628 38.595 38.593 38.565 38.528 38.515 38.508 38.483 38.46 38.438 38.4 38.408 38.405 38.368 38.365 38.358 38.285 38.28 38.243 38.268 38.24 38.243 38.238 38.205 38.185 38.17 38.17
39.233 39.245 39.21 39.153 39.113 39.108 39.07 39.028 38.998 39.008 38.988 38.958 38.923 38.895 38.908 38.89 38.905 38.893 38.91 38.895 38.868 38.863 38.89 38.853 38.835 38.848 38.853 38.843 38.83 38.79 38.748 38.788 38.755 38.725 38.74 38.738 38.755 38.715 38.725 38.7 38.703 38.693 38.658 38.648 38.663 38.59 38.565 38.568 38.543 38.503 38.483 38.44 38.435 38.448 38.375 38.373 38.393 38.373 38.363 38.36 38.318 38.288 38.268 38.265 38.263 38.28 38.225 38.238 38.21 38.153 38.16 38.195
39.225 39.195 39.165 39.08 39.068 39.063 39.028 39.028 38.93 38.97 38.94 38.908 38.883 38.878 38.875 38.873 38.84 38.835 38.848 38.843 38.815 38.828 38.828 38.833 38.813 38.778 38.815 38.798 38.765 38.753 38.73 38.72 38.688 38.685 38.685 38.69 38.705 38.678 38.675 38.67 38.653 38.673 38.625 38.615 38.62 38.57 38.543 38.558 38.5 38.475 38.438 38.433 38.425 38.425 38.4 38.358 38.348 38.363 38.355 38.365 38.333 38.328 38.278 38.255 38.245 38.253 38.24 38.208 38.22 38.208 38.195 38.178
39.17 39.14 39.115 39.093 39.045 39.028 39.003 38.98 38.925 38.893 38.908 38.913 38.86 38.838 38.848 38.82 38.793 38.815 38.788 38.798 38.795 38.785 38.8 38.8 38.785 38.743 38.75 38.71 38.695 38.698 38.68 38.66 38.63 38.648 38.645 38.615 38.645 38.645 38.64 38.62 38.615 38.6 38.613 38.575 38.575 38.545 38.508 38.483 38.468 38.448 38.423 38.405 38.4 38.408 38.39 38.358 38.31 38.36 38.323 38.303 38.338 38.28 38.263 38.25 38.25 38.253 38.24 38.198 38.215 38.22 38.213 38.165
39.12 39.125 39.113 39.068 38.998 38.985 38.985 38.948 38.908 38.865 38.85 38.845 38.833 38.813 38.798 38.783 38.763 38.748 38.76 38.763 38.74 38.718 38.748 38.738 38.735 38.685 38.703 38.683 38.658 38.65 38.65 38.633 38.608 38.575 38.585 38.593 38.598 38.59 38.593 38.578 38.573 38.57 38.573 38.568 38.538 38.518 38.49 38.46 38.44 38.433 38.428 38.393 38.373 38.383 38.373 38.37 38.348 38.35 38.333 38.323 38.33 38.295 38.27 38.263 38.248 38.235 38.225 38.198 38.215 38.235 38.21 38.165
39.115 39.055 39.058 39.02 38.985 38.965 38.96 38.918 38.888 38.828 38.805 38.828 38.75 38.753 38.748 38.75 38.698 38.673 38.72 38.725 38.7 38.703 38.713 38.715 38.698 38.685 38.643 38.64 38.625 38.62 38.613 38.568 38.57 38.558 38.535 38.533 38.533 38.543 38.545 38.53 38.518 38.49 38.48 38.523 38.495 38.47 38.473 38.445 38.408 38.405 38.413 38.345 38.355 38.365 38.35 38.36 38.343 38.353 38.35 38.348 38.318 38.278 38.263 38.253 38.23 38.23 38.24 38.205 38.165 38.205 38.213 38.185
39.06 39.028 39.008 39 38.955 38.913 38.9 38.868 38.805 38.78 38.743 38.77 38.713 38.685 38.713 38.723 38.675 38.66 38.655 38.643 38.628 38.66 38.68 38.678 38.668 38.653 38.625 38.59 38.585 38.57 38.535 38.525 38.503 38.535 38.515 38.493 38.478 38.483 38.48 38.46 38.47 38.465 38.433 38.47 38.44 38.47 38.438 38.405 38.41 38.403 38.353 38.33 38.345 38.348 38.333 38.363 38.328 38.335 38.32 38.32 38.308 38.29 38.25 38.23 38.255 38.208 38.233 38.215 38.19 38.178 38.175 38.183
39.01 38.99 38.933 38.928 38.908 38.878 38.833 38.828 38.773 38.758 38.69 38.693 38.7 38.688 38.65 38.645 38.625 38.653 38.638 38.623 38.578 38.608 38.61 38.595 38.605 38.605 38.578 38.543 38.543 38.518 38.5 38.495 38.485 38.495 38.47 38.443 38.438 38.438 38.448 38.455 38.443 38.435 38.465 38.425 38.48 38.453 38.443 38.398 38.395 38.375 38.335 38.33 38.338 38.318 38.323 38.318 38.323 38.303 38.32 38.285 38.288 38.293 38.253 38.215 38.223 38.198 38.183 38.19 38.185 38.185 38.163 38.165
38.975 38.983 38.923 38.878 38.855 38.805 38.798 38.765 38.73 38.703 38.67 38.648 38.655 38.683 38.645 38.633 38.628 38.615 38.578 38.563 38.573 38.575 38.56 38.55 38.53 38.53 38.525 38.49 38.48 38.47 38.448 38.453 38.45 38.433 38.445 38.395 38.403 38.393 38.41 38.398 38.408 38.41 38.408 38.38 38.415 38.433 38.398 38.393 38.368 38.323 38.285 38.293 38.328 38.28 38.3 38.29 38.283 38.27 38.255 38.263 38.268 38.288 38.255 38.235 38.208 38.188 38.14 38.173 38.175 38.18 38.15 38.155
38.905 38.91 38.89 38.838 38.823 38.795 38.785 38.718 38.688 38.69 38.66 38.598 38.63 38.663 38.638 38.578 38.56 38.565 38.548 38.543 38.558 38.535 38.548 38.518 38.495 38.493 38.475 38.443 38.43 38.433 38.393 38.395 38.405 38.388 38.425 38.395 38.395 38.363 38.345 38.325 38.368 38.37 38.38 38.358 38.36 38.413 38.365 38.375 38.358 38.325 38.298 38.305 38.32 38.28 38.29 38.28 38.248 38.278 38.223 38.228 38.275 38.245 38.268 38.243 38.185 38.183 38.178 38.153 38.18 38.15 38.14 38.133
38.86 38.87 38.84 38.81 38.778 38.735 38.733 38.683 38.638 38.623 38.608 38.58 38.555 38.603 38.598 38.553 38.535 38.508 38.533 38.5 38.503 38.498 38.5 38.493 38.498 38.49 38.448 38.395 38.39 38.388 38.373 38.365 38.383 38.378 38.385 38.395 38.37 38.323 38.303 38.305 38.343 38.35 38.368 38.353 38.34 38.343 38.35 38.35 38.323 38.333 38.308 38.313 38.3 38.268 38.26 38.258 38.238 38.253 38.233 38.205 38.265 38.288 38.268 38.233 38.218 38.19 38.178 38.19 38.168 38.155 38.128 38.133
38.84 38.8 38.788 38.758 38.725 38.715 38.675 38.655 38.593 38.575 38.598 38.58 38.558 38.548 38.53 38.515 38.488 38.488 38.478 38.46 38.443 38.46 38.42 38.435 38.42 38.425 38.405 38.393 38.375 38.373 38.37 38.345 38.358 38.34 38.348 38.333 38.325 38.295 38.31 38.298 38.33 38.33 38.35 38.355 38.335 38.305 38.315 38.315 38.313 38.305 38.29 38.283 38.255 38.263 38.228 38.23 38.218 38.213 38.205 38.228 38.238 38.26 38.255 38.22 38.2 38.178 38.16 38.138 38.105 38.14 38.115 38.143
38.805 38.755 38.743 38.73 38.683 38.65 38.635 38.635 38.573 38.56 38.55 38.56 38.525 38.5 38.48 38.49 38.453 38.443 38.428 38.428 38.393 38.42 38.408 38.375 38.4 38.38 38.395 38.363 38.365 38.355 38.34 38.305 38.325 38.333 38.32 38.313 38.305 38.29 38.29 38.288 38.29 38.335 38.323 38.315 38.32 38.34 38.323 38.325 38.28 38.283 38.275 38.273 38.28 38.253 38.235 38.208 38.208 38.198 38.21 38.208 38.213 38.218 38.238 38.22 38.17 38.19 38.133 38.135 38.12 38.09 38.105 38.113
38.73 38.718 38.688 38.67 38.643 38.623 38.583 38.58 38.555 38.555 38.5 38.523 38.458 38.463 38.443 38.468 38.438 38.43 38.403 38.4 38.385 38.353 38.385 38.353 38.363 38.358 38.36 38.338 38.343 38.328 38.27 38.28 38.308 38.315 38.288 38.28 38.295 38.27 38.273 38.28 38.26 38.283 38.283 38.288 38.273 38.26 38.27 38.285 38.27 38.273 38.248 38.245 38.255 38.245 38.243 38.213 38.18 38.18 38.21 38.2 38.183 38.165 38.203 38.215 38.17 38.183 38.148 38.125 38.11 38.12 38.09 38.083
38.69 38.665 38.668 38.628 38.63 38.57 38.56 38.538 38.515 38.473 38.493 38.478 38.4 38.44 38.433 38.445 38.42 38.415 38.405 38.375 38.363 38.33 38.328 38.35 38.338 38.325 38.3 38.298 38.293 38.305 38.265 38.278 38.27 38.298 38.28 38.255 38.235 38.24 38.27 38.263 38.248 38.258 38.248 38.253 38.253 38.238 38.23 38.245 38.265 38.263 38.208 38.238 38.21 38.18 38.223 38.178 38.163 38.17 38.193 38.185 38.168 38.175 38.175 38.208 38.185 38.17 38.145 38.108 38.1 38.093 38.103 38.095
38.633 38.63 38.625 38.598 38.57 38.535 38.553 38.523 38.49 38.47 38.458 38.45 38.423 38.4 38.363 38.36 38.395 38.363 38.36 38.328 38.313 38.318 38.28 38.293 38.3 38.258 38.28 38.285 38.273 38.305 38.278 38.255 38.248 38.208 38.23 38.24 38.248 38.225 38.228 38.215 38.258 38.245 38.243 38.228 38.228 38.23 38.223 38.245 38.243 38.24 38.233 38.24 38.228 38.19 38.21 38.19 38.153 38.145 38.2 38.15 38.18 38.145 38.18 38.203 38.203 38.17 38.153 38.09 38.09 38.07 38.108 38.1
38.59 38.59 38.605 38.565 38.55 38.505 38.5 38.508 38.453 38.455 38.413 38.428 38.405 38.343 38.325 38.333 38.345 38.345 38.333 38.31 38.308 38.288 38.263 38.24 38.265 38.253 38.258 38.273 38.248 38.278 38.28 38.26 38.25 38.213 38.22 38.21 38.243 38.255 38.225 38.185 38.215 38.213 38.19 38.223 38.228 38.195 38.203 38.205 38.203 38.23 38.223 38.215 38.205 38.188 38.16 38.175 38.163 38.153 38.153 38.178 38.153 38.128 38.165 38.19 38.198 38.18 38.128 38.133 38.123 38.098 38.083 38.053
38.555 38.535 38.54 38.505 38.495 38.495 38.508 38.463 38.435 38.403 38.38 38.378 38.35 38.32 38.268 38.258 38.303 38.293 38.305 38.293 38.285 38.268 38.243 38.258 38.243 38.235 38.243 38.253 38.268 38.24 38.268 38.233 38.205 38.193 38.2 38.215 38.195 38.198 38.22 38.19 38.18 38.155 38.19 38.205 38.213 38.19 38.19 38.195 38.165 38.205 38.19 38.213 38.195 38.158 38.158 38.158 38.165 38.168 38.158 38.155 38.163 38.14 38.163 38.148 38.173 38.16 38.123 38.133 38.103 38.093 38.098 38.025
38.478 38.488 38.475 38.465 38.455 38.458 38.465 38.433 38.403 38.373 38.35 38.35 38.36 38.32 38.278 38.215 38.225 38.26 38.26 38.255 38.263 38.238 38.203 38.215 38.233 38.213 38.233 38.21 38.208 38.218 38.253 38.235 38.21 38.218 38.175 38.173 38.165 38.198 38.205 38.183 38.143 38.143 38.158 38.175 38.17 38.168 38.17 38.19 38.193 38.19 38.2 38.173 38.175 38.155 38.145 38.13 38.15 38.143 38.158 38.128 38.135 38.123 38.143 38.145 38.185 38.168 38.13 38.143 38.083 38.068 38.115 38.068
38.46 38.463 38.418 38.428 38.425 38.418 38.398 38.373 38.375 38.348 38.31 38.295 38.295 38.27 38.24 38.208 38.223 38.228 38.255 38.225 38.228 38.22 38.198 38.205 38.183 38.22 38.195 38.2 38.193 38.218 38.208 38.215 38.223 38.18 38.165 38.168 38.178 38.165 38.15 38.165 38.133 38.145 38.163 38.143 38.135 38.163 38.178 38.175 38.188 38.188 38.168 38.16 38.155 38.125 38.135 38.113 38.143 38.143 38.113 38.115 38.105 38.135 38.105 38.12 38.145 38.17 38.165 38.148 38.12 38.098 38.105 38.063
38.44 38.413 38.378 38.38 38.408 38.37 38.378 38.36 38.35 38.325 38.295 38.283 38.258 38.245 38.24 38.17 38.165 38.215 38.228 38.22 38.193 38.198 38.188 38.16 38.178 38.2 38.198 38.178 38.198 38.213 38.208 38.208 38.19 38.178 38.165 38.135 38.143 38.15 38.13 38.16 38.128 38.115 38.11 38.11 38.135 38.14 38.15 38.158 38.165 38.15 38.173 38.145 38.155 38.115 38.125 38.123 38.133 38.11 38.11 38.088 38.085 38.123 38.11 38.093 38.135 38.18 38.193 38.145 38.135 38.095 38.085 38.07
38.393 38.363 38.355 38.345 38.373 38.35 38.333 38.318 38.308 38.27 38.278 38.26 38.215 38.2 38.225 38.188 38.173 38.158 38.198 38.203 38.185 38.175 38.165 38.163 38.158 38.168 38.168 38.155 38.193 38.203 38.178 38.2 38.183 38.175 38.163 38.12 38.113 38.113 38.075 38.123 38.088 38.1 38.12 38.113 38.118 38.128 38.158 38.175 38.165 38.15 38.14 38.135 38.155 38.165 38.123 38.143 38.128 38.118 38.163 38.08 38.088 38.108 38.098 38.098 38.125 38.143 38.175 38.145 38.133 38.115 38.093 38.058
38.335 38.305 38.325 38.308 38.323 38.298 38.288 38.283 38.288 38.275 38.235 38.223 38.188 38.18 38.2 38.18 38.163 38.12 38.158 38.19 38.173 38.15 38.138 38.145 38.148 38.148 38.158 38.148 38.158 38.165 38.193 38.175 38.173 38.143 38.125 38.108 38.093 38.128 38.095 38.108 38.078 38.073 38.1 38.098 38.12 38.105 38.13 38.165 38.148 38.163 38.153 38.143 38.148 38.178 38.145 38.125 38.108 38.068 38.115 38.095 38.073 38.098 38.093 38.085 38.133 38.15 38.138 38.16 38.12 38.123 38.09 38.093
38.318 38.31 38.288 38.29 38.278 38.273 38.255 38.243 38.245 38.228 38.205 38.208 38.205 38.18 38.178 38.163 38.138 38.11 38.133 38.155 38.178 38.17 38.143 38.125 38.133 38.123 38.138 38.125 38.108 38.143 38.145 38.155 38.158 38.168 38.14 38.103 38.093 38.098 38.093 38.095 38.08 38.085 38.095 38.078 38.11 38.105 38.11 38.125 38.103 38.1 38.143 38.113 38.143 38.128 38.115 38.123 38.113 38.073 38.07 38.123 38.105 38.115 38.1 38.083 38.115 38.12 38.16 38.145 38.103 38.088 38.098 38.065
