LIDAR/se2989_DTM_2M.asc
ncols 500
nrows 500
xllcorner    429000
yllcorner    489000
cellsize     2
NODATA_value -9999
[rows 352 to 383 of 500, columns 288 to 359 of 500]
33.675 33.58 33.45 33.458 33.508 33.52 33.485 33.483 33.47 33.505 33.46 33.413 33.395 33.36 33.272 33.282 33.317 33.262 33.267 33.367 33.295 33.08 33.095 33.035 33.04 33.22 33.622 33.96 34.375 34.59 34.62 34.597 34.632 34.6 34.582 34.562 34.552 34.462 34.492 34.55 34.555 34.502 34.487 34.512 34.505 34.477 34.475 34.435 34.4 34.38 34.37 34.34 34.38 34.425 34.42 34.382 34.335 34.275 33.93 33.422 33.005 32.85 32.852 32.88 32.87 32.857 32.797 32.777 32.757 32.757 32.757 32.785
33.623 33.573 33.515 33.485 33.55 33.543 33.468 33.46 33.448 33.48 33.488 33.435 33.387 33.357 33.285 33.222 33.277 33.305 33.232 33.36 33.382 33.152 33.137 33.105 33.05 33.127 33.437 33.792 34.24 34.497 34.612 34.595 34.64 34.625 34.595 34.59 34.572 34.572 34.582 34.582 34.617 34.587 34.56 34.525 34.532 34.435 34.475 34.445 34.422 34.4 34.41 34.355 34.41 34.415 34.412 34.365 34.32 34.23 33.942 33.442 32.97 32.825 32.817 32.857 32.865 32.847 32.795 32.772 32.782 32.75 32.77 32.785
33.563 33.515 33.493 33.505 33.498 33.413 33.4 33.435 33.418 33.433 33.468 33.438 33.382 33.352 33.287 33.18 33.202 33.307 33.262 33.252 33.275 33.265 33.365 33.3 33.092 33.077 33.287 33.652 34.037 34.417 34.575 34.575 34.597 34.61 34.625 34.617 34.567 34.572 34.565 34.595 34.642 34.667 34.637 34.57 34.485 34.4 34.49 34.467 34.442 34.447 34.45 34.387 34.375 34.42 34.415 34.325 34.267 34.197 33.99 33.447 32.97 32.83 32.877 32.87 32.865 32.807 32.797 32.785 32.775 32.74 32.77 32.767
33.503 33.448 33.42 33.403 33.343 33.343 33.433 33.443 33.448 33.47 33.448 33.433 33.407 33.352 33.325 33.26 33.25 33.285 33.312 33.312 33.282 33.395 33.482 33.447 33.237 33.067 33.152 33.482 33.857 34.287 34.522 34.582 34.565 34.622 34.645 34.617 34.552 34.532 34.57 34.597 34.647 34.672 34.677 34.625 34.545 34.51 34.475 34.435 34.445 34.485 34.47 34.425 34.405 34.397 34.417 34.352 34.272 34.212 33.992 33.445 32.967 32.825 32.857 32.88 32.857 32.8 32.79 32.785 32.812 32.755 32.75 32.71
33.448 33.448 33.428 33.385 33.41 33.418 33.458 33.465 33.475 33.473 33.415 33.44 33.412 33.37 33.365 33.322 33.317 33.265 33.292 33.295 33.297 33.307 33.435 33.37 33.257 33.11 33.08 33.277 33.695 34.147 34.467 34.582 34.612 34.605 34.62 34.625 34.552 34.532 34.535 34.595 34.64 34.655 34.675 34.647 34.57 34.502 34.465 34.44 34.455 34.5 34.462 34.395 34.412 34.412 34.452 34.397 34.34 34.295 34.032 33.497 33.002 32.822 32.845 32.907 32.852 32.807 32.797 32.77 32.78 32.767 32.75 32.74
33.43 33.463 33.42 33.385 33.425 33.463 33.465 33.47 33.473 33.478 33.42 33.443 33.402 33.372 33.4 33.35 33.342 33.322 33.312 33.285 33.295 33.28 33.32 33.307 33.26 33.137 33.08 33.165 33.562 33.98 34.392 34.602 34.64 34.625 34.622 34.62 34.597 34.542 34.53 34.587 34.615 34.657 34.675 34.672 34.605 34.535 34.505 34.505 34.457 34.48 34.467 34.422 34.402 34.39 34.442 34.422 34.402 34.302 34.042 33.545 33.005 32.802 32.85 32.875 32.857 32.815 32.787 32.782 32.772 32.762 32.77 32.75
33.393 33.443 33.41 33.373 33.408 33.415 33.448 33.443 33.455 33.465 33.503 33.498 33.442 33.365 33.35 33.362 33.345 33.295 33.307 33.3 33.29 33.247 33.282 33.287 33.282 33.155 33.102 33.115 33.365 33.802 34.287 34.61 34.657 34.635 34.602 34.64 34.625 34.592 34.575 34.577 34.632 34.672 34.705 34.725 34.702 34.632 34.572 34.555 34.512 34.465 34.447 34.462 34.452 34.437 34.445 34.455 34.422 34.392 34.107 33.565 33.022 32.802 32.835 32.867 32.867 32.832 32.797 32.81 32.807 32.765 32.762 32.737
33.333 33.368 33.378 33.363 33.365 33.325 33.428 33.438 33.465 33.503 33.543 33.61 33.477 33.402 33.35 33.357 33.327 33.235 33.225 33.25 33.28 33.29 33.315 33.41 33.43 33.25 33.027 33 33.165 33.575 34.095 34.545 34.687 34.672 34.645 34.665 34.66 34.642 34.657 34.63 34.652 34.722 34.737 34.76 34.767 34.695 34.615 34.582 34.515 34.457 34.435 34.467 34.495 34.49 34.477 34.49 34.457 34.407 34.132 33.537 33.045 32.802 32.83 32.875 32.872 32.83 32.812 32.775 32.785 32.762 32.795 32.755
33.27 33.295 33.323 33.318 33.333 33.368 33.38 33.365 33.465 33.525 33.455 33.485 33.412 33.397 33.392 33.342 33.287 33.265 33.25 33.225 33.305 33.305 33.307 33.422 33.47 33.32 33.122 33.057 33.052 33.357 33.87 34.417 34.71 34.73 34.702 34.687 34.667 34.67 34.682 34.717 34.682 34.7 34.702 34.767 34.772 34.712 34.635 34.592 34.54 34.46 34.447 34.495 34.532 34.507 34.525 34.517 34.482 34.385 34.075 33.51 32.987 32.802 32.857 32.862 32.862 32.845 32.815 32.752 32.767 32.757 32.795 32.75
33.225 33.21 33.208 33.26 33.295 33.338 33.363 33.305 33.395 33.533 33.503 33.363 33.337 33.337 33.33 33.287 33.285 33.285 33.26 33.255 33.287 33.265 33.21 33.287 33.362 33.345 33.212 33.08 33.065 33.202 33.687 34.235 34.657 34.74 34.755 34.73 34.705 34.692 34.687 34.712 34.702 34.71 34.707 34.742 34.72 34.707 34.647 34.575 34.522 34.495 34.482 34.537 34.58 34.56 34.607 34.57 34.507 34.397 34.095 33.507 32.955 32.802 32.86 32.87 32.847 32.852 32.815 32.767 32.757 32.777 32.822 32.74
33.163 33.135 33.143 33.243 33.293 33.378 33.355 33.345 33.36 33.465 33.515 33.378 33.317 33.285 33.275 33.315 33.305 33.322 33.275 33.252 33.217 33.23 33.205 33.205 33.225 33.272 33.322 33.237 33.075 33.11 33.475 34.037 34.565 34.765 34.775 34.77 34.74 34.705 34.68 34.695 34.747 34.735 34.722 34.68 34.675 34.65 34.622 34.565 34.522 34.482 34.515 34.562 34.595 34.585 34.605 34.59 34.51 34.41 34.107 33.54 32.967 32.812 32.847 32.862 32.845 32.86 32.845 32.81 32.815 32.807 32.835 32.78
33.098 33.11 33.098 33.185 33.325 33.338 33.29 33.3 33.343 33.415 33.393 33.32 33.305 33.29 33.295 33.317 33.305 33.302 33.272 33.25 33.242 33.257 33.25 33.227 33.167 33.212 33.347 33.3 33.11 33.107 33.305 33.845 34.367 34.702 34.752 34.767 34.752 34.72 34.692 34.697 34.735 34.732 34.68 34.622 34.58 34.647 34.64 34.602 34.537 34.495 34.562 34.602 34.605 34.56 34.592 34.585 34.542 34.392 34.09 33.52 32.942 32.805 32.855 32.865 32.88 32.86 32.85 32.792 32.812 32.805 32.815 32.772
33.05 33.093 33.108 33.13 33.2 33.213 33.243 33.283 33.313 33.335 33.3 33.278 33.285 33.325 33.337 33.322 33.287 33.297 33.297 33.317 33.292 33.295 33.295 33.255 33.257 33.237 33.207 33.187 33.125 33.097 33.17 33.625 34.157 34.615 34.742 34.75 34.74 34.702 34.665 34.69 34.695 34.697 34.667 34.63 34.635 34.627 34.68 34.68 34.582 34.532 34.54 34.557 34.55 34.545 34.567 34.557 34.522 34.382 34.022 33.507 32.897 32.792 32.855 32.9 32.892 32.857 32.85 32.817 32.797 32.777 32.777 32.76
33.1 33.048 33.095 33.098 33.168 33.233 33.258 33.278 33.29 33.29 33.273 33.258 33.267 33.337 33.4 33.35 33.302 33.337 33.307 33.387 33.327 33.252 33.237 33.187 33.287 33.295 33.14 33.13 33.13 33.062 33.107 33.402 33.912 34.422 34.672 34.697 34.725 34.657 34.63 34.662 34.647 34.665 34.677 34.685 34.685 34.67 34.725 34.73 34.645 34.602 34.57 34.54 34.53 34.557 34.55 34.522 34.497 34.435 34.057 33.495 32.877 32.772 32.87 32.867 32.887 32.875 32.817 32.815 32.812 32.78 32.747 32.692
33.155 33.075 33.103 33.113 33.133 33.23 33.315 33.308 33.298 33.27 33.265 33.275 33.325 33.412 33.435 33.362 33.252 33.245 33.252 33.357 33.312 33.34 33.395 33.285 33.255 33.267 33.18 33.1 33.112 33.09 33.062 33.207 33.647 34.18 34.585 34.69 34.7 34.645 34.615 34.667 34.672 34.68 34.702 34.75 34.752 34.71 34.735 34.765 34.68 34.637 34.587 34.585 34.585 34.547 34.512 34.48 34.487 34.415 34.037 33.47 32.85 32.802 32.86 32.877 32.87 32.862 32.82 32.81 32.785 32.755 32.737 32.675
33.168 33.115 33.068 33.115 33.1 33.188 33.27 33.278 33.25 33.248 33.27 33.273 33.285 33.345 33.345 33.317 33.312 33.317 33.34 33.345 33.352 33.397 33.467 33.367 33.22 33.25 33.222 33.097 32.987 32.98 33.082 33.115 33.402 33.932 34.41 34.63 34.645 34.62 34.645 34.707 34.717 34.71 34.752 34.812 34.827 34.755 34.737 34.737 34.692 34.667 34.585 34.565 34.572 34.532 34.472 34.447 34.47 34.342 33.99 33.392 32.83 32.785 32.86 32.892 32.917 32.852 32.815 32.81 32.78 32.782 32.775 32.755
33.158 33.113 33.035 33.09 33.095 33.133 33.183 33.24 33.248 33.245 33.228 33.253 33.26 33.305 33.305 33.285 33.322 33.382 33.355 33.35 33.315 33.312 33.425 33.38 33.245 33.287 33.22 33.075 33 33.097 33.117 33.065 33.185 33.675 34.16 34.527 34.59 34.572 34.627 34.727 34.745 34.747 34.742 34.76 34.82 34.752 34.73 34.697 34.672 34.645 34.59 34.545 34.55 34.52 34.45 34.457 34.445 34.382 33.947 33.322 32.807 32.747 32.852 32.88 32.865 32.847 32.81 32.815 32.8 32.775 32.782 32.787
33.105 33.073 33.048 33.108 33.108 33.105 33.18 33.258 33.3 33.253 33.235 33.243 33.257 33.277 33.267 33.27 33.26 33.285 33.29 33.287 33.265 33.235 33.315 33.4 33.342 33.282 33.212 33.127 33.082 33.1 33.125 33.107 33.107 33.41 33.922 34.38 34.572 34.592 34.627 34.772 34.782 34.737 34.73 34.742 34.762 34.722 34.7 34.677 34.662 34.635 34.577 34.535 34.532 34.477 34.465 34.467 34.465 34.39 33.902 33.247 32.765 32.772 32.835 32.875 32.855 32.845 32.817 32.81 32.817 32.8 32.787 32.81
33.038 33.045 33.09 33.11 33.133 33.095 33.125 33.233 33.28 33.238 33.265 33.258 33.255 33.3 33.272 33.272 33.297 33.28 33.302 33.3 33.282 33.235 33.24 33.267 33.29 33.302 33.262 33.177 33.142 33.057 33.105 33.112 33.06 33.177 33.687 34.157 34.54 34.62 34.667 34.77 34.807 34.752 34.722 34.745 34.752 34.72 34.672 34.647 34.642 34.635 34.582 34.54 34.487 34.455 34.442 34.477 34.46 34.362 33.837 33.225 32.76 32.777 32.81 32.877 32.885 32.845 32.807 32.795 32.79 32.777 32.78 32.815
33.018 33.023 33.073 33.088 33.125 33.103 33.09 33.183 33.198 33.218 33.25 33.263 33.26 33.277 33.277 33.267 33.305 33.3 33.337 33.362 33.295 33.272 33.237 33.245 33.242 33.29 33.285 33.225 33.18 33.077 33.057 33.077 33.067 33.107 33.475 33.9 34.385 34.6 34.68 34.752 34.802 34.762 34.722 34.757 34.765 34.735 34.642 34.655 34.655 34.64 34.602 34.567 34.545 34.475 34.472 34.477 34.45 34.307 33.792 33.175 32.77 32.762 32.817 32.905 32.872 32.827 32.795 32.815 32.832 32.767 32.8 32.862
33.05 33.043 33.038 33.058 33.105 33.088 33.068 33.133 33.195 33.258 33.333 33.31 33.282 33.27 33.28 33.282 33.305 33.322 33.365 33.415 33.357 33.3 33.285 33.265 33.265 33.27 33.28 33.207 33.132 33.097 33.052 33.08 33.072 33.067 33.247 33.747 34.17 34.51 34.642 34.7 34.72 34.71 34.702 34.755 34.787 34.742 34.692 34.652 34.66 34.655 34.635 34.602 34.58 34.51 34.522 34.507 34.452 34.28 33.73 33.09 32.76 32.772 32.827 32.87 32.867 32.857 32.81 32.817 32.84 32.817 32.815 32.895
32.99 33.025 33.098 33.103 33.085 33.083 33.06 33.098 33.168 33.233 33.295 33.278 33.265 33.26 33.29 33.3 33.317 33.3 33.315 33.4 33.405 33.317 33.275 33.28 33.28 33.255 33.245 33.207 33.142 33.127 33.072 33.062 33.075 33.092 33.127 33.502 33.912 34.32 34.545 34.61 34.682 34.702 34.677 34.712 34.775 34.747 34.707 34.702 34.71 34.685 34.672 34.66 34.64 34.597 34.59 34.562 34.487 34.285 33.672 33.07 32.727 32.767 32.847 32.887 32.88 32.837 32.8 32.81 32.865 32.837 32.847 32.862
33.043 33.095 33.17 33.205 33.19 33.068 33.078 33.085 33.113 33.155 33.22 33.24 33.26 33.275 33.307 33.362 33.365 33.335 33.332 33.352 33.35 33.307 33.277 33.275 33.24 33.217 33.215 33.21 33.177 33.15 33.095 33.072 33.075 33.092 33.072 33.255 33.637 34.095 34.407 34.515 34.592 34.66 34.7 34.687 34.72 34.717 34.71 34.72 34.747 34.742 34.71 34.665 34.642 34.612 34.575 34.58 34.495 34.252 33.632 33.017 32.732 32.732 32.827 32.867 32.897 32.842 32.807 32.785 32.897 32.855 32.872 32.865
33.123 33.135 33.145 33.255 33.245 33.105 33.085 33.08 33.085 33.145 33.185 33.22 33.24 33.287 33.325 33.342 33.347 33.35 33.31 33.335 33.36 33.335 33.29 33.255 33.26 33.24 33.225 33.227 33.21 33.15 33.147 33.09 33.09 33.095 33.08 33.122 33.435 33.855 34.295 34.51 34.59 34.657 34.69 34.68 34.69 34.675 34.717 34.735 34.775 34.777 34.742 34.667 34.65 34.62 34.597 34.577 34.472 34.25 33.59 32.992 32.742 32.762 32.825 32.865 32.887 32.847 32.822 32.792 32.825 32.865 32.857 32.877
33.188 33.153 33.15 33.258 33.263 33.14 33.063 33.08 33.043 33.113 33.183 33.235 33.225 33.262 33.312 33.322 33.327 33.335 33.315 33.347 33.377 33.365 33.322 33.267 33.24 33.232 33.202 33.227 33.227 33.167 33.152 33.147 33.137 33.112 33.09 33.085 33.232 33.6 34.132 34.52 34.622 34.637 34.615 34.617 34.62 34.642 34.687 34.725 34.737 34.772 34.745 34.67 34.637 34.642 34.602 34.562 34.482 34.195 33.607 32.987 32.73 32.762 32.812 32.907 32.897 32.837 32.807 32.787 32.79 32.852 32.86 32.885
33.245 33.253 33.208 33.213 33.213 33.153 33.083 33.06 33.043 33.098 33.198 33.255 33.247 33.24 33.3 33.307 33.315 33.317 33.322 33.345 33.382 33.402 33.38 33.322 33.26 33.262 33.232 33.242 33.235 33.195 33.18 33.212 33.242 33.2 33.12 33.075 33.117 33.385 33.89 34.412 34.587 34.627 34.565 34.515 34.565 34.612 34.615 34.667 34.685 34.747 34.732 34.667 34.667 34.652 34.622 34.59 34.502 34.25 33.617 32.967 32.71 32.76 32.817 32.872 32.902 32.83 32.812 32.755 32.722 32.757 32.882 32.887
33.243 33.25 33.25 33.248 33.263 33.23 33.15 33.07 33.108 33.163 33.19 33.235 33.22 33.225 33.275 33.29 33.285 33.272 33.305 33.38 33.395 33.415 33.425 33.37 33.29 33.262 33.245 33.31 33.31 33.23 33.21 33.282 33.312 33.3 33.195 33.067 33.097 33.185 33.657 34.205 34.507 34.552 34.547 34.512 34.56 34.572 34.57 34.607 34.64 34.692 34.737 34.692 34.68 34.662 34.642 34.572 34.51 34.187 33.575 33.005 32.735 32.747 32.767 32.845 32.882 32.85 32.782 32.747 32.717 32.73 32.827 32.885
33.225 33.26 33.245 33.25 33.285 33.303 33.21 33.2 33.225 33.215 33.23 33.245 33.267 33.252 33.287 33.327 33.237 33.315 33.36 33.4 33.455 33.447 33.475 33.41 33.33 33.267 33.382 33.525 33.455 33.272 33.217 33.245 33.295 33.242 33.182 33.065 33.07 33.075 33.41 34 34.397 34.51 34.517 34.517 34.595 34.567 34.562 34.595 34.617 34.665 34.722 34.717 34.69 34.68 34.64 34.572 34.475 34.137 33.512 32.985 32.745 32.745 32.792 32.855 32.872 32.827 32.775 32.752 32.705 32.707 32.73 32.825
33.248 33.308 33.313 33.28 33.273 33.323 33.318 33.265 33.25 33.215 33.215 33.248 33.262 33.285 33.32 33.355 33.387 33.442 33.39 33.402 33.485 33.48 33.49 33.455 33.39 33.305 33.27 33.355 33.4 33.26 33.232 33.242 33.23 33.25 33.27 33.14 33.055 33.062 33.21 33.787 34.275 34.425 34.477 34.525 34.58 34.647 34.647 34.635 34.617 34.642 34.715 34.747 34.725 34.71 34.655 34.535 34.4 34.065 33.457 32.942 32.717 32.75 32.81 32.867 32.87 32.81 32.772 32.747 32.7 32.67 32.695 32.75
33.243 33.288 33.325 33.303 33.288 33.273 33.278 33.223 33.235 33.228 33.218 33.243 33.27 33.28 33.297 33.277 33.387 33.485 33.422 33.412 33.47 33.492 33.52 33.505 33.465 33.295 33.19 33.235 33.285 33.377 33.35 33.282 33.167 33.252 33.3 33.12 33.117 33.115 33.1 33.54 34.05 34.33 34.467 34.55 34.595 34.687 34.7 34.71 34.635 34.642 34.712 34.722 34.685 34.697 34.65 34.492 34.362 34 33.422 32.927 32.695 32.732 32.822 32.885 32.857 32.82 32.765 32.76 32.707 32.682 32.677 32.725
33.195 33.25 33.283 33.28 33.253 33.288 33.235 33.2 33.218 33.218 33.218 33.255 33.242 33.185 33.15 33.14 33.27 33.405 33.392 33.437 33.492 33.497 33.485 33.465 33.425 33.322 33.24 33.3 33.505 33.52 33.332 33.222 33.197 33.207 33.235 33.125 33.127 33.087 33.072 33.32 33.82 34.207 34.445 34.597 34.662 34.705 34.745 34.715 34.675 34.63 34.667 34.67 34.65 34.632 34.597 34.435 34.245 33.89 33.395 32.905 32.727 32.755 32.847 32.895 32.875 32.835 32.787 32.765 32.692 32.64 32.68 32.697
33.213 33.22 33.24 33.255 33.253 33.228 33.2 33.223 33.2 33.178 33.225 33.278 33.242 33.18 33.14 33.18 33.312 33.347 33.375 33.425 33.477 33.497 33.457 33.427 33.42 33.362 33.267 33.285 33.487 33.555 33.437 33.277 33.277 33.257 33.21 33.177 33.107 33.057 33.057 33.145 33.575 34.065 34.39 34.622 34.67 34.705 34.755 34.732 34.672 34.607 34.61 34.63 34.632 34.6 34.52 34.357 34.092 33.73 33.302 32.807 32.732 32.762 32.852 32.89 32.87 32.815 32.815 32.765 32.715 32.692 32.705 32.672
