LIDAR/se2986_DTM_2M.asc
ncols 500
nrows 500
xllcorner    429000
yllcorner    486000
cellsize     2
NODATA_value -9999
[rows 352 to 383 of 500, columns 142 to 212 of 500]
35.666 35.633 35.616 35.566 35.538 35.481 35.418 35.391 35.346 35.258 35.193 35.133 35.111 35.086 35.073 35.046 35.046 35.066 35.043 34.961 34.893 34.893 34.911 34.876 34.813 34.786 34.706 34.701 34.711 34.696 34.673 34.643 34.603 34.591 34.578 34.536 34.481 34.461 34.403 34.348 34.306 34.246 34.141 34.081 34.046 33.991 33.956 33.943 33.881 33.848 33.856 33.856 33.871 33.918 33.953 34.023 34.126 34.216 34.243 34.313 34.393 34.488 34.546 34.648 34.708 34.761 34.821 34.891 34.938 34.991 35.003
35.621 35.608 35.591 35.568 35.518 35.466 35.428 35.363 35.318 35.238 35.173 35.128 35.066 35.056 35.033 34.993 34.953 34.993 35.008 34.953 34.841 34.823 34.841 34.806 34.753 34.708 34.606 34.601 34.613 34.598 34.573 34.541 34.488 34.473 34.453 34.401 34.333 34.331 34.268 34.186 34.133 34.088 34.053 33.981 33.923 33.873 33.838 33.818 33.798 33.778 33.811 33.823 33.868 33.941 33.996 34.068 34.171 34.256 34.288 34.388 34.448 34.538 34.613 34.716 34.821 34.876 34.938 34.976 35.033 35.101 35.138
35.553 35.563 35.546 35.573 35.528 35.456 35.413 35.348 35.288 35.236 35.168 35.131 34.998 34.981 34.966 34.946 34.903 34.903 34.993 34.913 34.838 34.796 34.796 34.776 34.706 34.641 34.583 34.516 34.501 34.498 34.473 34.431 34.373 34.346 34.333 34.258 34.233 34.163 34.116 34.041 34.026 33.956 33.911 33.868 33.833 33.783 33.738 33.728 33.773 33.776 33.781 33.826 33.906 33.963 34.018 34.101 34.206 34.278 34.381 34.466 34.551 34.633 34.711 34.761 34.873 34.941 35.028 35.096 35.143 35.196 35.248
35.513 35.533 35.548 35.531 35.523 35.418 35.376 35.321 35.271 35.216 35.161 35.098 34.996 34.931 34.926 34.916 34.861 34.866 34.903 34.901 34.861 34.783 34.711 34.701 34.656 34.563 34.521 34.431 34.383 34.361 34.321 34.308 34.238 34.171 34.153 34.131 34.063 33.993 33.926 33.896 33.858 33.806 33.813 33.733 33.716 33.693 33.691 33.706 33.728 33.756 33.801 33.868 33.961 34.036 34.096 34.193 34.278 34.348 34.453 34.541 34.623 34.711 34.786 34.866 34.963 35.058 35.136 35.201 35.248 35.303 35.351
35.476 35.483 35.501 35.506 35.458 35.433 35.378 35.328 35.271 35.181 35.146 35.071 34.978 34.876 34.866 34.828 34.821 34.831 34.866 34.846 34.841 34.753 34.613 34.623 34.608 34.521 34.436 34.351 34.291 34.256 34.186 34.158 34.103 34.053 34.018 33.958 33.891 33.843 33.801 33.746 33.708 33.681 33.686 33.646 33.638 33.648 33.696 33.688 33.736 33.791 33.846 33.901 34.013 34.098 34.143 34.276 34.376 34.466 34.551 34.633 34.706 34.768 34.848 34.936 35.068 35.133 35.201 35.276 35.318 35.368 35.431
35.443 35.441 35.446 35.438 35.418 35.391 35.331 35.283 35.231 35.178 35.096 35.033 34.978 34.876 34.851 34.808 34.803 34.796 34.803 34.813 34.818 34.741 34.566 34.531 34.528 34.416 34.366 34.276 34.191 34.108 34.061 34.018 33.971 33.941 33.878 33.808 33.758 33.701 33.678 33.658 33.616 33.588 33.593 33.586 33.603 33.633 33.666 33.686 33.753 33.838 33.928 33.981 34.076 34.201 34.276 34.358 34.473 34.548 34.656 34.718 34.811 34.896 34.966 35.048 35.136 35.236 35.291 35.361 35.403 35.468 35.511
35.391 35.393 35.383 35.381 35.368 35.351 35.316 35.253 35.193 35.136 35.066 35.021 34.943 34.851 34.803 34.786 34.773 34.773 34.738 34.736 34.761 34.758 34.621 34.468 34.423 34.381 34.271 34.176 34.091 34.006 33.971 33.891 33.821 33.788 33.731 33.708 33.636 33.596 33.541 33.543 33.523 33.528 33.521 33.556 33.588 33.621 33.708 33.768 33.823 33.893 33.981 34.053 34.156 34.261 34.361 34.458 34.573 34.663 34.731 34.808 34.906 34.951 35.051 35.136 35.203 35.308 35.403 35.438 35.483 35.538 35.588
35.351 35.323 35.338 35.306 35.283 35.263 35.241 35.203 35.138 35.068 35.018 34.988 34.906 34.846 34.771 34.736 34.731 34.721 34.703 34.693 34.688 34.738 34.656 34.421 34.296 34.263 34.173 34.063 33.966 33.873 33.811 33.761 33.713 33.606 33.611 33.561 33.526 33.488 33.453 33.403 33.441 33.461 33.481 33.526 33.583 33.661 33.756 33.826 33.901 33.973 34.071 34.168 34.273 34.371 34.468 34.571 34.658 34.733 34.821 34.906 35.008 35.033 35.136 35.213 35.288 35.371 35.473 35.533 35.583 35.623 35.661
35.271 35.263 35.258 35.248 35.226 35.183 35.166 35.123 35.076 35.008 34.981 34.961 34.911 34.818 34.758 34.693 34.691 34.681 34.646 34.626 34.628 34.648 34.568 34.338 34.156 34.128 34.031 33.938 33.856 33.751 33.686 33.641 33.541 33.473 33.446 33.453 33.423 33.381 33.363 33.368 33.406 33.463 33.538 33.563 33.646 33.733 33.808 33.896 34.001 34.073 34.143 34.278 34.373 34.466 34.568 34.683 34.771 34.856 34.956 35.013 35.106 35.173 35.233 35.283 35.358 35.433 35.536 35.601 35.656 35.666 35.708
35.186 35.171 35.188 35.141 35.128 35.103 35.093 35.071 34.988 34.933 34.898 34.873 34.821 34.796 34.766 34.693 34.651 34.613 34.586 34.553 34.543 34.531 34.531 34.361 34.118 33.998 33.923 33.778 33.743 33.636 33.581 33.516 33.448 33.383 33.318 33.331 33.346 33.301 33.303 33.328 33.398 33.466 33.548 33.618 33.703 33.801 33.863 33.963 34.066 34.163 34.261 34.368 34.471 34.568 34.671 34.776 34.866 34.968 35.043 35.116 35.211 35.248 35.281 35.381 35.416 35.501 35.568 35.663 35.703 35.726 35.728
35.116 35.086 35.071 35.058 35.018 35.011 34.996 34.983 34.916 34.871 34.823 34.798 34.766 34.748 34.681 34.638 34.578 34.563 34.546 34.483 34.441 34.418 34.403 34.273 34.136 33.861 33.816 33.633 33.588 33.546 33.458 33.393 33.338 33.256 33.248 33.243 33.263 33.251 33.286 33.338 33.421 33.493 33.586 33.681 33.773 33.881 33.988 34.063 34.168 34.266 34.371 34.443 34.566 34.648 34.788 34.858 34.953 35.046 35.128 35.208 35.283 35.306 35.373 35.436 35.508 35.558 35.618 35.716 35.781 35.768 35.798
35.011 34.991 34.961 34.943 34.916 34.903 34.866 34.863 34.838 34.798 34.751 34.736 34.703 34.676 34.628 34.601 34.531 34.518 34.466 34.421 34.363 34.278 34.298 34.258 34.073 33.756 33.676 33.636 33.478 33.473 33.386 33.306 33.268 33.223 33.223 33.211 33.223 33.223 33.291 33.413 33.466 33.541 33.656 33.756 33.871 33.968 34.088 34.186 34.246 34.363 34.458 34.548 34.646 34.743 34.848 34.931 35.036 35.121 35.206 35.273 35.338 35.411 35.441 35.511 35.551 35.596 35.681 35.736 35.791 35.821 35.831
34.931 34.891 34.861 34.836 34.811 34.793 34.771 34.766 34.718 34.701 34.691 34.671 34.648 34.623 34.578 34.538 34.458 34.406 34.386 34.323 34.278 34.171 34.161 34.158 34.013 33.713 33.518 33.536 33.456 33.386 33.318 33.256 33.216 33.173 33.151 33.171 33.218 33.213 33.311 33.423 33.501 33.641 33.741 33.811 33.961 34.081 34.161 34.266 34.343 34.443 34.558 34.621 34.738 34.846 34.936 35.051 35.116 35.203 35.266 35.353 35.408 35.443 35.496 35.553 35.621 35.628 35.716 35.758 35.841 35.886 35.883
34.806 34.798 34.771 34.726 34.716 34.691 34.671 34.646 34.631 34.636 34.581 34.593 34.573 34.553 34.498 34.436 34.383 34.318 34.261 34.231 34.191 34.093 34.043 34.031 33.933 33.701 33.456 33.411 33.416 33.323 33.258 33.208 33.153 33.123 33.138 33.156 33.188 33.263 33.351 33.443 33.566 33.686 33.816 33.933 34.038 34.143 34.253 34.361 34.466 34.531 34.626 34.738 34.843 34.941 35.036 35.091 35.188 35.286 35.348 35.403 35.476 35.523 35.591 35.628 35.681 35.711 35.761 35.791 35.848 35.916 35.923
34.708 34.688 34.671 34.638 34.628 34.608 34.568 34.548 34.546 34.526 34.488 34.486 34.481 34.441 34.423 34.348 34.306 34.248 34.188 34.121 34.096 34.011 33.911 33.898 33.848 33.673 33.451 33.291 33.346 33.296 33.248 33.153 33.116 33.096 33.081 33.118 33.206 33.268 33.406 33.501 33.621 33.718 33.891 34.021 34.101 34.216 34.346 34.436 34.568 34.618 34.723 34.838 34.951 35.028 35.108 35.193 35.261 35.346 35.421 35.503 35.546 35.598 35.653 35.691 35.726 35.778 35.803 35.821 35.886 35.928 35.973
34.613 34.566 34.561 34.521 34.536 34.506 34.451 34.448 34.433 34.448 34.421 34.381 34.346 34.348 34.331 34.281 34.233 34.143 34.091 34.013 33.983 33.916 33.813 33.758 33.736 33.641 33.421 33.211 33.201 33.268 33.181 33.058 33.073 33.083 33.098 33.151 33.211 33.303 33.418 33.561 33.671 33.788 33.938 34.071 34.176 34.303 34.413 34.508 34.623 34.696 34.791 34.903 35.013 35.106 35.168 35.241 35.306 35.423 35.468 35.533 35.593 35.638 35.658 35.708 35.771 35.793 35.823 35.881 35.906 35.958 35.978
34.483 34.471 34.413 34.383 34.406 34.381 34.353 34.323 34.281 34.296 34.298 34.288 34.246 34.208 34.211 34.183 34.118 34.058 34.006 33.916 33.856 33.793 33.731 33.648 33.623 33.588 33.413 33.183 33.103 33.158 33.146 32.966 33.023 33.071 33.098 33.141 33.206 33.323 33.466 33.593 33.728 33.876 33.983 34.143 34.236 34.373 34.478 34.578 34.681 34.798 34.886 34.991 35.066 35.163 35.243 35.311 35.401 35.491 35.523 35.596 35.653 35.711 35.733 35.761 35.798 35.823 35.851 35.873 35.916 36.013 36.013
34.353 34.341 34.283 34.281 34.266 34.261 34.236 34.211 34.203 34.191 34.171 34.156 34.143 34.131 34.116 34.091 34.023 33.983 33.896 33.823 33.766 33.736 33.646 33.553 33.523 33.513 33.426 33.223 33.073 33.098 33.106 32.973 32.971 33.068 33.101 33.136 33.243 33.326 33.481 33.641 33.773 33.918 34.033 34.183 34.308 34.403 34.566 34.678 34.781 34.868 34.943 35.043 35.128 35.218 35.273 35.361 35.443 35.508 35.573 35.626 35.696 35.731 35.763 35.806 35.866 35.858 35.888 35.926 35.941 35.996 36.036
34.236 34.226 34.186 34.161 34.138 34.151 34.116 34.086 34.036 34.021 34.048 34.058 34.038 34.011 34.013 33.973 33.941 33.893 33.823 33.748 33.696 33.631 33.568 33.493 33.448 33.423 33.401 33.286 33.106 33.061 33.076 32.998 32.958 33.058 33.056 33.131 33.258 33.371 33.483 33.653 33.811 33.946 34.106 34.211 34.366 34.478 34.623 34.711 34.838 34.948 35.026 35.108 35.178 35.263 35.343 35.421 35.471 35.563 35.643 35.668 35.723 35.768 35.803 35.821 35.876 35.891 35.921 35.943 35.986 36.026 36.048
34.143 34.091 34.091 34.058 34.028 34.028 34.008 33.976 33.921 33.911 33.936 33.931 33.908 33.923 33.901 33.888 33.881 33.838 33.746 33.698 33.626 33.558 33.488 33.433 33.373 33.328 33.321 33.296 33.143 33.031 32.988 33.031 33.016 33.046 33.068 33.131 33.273 33.391 33.538 33.693 33.838 33.978 34.148 34.256 34.411 34.558 34.681 34.766 34.903 34.983 35.081 35.173 35.258 35.301 35.388 35.456 35.513 35.578 35.633 35.681 35.743 35.801 35.823 35.858 35.886 35.933 35.938 35.976 35.991 36.018 36.076
34.041 34.006 33.971 33.933 33.908 33.901 33.876 33.838 33.811 33.811 33.818 33.818 33.821 33.776 33.813 33.791 33.763 33.738 33.673 33.618 33.556 33.468 33.413 33.361 33.301 33.238 33.236 33.251 33.168 33.073 32.976 33.041 33.021 33.008 33.081 33.136 33.251 33.391 33.528 33.721 33.863 34.011 34.156 34.313 34.493 34.603 34.698 34.846 34.936 35.046 35.151 35.228 35.301 35.356 35.433 35.486 35.531 35.596 35.653 35.743 35.781 35.818 35.861 35.923 35.941 35.961 35.981 36.011 36.031 36.058 36.103
33.931 33.886 33.863 33.818 33.811 33.791 33.751 33.746 33.706 33.688 33.718 33.731 33.728 33.721 33.711 33.713 33.688 33.638 33.608 33.533 33.503 33.391 33.333 33.298 33.223 33.153 33.146 33.176 33.163 33.148 33.033 33.026 33.053 32.983 33.031 33.156 33.281 33.393 33.576 33.726 33.898 34.043 34.183 34.323 34.496 34.638 34.738 34.858 34.951 35.073 35.191 35.268 35.316 35.378 35.451 35.508 35.563 35.618 35.688 35.738 35.808 35.836 35.903 35.953 35.983 36.001 36.018 36.053 36.048 36.051 36.106
33.831 33.763 33.751 33.716 33.676 33.676 33.616 33.591 33.628 33.631 33.636 33.633 33.626 33.638 33.608 33.608 33.586 33.541 33.516 33.458 33.416 33.331 33.266 33.216 33.166 33.116 33.053 33.093 33.088 33.063 33.066 32.981 33.038 33.048 33.056 33.191 33.281 33.393 33.561 33.711 33.903 34.066 34.201 34.371 34.511 34.668 34.763 34.886 35.006 35.121 35.198 35.263 35.341 35.416 35.468 35.501 35.581 35.653 35.683 35.756 35.806 35.856 35.913 35.978 36.013 36.038 36.033 36.066 36.091 36.111 36.151
33.678 33.671 33.638 33.603 33.566 33.556 33.511 33.511 33.508 33.516 33.533 33.543 33.553 33.543 33.528 33.511 33.513 33.486 33.443 33.413 33.323 33.263 33.193 33.138 33.106 33.048 33.006 33.011 33.073 33.026 33.031 32.983 32.983 33.071 33.041 33.208 33.328 33.433 33.576 33.721 33.886 34.071 34.241 34.401 34.548 34.653 34.793 34.936 35.036 35.151 35.226 35.288 35.366 35.411 35.488 35.543 35.601 35.678 35.718 35.756 35.818 35.871 35.908 35.966 36.036 36.076 36.076 36.086 36.113 36.113 36.153
33.561 33.558 33.548 33.513 33.473 33.471 33.451 33.448 33.433 33.433 33.421 33.436 33.443 33.451 33.458 33.438 33.411 33.398 33.381 33.306 33.253 33.198 33.131 33.068 33.043 32.993 32.986 32.996 33.006 33.026 33.063 33.018 33.013 33.101 33.113 33.181 33.341 33.453 33.588 33.711 33.893 34.051 34.236 34.401 34.551 34.668 34.801 34.931 35.038 35.128 35.221 35.291 35.363 35.438 35.513 35.561 35.586 35.661 35.741 35.761 35.816 35.883 35.933 36.006 36.061 36.093 36.106 36.101 36.136 36.143 36.181
33.468 33.443 33.441 33.408 33.391 33.383 33.361 33.351 33.343 33.346 33.333 33.346 33.361 33.368 33.361 33.331 33.313 33.313 33.301 33.246 33.183 33.141 33.081 33.018 32.983 32.946 32.941 32.923 32.946 32.983 33.058 33.023 33.011 33.101 33.161 33.223 33.346 33.448 33.606 33.746 33.896 34.091 34.241 34.416 34.578 34.698 34.816 34.923 35.031 35.118 35.228 35.301 35.376 35.433 35.523 35.548 35.618 35.618 35.721 35.768 35.808 35.891 35.971 36.031 36.053 36.116 36.146 36.141 36.156 36.151 36.158
33.371 33.353 33.348 33.328 33.276 33.271 33.286 33.278 33.233 33.246 33.268 33.256 33.258 33.276 33.266 33.258 33.236 33.241 33.201 33.151 33.123 33.063 33.001 32.953 32.921 32.891 32.891 32.888 32.883 32.973 32.998 33.053 33.036 33.078 33.188 33.268 33.353 33.463 33.583 33.741 33.906 34.066 34.241 34.393 34.561 34.691 34.816 34.933 35.036 35.148 35.211 35.293 35.358 35.446 35.498 35.531 35.588 35.638 35.706 35.788 35.813 35.891 35.956 36.006 36.061 36.106 36.123 36.138 36.151 36.166 36.156
33.306 33.276 33.251 33.243 33.216 33.178 33.186 33.168 33.151 33.148 33.148 33.156 33.168 33.191 33.186 33.168 33.153 33.166 33.141 33.076 33.066 32.998 32.926 32.878 32.841 32.823 32.816 32.876 32.873 32.896 32.941 33.013 33.003 33.061 33.191 33.263 33.338 33.426 33.571 33.738 33.876 34.041 34.213 34.368 34.526 34.676 34.801 34.921 35.018 35.131 35.221 35.283 35.388 35.436 35.493 35.558 35.598 35.658 35.708 35.758 35.831 35.851 35.923 35.983 36.053 36.116 36.123 36.151 36.161 36.168 36.196
33.201 33.171 33.176 33.173 33.146 33.096 33.091 33.086 33.071 33.043 33.056 33.043 33.073 33.121 33.111 33.076 33.068 33.048 33.038 33.011 32.966 32.938 32.858 32.813 32.781 32.786 32.783 32.831 32.836 32.851 32.876 32.948 32.983 33.043 33.206 33.313 33.391 33.488 33.578 33.728 33.891 34.041 34.176 34.336 34.481 34.621 34.773 34.863 34.983 35.116 35.178 35.281 35.351 35.421 35.481 35.553 35.613 35.646 35.681 35.756 35.811 35.873 35.888 35.938 36.016 36.086 36.116 36.136 36.166 36.166 36.181
33.126 33.106 33.088 33.076 33.061 33.021 33.006 33.003 32.986 32.961 32.966 32.988 32.976 32.983 32.996 32.988 32.963 32.988 32.951 32.911 32.883 32.863 32.798 32.751 32.716 32.693 32.721 32.758 32.766 32.766 32.841 32.861 32.933 33.048 33.188 33.318 33.381 33.493 33.598 33.743 33.853 34.001 34.126 34.303 34.453 34.576 34.711 34.856 34.971 35.086 35.148 35.251 35.346 35.418 35.468 35.503 35.586 35.606 35.666 35.738 35.776 35.846 35.878 35.908 35.996 36.053 36.103 36.126 36.153 36.153 36.181
33.056 33.058 33.031 33.003 32.976 32.963 32.883 32.903 32.866 32.871 32.888 32.906 32.903 32.908 32.918 32.928 32.906 32.903 32.868 32.843 32.806 32.773 32.738 32.711 32.643 32.626 32.621 32.641 32.708 32.691 32.756 32.806 32.816 32.971 33.161 33.298 33.441 33.513 33.608 33.696 33.836 33.961 34.126 34.271 34.363 34.521 34.673 34.801 34.926 35.008 35.106 35.216 35.293 35.358 35.411 35.473 35.528 35.593 35.628 35.693 35.761 35.813 35.851 35.916 35.978 36.016 36.068 36.123 36.176 36.173 36.168
32.986 32.971 32.956 32.936 32.891 32.856 32.801 32.806 32.831 32.808 32.811 32.796 32.843 32.826 32.841 32.833 32.811 32.803 32.751 32.746 32.728 32.693 32.656 32.613 32.611 32.556 32.536 32.571 32.623 32.631 32.663 32.756 32.783 32.883 33.088 33.308 33.453 33.521 33.581 33.708 33.826 33.936 34.093 34.201 34.338 34.458 34.601 34.738 34.863 34.953 35.063 35.168 35.256 35.331 35.373 35.456 35.501 35.541 35.603 35.661 35.721 35.761 35.838 35.888 35.961 36.023 36.056 36.103 36.118 36.156 36.188
