LIDAR/se2987_DTM_2M.asc
ncols 500
nrows 500
xllcorner    429000
yllcorner    487000
cellsize     2
NODATA_value -9999
[rows 288 to 319 of 500, columns 144 to 215 of 500]
35.631 35.554 35.519 35.554 35.596 35.686 35.718 35.708 35.72 35.788 36.008 36.268 36.34 36.293 36.343 36.435 36.49 36.528 36.535 36.533 36.558 36.575 36.573 36.575 36.608 36.623 36.728 36.798 36.795 36.885 37.04 37.18 37.325 37.558 38.015 38.2 38.055 37.883 37.97 38.173 38.18 38.21 38.458 38.66 38.583 38.558 38.66 38.765 38.95 39.005 39.068 39.1 39.238 39.348 39.43 39.445 39.548 39.663 39.69 39.72 39.798 39.928 39.94 40.008 40.053 40.113 40.203 40.305 40.34 40.493 40.535 40.548
35.596 35.544 35.534 35.591 35.599 35.649 35.67 35.678 35.695 35.748 35.833 36.058 36.125 36.238 36.38 36.458 36.508 36.498 36.483 36.505 36.548 36.545 36.6 36.585 36.593 36.628 36.715 36.855 36.878 36.87 36.933 37.095 37.235 37.543 37.945 38.18 38.085 37.898 37.96 38.105 38.148 38.25 38.418 38.563 38.463 38.543 38.725 38.898 38.988 39.048 39.068 39.108 39.24 39.373 39.425 39.435 39.548 39.655 39.703 39.71 39.8 39.885 39.878 39.913 39.973 40.113 40.243 40.363 40.395 40.465 40.553 40.575
35.451 35.456 35.516 35.581 35.621 35.609 35.635 35.618 35.675 35.703 35.723 35.833 36.078 36.205 36.365 36.478 36.505 36.538 36.535 36.52 36.538 36.573 36.59 36.598 36.635 36.623 36.685 36.813 36.86 36.865 36.97 37.103 37.205 37.443 37.818 37.963 37.973 37.943 37.918 38.03 38.115 38.228 38.37 38.46 38.663 38.743 38.805 38.963 39.033 38.998 39.075 39.138 39.22 39.333 39.448 39.555 39.605 39.64 39.635 39.64 39.715 39.765 39.765 39.895 40.055 40.198 40.318 40.428 40.48 40.478 40.553 40.58
35.334 35.409 35.466 35.531 35.556 35.619 35.645 35.643 35.668 35.655 35.66 35.84 36.075 36.213 36.36 36.433 36.463 36.478 36.483 36.523 36.553 36.558 36.588 36.625 36.635 36.683 36.708 36.753 36.835 36.92 37.003 37.133 37.253 37.35 37.648 37.683 37.753 37.913 38.053 38.045 38.088 38.138 38.303 38.563 38.895 38.935 38.938 38.968 39.02 39.038 39.12 39.153 39.168 39.285 39.445 39.495 39.468 39.505 39.585 39.66 39.723 39.795 39.868 39.985 40.115 40.188 40.295 40.408 40.478 40.468 40.545 40.568
35.289 35.364 35.436 35.439 35.476 35.571 35.623 35.63 35.658 35.643 35.61 35.728 35.995 36.145 36.313 36.393 36.44 36.47 36.538 36.535 36.595 36.565 36.618 36.68 36.68 36.695 36.715 36.748 36.845 36.945 37.008 37.13 37.228 37.323 37.448 37.603 37.77 37.923 38.05 38.113 38.145 38.178 38.42 38.775 38.92 38.96 38.913 38.933 39.01 39.058 39.083 39.123 39.14 39.233 39.31 39.4 39.443 39.5 39.665 39.818 39.823 39.87 39.943 40.048 40.11 40.203 40.283 40.393 40.58 40.533 40.535 40.565
35.166 35.251 35.356 35.376 35.434 35.531 35.55 35.568 35.628 35.628 35.618 35.655 35.818 36.008 36.128 36.3 36.42 36.57 36.675 36.655 36.648 36.608 36.683 36.7 36.733 36.718 36.773 36.823 36.88 36.933 37.018 37.145 37.225 37.32 37.508 37.673 37.84 37.995 38.04 38.093 38.155 38.233 38.38 38.725 38.725 38.628 38.665 38.718 38.833 38.94 38.96 39.05 39.153 39.28 39.373 39.453 39.505 39.583 39.675 39.763 39.845 39.913 39.965 40.065 40.053 40.168 40.298 40.383 40.56 40.53 40.543 40.553
35.099 35.209 35.291 35.311 35.384 35.484 35.493 35.503 35.578 35.528 35.555 35.573 35.713 35.828 35.948 36.118 36.255 36.515 36.745 36.735 36.693 36.64 36.72 36.715 36.75 36.803 36.84 36.893 36.923 36.955 37.048 37.135 37.273 37.438 37.618 37.788 37.953 38.038 38.093 38.113 38.133 38.188 38.228 38.36 38.443 38.485 38.555 38.678 38.755 38.87 39.01 39.145 39.283 39.42 39.45 39.49 39.553 39.56 39.65 39.708 39.86 39.948 39.988 40.025 40.02 40.135 40.285 40.403 40.55 40.538 40.573 40.558
35.066 35.114 35.159 35.224 35.341 35.401 35.418 35.443 35.415 35.42 35.395 35.488 35.605 35.693 35.793 35.905 36.02 36.363 36.685 36.758 36.735 36.645 36.71 36.773 36.828 36.85 36.878 36.955 37.008 37.088 37.17 37.318 37.47 37.62 37.648 37.845 38.013 38.058 38.1 38.075 38.068 38.163 38.24 38.335 38.43 38.535 38.645 38.828 38.895 39.008 39.17 39.323 39.425 39.498 39.458 39.495 39.578 39.595 39.72 39.785 39.893 39.978 40.018 40.048 40.065 40.155 40.268 40.44 40.62 40.558 40.545 40.565
35.044 35.036 35.061 35.136 35.276 35.291 35.333 35.253 35.2 35.24 35.255 35.37 35.503 35.558 35.613 35.683 35.718 36.125 36.59 36.715 36.798 36.798 36.798 36.898 36.908 36.923 36.975 36.995 37.108 37.31 37.43 37.543 37.665 37.77 37.793 37.845 38.005 38.008 38.068 38.14 38.188 38.27 38.318 38.445 38.483 38.668 38.833 38.943 38.953 39.07 39.193 39.303 39.468 39.553 39.518 39.51 39.553 39.55 39.62 39.813 39.925 39.973 40.023 40.033 40.128 40.208 40.305 40.49 40.618 40.558 40.533 40.568
35.044 35.054 35.006 35.061 35.211 35.176 35.138 35.033 34.943 35.103 35.125 35.288 35.398 35.398 35.383 35.273 35.23 35.835 36.4 36.68 36.755 36.843 36.945 36.965 36.978 37.015 37.053 37.073 37.188 37.388 37.498 37.595 37.66 37.758 37.838 37.828 37.94 38.013 38.083 38.3 38.328 38.368 38.438 38.608 38.74 39.015 39.128 39.03 38.973 39.02 39.105 39.323 39.48 39.483 39.593 39.615 39.553 39.57 39.61 39.778 39.885 39.963 39.99 40.028 40.115 40.213 40.32 40.52 40.64 40.558 40.553 40.623
35.034 35.029 34.899 34.914 34.999 34.949 34.858 34.76 34.683 34.813 34.95 35.153 35.2 35.205 35.14 34.86 34.825 35.448 36.163 36.645 36.895 36.963 37.035 37.063 37.06 37.108 37.163 37.178 37.298 37.483 37.53 37.548 37.635 37.768 37.865 37.81 37.903 38.148 38.373 38.543 38.505 38.44 38.525 38.618 39.013 39.493 39.35 39.038 39.035 39.055 39.11 39.248 39.47 39.495 39.608 39.67 39.638 39.623 39.638 39.768 39.898 39.975 40.018 40.093 40.153 40.225 40.335 40.563 40.643 40.548 40.558 40.585
34.879 34.799 34.634 34.669 34.761 34.716 34.613 34.335 34.23 34.263 34.455 34.913 34.953 34.94 34.863 34.6 34.623 35.083 35.77 36.473 36.93 37.035 37.093 37.133 37.143 37.233 37.258 37.285 37.368 37.47 37.508 37.51 37.663 37.793 37.808 37.943 38.213 38.465 38.555 38.578 38.523 38.493 38.59 38.665 38.898 39.23 39.23 39.013 39.02 39.058 39.138 39.255 39.41 39.52 39.545 39.603 39.655 39.638 39.653 39.708 39.803 39.943 40.02 40.09 40.213 40.263 40.353 40.573 40.64 40.563 40.578 40.568
34.409 34.394 34.339 34.489 34.509 34.429 34.166 33.896 33.828 33.801 33.936 34.506 34.631 34.543 34.646 34.541 34.493 34.733 35.281 35.956 36.648 37.043 37.151 37.203 37.258 37.326 37.368 37.416 37.453 37.441 37.488 37.531 37.591 37.656 37.703 37.956 38.271 38.433 38.468 38.513 38.533 38.528 38.591 38.676 38.821 38.968 39.048 39.001 39.036 39.093 39.173 39.288 39.423 39.523 39.538 39.591 39.63 39.625 39.72 39.81 39.83 39.913 40.025 40.115 40.21 40.268 40.34 40.558 40.595 40.585 40.595 40.583
34.214 34.241 34.346 34.529 34.469 34.274 34.016 33.808 33.688 33.648 33.708 33.918 34.193 34.221 34.351 34.386 34.448 34.621 34.886 35.301 36.023 36.851 37.183 37.258 37.331 37.398 37.426 37.468 37.486 37.481 37.493 37.581 37.663 37.623 37.648 37.896 38.176 38.386 38.458 38.556 38.626 38.578 38.611 38.753 38.883 38.918 38.968 39.013 39.096 39.206 39.243 39.268 39.413 39.531 39.608 39.598 39.625 39.695 39.878 40.04 39.928 39.983 40.043 40.125 40.2 40.27 40.375 40.575 40.638 40.57 40.563 40.598
34.079 34.104 34.194 34.501 34.471 34.324 34.158 34.038 33.738 33.656 33.713 33.846 34.031 34.123 34.156 34.236 34.431 34.573 34.751 34.998 35.698 36.593 37.076 37.206 37.298 37.413 37.493 37.506 37.511 37.481 37.396 37.366 37.348 37.281 37.376 37.803 38.163 38.476 38.546 38.628 38.691 38.721 38.696 38.771 38.951 39.006 38.993 39.066 39.143 39.251 39.291 39.378 39.438 39.638 39.711 39.633 39.655 39.79 40.108 40.243 40.083 40.173 40.203 40.16 40.235 40.283 40.35 40.49 40.525 40.568 40.58 40.603
34.041 33.974 34.016 34.321 34.504 34.384 34.243 34.206 33.901 33.778 33.803 33.846 34.008 34.161 34.183 34.263 34.383 34.541 34.688 35.036 35.728 36.426 36.846 37.041 37.281 37.451 37.533 37.551 37.516 37.413 37.033 36.793 36.678 36.673 37.006 37.703 38.188 38.583 38.658 38.728 38.818 38.878 38.728 38.766 38.958 39.098 39.143 39.143 39.188 39.253 39.366 39.481 39.538 39.681 39.718 39.713 39.75 39.87 40.018 40.113 40.105 40.188 40.14 40.168 40.235 40.293 40.38 40.51 40.533 40.548 40.59 40.608
34.531 34.191 34.041 34.141 34.444 34.506 34.393 34.313 34.123 33.848 33.858 33.938 34.073 34.208 34.238 34.261 34.288 34.471 34.806 35.293 35.853 36.398 36.741 36.983 37.301 37.501 37.588 37.596 37.536 37.226 36.696 36.258 36.061 36.223 36.723 37.486 38.148 38.618 38.788 38.733 38.786 38.841 38.808 38.853 38.956 39.156 39.206 39.191 39.188 39.268 39.356 39.421 39.518 39.616 39.741 39.743 39.763 39.883 39.935 39.978 40.065 40.113 40.113 40.085 40.163 40.228 40.36 40.505 40.51 40.555 40.6 40.565
34.991 34.579 34.316 34.209 34.301 34.494 34.483 34.406 34.306 34.023 33.991 34.088 34.178 34.183 34.223 34.236 34.261 34.378 34.661 35.216 35.951 36.456 36.641 37.003 37.343 37.528 37.623 37.663 37.511 37.023 36.413 35.946 35.838 36.053 36.573 37.301 38.048 38.551 38.773 38.716 38.766 38.816 38.873 38.886 38.961 39.178 39.238 39.223 39.241 39.306 39.373 39.466 39.461 39.558 39.771 39.816 39.778 39.863 39.875 39.925 39.963 40.043 40.048 40.053 40.128 40.213 40.388 40.548 40.593 40.623 40.585 40.53
35.031 34.791 34.606 34.371 34.431 34.574 34.546 34.528 34.471 34.226 34.138 34.156 34.186 34.233 34.213 34.186 34.233 34.353 34.518 34.998 35.786 36.303 36.526 36.923 37.321 37.558 37.646 37.668 37.511 37.041 36.323 35.803 35.688 35.938 36.373 36.948 37.711 38.453 38.776 38.756 38.801 38.878 38.906 38.891 38.998 39.278 39.306 39.323 39.333 39.413 39.438 39.468 39.541 39.641 39.811 39.818 39.775 39.833 39.863 39.875 39.92 40.073 40.033 40.04 40.095 40.24 40.395 40.515 40.6 40.615 40.623 40.58
35.424 35.244 34.894 34.604 34.649 34.719 34.663 34.606 34.583 34.486 34.323 34.196 34.191 34.231 34.198 34.236 34.258 34.373 34.533 35.021 35.701 36.176 36.446 36.763 37.198 37.526 37.638 37.613 37.543 37.113 36.378 35.856 35.748 35.943 36.248 36.766 37.453 38.188 38.711 38.793 38.841 38.891 38.951 38.958 38.961 39.261 39.383 39.378 39.391 39.431 39.433 39.436 39.566 39.731 39.811 39.788 39.798 39.84 39.853 39.868 39.913 40.083 40.108 40.11 40.155 40.29 40.448 40.55 40.628 40.628 40.615 40.573
35.829 35.691 35.439 35.056 34.836 34.836 34.768 34.643 34.576 34.528 34.473 34.361 34.258 34.261 34.263 34.301 34.343 34.448 34.716 35.211 35.783 36.148 36.406 36.611 36.991 37.413 37.551 37.576 37.561 37.163 36.518 35.998 35.846 36.021 36.266 36.593 37.156 37.956 38.633 38.773 38.838 38.883 38.973 39.011 39.086 39.278 39.413 39.358 39.383 39.386 39.406 39.411 39.476 39.636 39.821 39.898 39.798 39.833 39.868 39.898 39.933 40.05 40.143 40.288 40.43 40.493 40.57 40.67 40.648 40.618 40.605 40.543
35.901 35.801 35.636 35.321 35.064 34.976 34.846 34.683 34.601 34.551 34.491 34.458 34.323 34.323 34.371 34.381 34.451 34.598 35.011 35.516 35.801 36.146 36.323 36.386 36.621 36.953 37.223 37.408 37.523 37.253 36.611 36.136 35.983 36.123 36.298 36.523 36.933 37.551 38.476 38.813 38.896 38.928 38.996 39.036 39.026 39.263 39.386 39.361 39.401 39.358 39.361 39.401 39.478 39.526 39.798 39.833 39.845 39.808 39.903 40.018 40.15 40.323 40.423 40.568 40.725 40.735 40.715 40.63 40.618 40.633 40.635 40.593
35.856 35.839 35.639 35.491 35.289 35.374 35.038 34.761 34.653 34.651 34.563 34.556 34.531 34.488 34.483 34.541 34.653 34.946 35.323 35.596 35.823 36.078 36.188 36.171 36.296 36.503 36.768 36.958 37.093 36.913 36.398 36.078 36.061 36.216 36.363 36.521 36.783 37.208 38.066 38.648 38.963 39.036 39.078 39.068 39.101 39.216 39.303 39.351 39.368 39.356 39.323 39.426 39.446 39.481 39.693 39.816 39.895 39.923 40.113 40.378 40.49 40.568 40.585 40.653 40.69 40.705 40.69 40.633 40.643 40.645 40.653 40.653
35.736 35.806 35.751 35.714 35.619 35.651 35.323 34.828 34.708 34.751 34.711 34.698 34.696 34.686 34.716 34.728 34.883 35.241 35.413 35.576 35.838 35.978 36.036 36.053 36.161 36.273 36.431 36.506 36.463 36.288 36.098 36.061 36.128 36.251 36.368 36.516 36.673 37.031 37.678 38.441 38.943 39.126 39.131 39.096 39.073 39.101 39.108 39.296 39.303 39.318 39.343 39.406 39.456 39.463 39.728 39.993 40.083 40.25 40.413 40.528 40.55 40.555 40.593 40.62 40.625 40.615 40.625 40.655 40.66 40.678 40.675 40.65
35.511 35.799 35.819 35.749 35.691 35.674 35.493 35.161 34.936 34.843 34.823 34.831 34.898 34.898 34.898 34.908 35.096 35.273 35.406 35.588 35.773 35.846 35.898 35.991 36.113 36.188 36.256 36.206 36.113 36.068 36.038 36.081 36.123 36.228 36.356 36.441 36.536 36.856 37.423 38.256 38.863 39.113 39.163 39.146 39.141 39.116 39.046 39.211 39.251 39.266 39.358 39.328 39.498 39.873 40.233 40.416 40.398 40.458 40.478 40.498 40.523 40.535 40.55 40.543 40.575 40.565 40.613 40.67 40.663 40.705 40.705 40.698
35.424 35.704 35.769 35.734 35.706 35.676 35.603 35.456 35.323 35.098 35.068 35.116 35.146 35.168 35.151 35.096 35.198 35.306 35.431 35.583 35.721 35.788 35.838 35.916 36.043 36.126 36.156 36.093 35.988 35.941 35.908 36.016 36.106 36.183 36.291 36.401 36.513 36.746 37.281 38.121 38.826 39.103 39.286 39.288 39.288 39.156 39.158 39.233 39.251 39.271 39.416 39.726 40.181 40.353 40.411 40.438 40.455 40.48 40.473 40.443 40.46 40.468 40.53 40.58 40.59 40.598 40.593 40.685 40.698 40.718 40.725 40.703
35.469 35.661 35.774 35.756 35.689 35.659 35.628 35.541 35.443 35.341 35.263 35.328 35.273 35.283 35.271 35.261 35.251 35.281 35.421 35.541 35.658 35.756 35.803 35.891 35.991 36.033 36.066 36.013 35.923 35.901 35.908 35.983 36.041 36.096 36.176 36.351 36.463 36.706 37.348 38.171 38.888 39.038 39.273 39.436 39.376 39.093 39.198 39.443 39.588 39.891 40.146 40.303 40.426 40.433 40.441 40.476 40.48 40.455 40.428 40.433 40.463 40.493 40.563 40.578 40.588 40.608 40.625 40.68 40.718 40.758 40.713 40.683
35.484 35.629 35.689 35.734 35.676 35.621 35.593 35.518 35.456 35.413 35.346 35.373 35.371 35.316 35.276 35.283 35.213 35.216 35.428 35.543 35.651 35.786 35.886 35.906 35.986 36.011 35.966 35.911 35.861 35.886 35.911 35.941 35.986 36.021 36.143 36.278 36.383 36.638 37.286 38.023 38.656 38.936 39.221 39.473 39.423 39.528 39.748 40.033 40.143 40.316 40.358 40.398 40.423 40.426 40.431 40.416 40.458 40.43 40.453 40.478 40.505 40.518 40.563 40.59 40.598 40.638 40.658 40.69 40.74 40.765 40.763 40.715
35.539 35.579 35.654 35.606 35.576 35.581 35.556 35.516 35.446 35.363 35.356 35.408 35.416 35.343 35.333 35.331 35.298 35.308 35.416 35.556 35.663 35.786 35.911 36.011 36.063 36.091 36.018 35.938 35.828 35.871 35.918 35.928 35.931 35.986 36.033 36.173 36.276 36.376 36.736 37.276 37.863 38.451 38.928 39.426 39.753 40.018 40.198 40.276 40.328 40.358 40.386 40.411 40.393 40.398 40.413 40.436 40.468 40.46 40.453 40.483 40.513 40.56 40.563 40.598 40.64 40.688 40.7 40.728 40.78 40.785 40.77 40.728
35.716 35.566 35.616 35.561 35.519 35.524 35.541 35.483 35.423 35.376 35.391 35.393 35.393 35.413 35.446 35.401 35.313 35.306 35.411 35.506 35.733 35.896 36.031 36.141 36.176 36.208 36.031 35.956 35.858 35.881 35.908 35.893 35.888 35.951 35.958 36.041 36.048 35.936 36.016 36.391 36.918 37.628 38.443 39.153 39.706 40.261 40.353 40.308 40.328 40.341 40.338 40.338 40.336 40.373 40.413 40.453 40.498 40.503 40.49 40.51 40.513 40.548 40.603 40.635 40.668 40.698 40.743 40.798 40.8 40.765 40.768 40.795
36.046 35.646 35.606 35.611 35.561 35.524 35.386 35.216 35.083 35.168 35.138 35.198 35.298 35.398 35.443 35.411 35.336 35.343 35.478 35.631 35.826 35.993 36.078 36.253 36.233 36.283 36.078 35.888 35.858 35.913 35.921 35.916 35.906 35.911 35.903 35.866 35.773 35.678 35.661 35.758 36.326 37.038 37.823 38.623 39.603 40.311 40.411 40.301 40.281 40.311 40.343 40.331 40.353 40.368 40.428 40.478 40.53 40.545 40.505 40.525 40.57 40.58 40.635 40.688 40.725 40.74 40.768 40.798 40.825 40.793 40.828 40.825
36.444 35.906 35.679 35.619 35.519 35.366 35.066 34.678 34.481 34.543 34.713 34.923 35.148 35.293 35.413 35.461 35.443 35.406 35.513 35.721 35.843 35.918 35.923 36.051 36.118 35.936 35.766 35.728 35.746 35.886 35.938 35.903 35.883 35.806 35.766 35.691 35.583 35.521 35.613 35.778 36.116 36.678 37.441 38.211 39.161 40.023 40.361 40.321 40.281 40.296 40.323 40.373 40.381 40.381 40.436 40.478 40.533 40.555 40.523 40.523 40.58 40.623 40.668 40.725 40.775 40.778 40.783 40.83 40.883 40.83 40.843 40.81
