LIDAR/se2986_DTM_2M.asc
ncols 500
nrows 500
xllcorner    429000
yllcorner    486000
cellsize     2
NODATA_value -9999
[rows 288 to 319 of 500, columns 142 to 212 of 500]
35.561 35.583 35.656 35.761 35.836 35.893 35.971 35.983 36.031 36.108 36.146 36.193 36.203 36.253 36.273 36.323 36.371 36.381 36.378 36.411 36.431 36.428 36.458 36.476 36.503 36.496 36.508 36.551 36.558 36.591 36.618 36.656 36.661 36.633 36.681 36.688 36.701 36.746 36.816 36.858 36.883 36.913 36.928 36.958 36.983 36.991 36.983 36.953 36.951 36.903 36.883 36.876 36.821 36.766 36.713 36.688 36.628 36.576 36.551 36.476 36.436 36.403 36.413 36.341 36.266 36.248 36.233 36.186 36.113 36.113 36.063
35.586 35.633 35.711 35.781 35.861 35.901 35.943 36.011 36.053 36.096 36.146 36.188 36.203 36.231 36.286 36.306 36.346 36.363 36.371 36.378 36.418 36.398 36.408 36.448 36.473 36.493 36.478 36.523 36.543 36.556 36.578 36.611 36.638 36.656 36.638 36.628 36.681 36.733 36.768 36.848 36.856 36.896 36.913 36.958 36.953 36.988 36.971 36.978 36.941 36.913 36.903 36.911 36.843 36.796 36.731 36.691 36.626 36.601 36.568 36.533 36.468 36.423 36.383 36.303 36.258 36.251 36.241 36.211 36.136 36.106 36.078
35.616 35.641 35.713 35.798 35.871 35.896 35.946 36.006 36.058 36.096 36.153 36.206 36.223 36.253 36.286 36.303 36.333 36.336 36.341 36.381 36.398 36.376 36.378 36.398 36.433 36.486 36.498 36.506 36.518 36.548 36.571 36.588 36.593 36.621 36.611 36.638 36.663 36.701 36.761 36.851 36.873 36.871 36.898 36.956 36.973 36.966 36.966 36.973 36.973 36.931 36.911 36.881 36.848 36.818 36.746 36.696 36.656 36.588 36.558 36.508 36.453 36.426 36.396 36.346 36.303 36.258 36.231 36.201 36.156 36.116 36.101
35.636 35.676 35.746 35.803 35.878 35.948 35.966 36.031 36.076 36.106 36.143 36.201 36.218 36.251 36.258 36.273 36.301 36.351 36.353 36.348 36.351 36.371 36.386 36.378 36.438 36.453 36.496 36.503 36.503 36.551 36.558 36.568 36.593 36.588 36.591 36.641 36.663 36.678 36.731 36.838 36.858 36.888 36.908 36.951 36.981 36.991 36.988 36.993 36.976 36.951 36.926 36.883 36.846 36.818 36.761 36.698 36.658 36.588 36.576 36.526 36.473 36.418 36.393 36.341 36.306 36.291 36.253 36.213 36.166 36.141 36.108
35.696 35.741 35.798 35.808 35.888 35.968 35.996 36.033 36.091 36.128 36.151 36.186 36.241 36.236 36.263 36.283 36.338 36.316 36.338 36.326 36.333 36.356 36.383 36.381 36.396 36.436 36.463 36.473 36.483 36.516 36.538 36.558 36.573 36.593 36.611 36.633 36.648 36.668 36.751 36.811 36.868 36.886 36.911 36.926 36.976 36.996 36.983 36.983 36.956 36.923 36.916 36.891 36.858 36.811 36.773 36.718 36.671 36.633 36.566 36.546 36.508 36.431 36.368 36.346 36.293 36.278 36.231 36.203 36.173 36.143 36.136
35.726 35.756 35.806 35.821 35.926 35.998 36.018 36.038 36.093 36.136 36.161 36.176 36.246 36.258 36.263 36.258 36.296 36.316 36.326 36.346 36.343 36.326 36.356 36.366 36.363 36.431 36.448 36.471 36.468 36.516 36.518 36.543 36.571 36.598 36.583 36.623 36.673 36.683 36.703 36.798 36.858 36.896 36.898 36.926 36.946 36.988 36.981 36.981 36.968 36.951 36.928 36.898 36.848 36.801 36.786 36.723 36.673 36.641 36.618 36.556 36.513 36.468 36.418 36.386 36.308 36.303 36.241 36.216 36.186 36.153 36.136
35.786 35.801 35.823 35.883 35.966 36.006 36.046 36.073 36.103 36.118 36.171 36.173 36.211 36.243 36.268 36.283 36.263 36.288 36.308 36.338 36.333 36.328 36.333 36.346 36.366 36.406 36.423 36.458 36.478 36.496 36.541 36.551 36.578 36.591 36.581 36.568 36.608 36.718 36.721 36.761 36.851 36.891 36.891 36.906 36.933 36.973 36.976 36.971 36.956 36.933 36.913 36.903 36.873 36.821 36.756 36.723 36.683 36.641 36.596 36.551 36.526 36.471 36.421 36.393 36.333 36.306 36.243 36.226 36.206 36.166 36.153
35.833 35.846 35.851 35.881 35.968 35.993 36.051 36.083 36.086 36.091 36.163 36.171 36.198 36.243 36.251 36.248 36.268 36.286 36.296 36.308 36.326 36.333 36.343 36.326 36.363 36.388 36.388 36.441 36.441 36.463 36.506 36.533 36.546 36.556 36.583 36.581 36.611 36.681 36.741 36.751 36.816 36.863 36.898 36.911 36.891 36.958 36.938 36.928 36.956 36.926 36.901 36.888 36.846 36.821 36.808 36.741 36.698 36.623 36.586 36.568 36.546 36.481 36.426 36.393 36.356 36.303 36.266 36.226 36.211 36.181 36.153
35.841 35.853 35.858 35.888 35.946 36.013 36.058 36.118 36.121 36.128 36.143 36.183 36.208 36.218 36.256 36.256 36.253 36.288 36.313 36.318 36.326 36.348 36.331 36.336 36.366 36.391 36.403 36.428 36.423 36.486 36.496 36.501 36.526 36.536 36.566 36.591 36.626 36.651 36.741 36.773 36.823 36.886 36.893 36.916 36.896 36.926 36.943 36.951 36.938 36.928 36.903 36.888 36.863 36.813 36.768 36.758 36.698 36.653 36.626 36.581 36.558 36.506 36.436 36.401 36.343 36.313 36.291 36.246 36.188 36.186 36.161
35.873 35.898 35.888 35.886 35.938 36.038 36.086 36.103 36.116 36.121 36.126 36.171 36.171 36.213 36.238 36.256 36.273 36.286 36.286 36.301 36.326 36.351 36.326 36.338 36.356 36.388 36.368 36.393 36.403 36.436 36.491 36.511 36.533 36.546 36.553 36.566 36.608 36.621 36.683 36.763 36.816 36.851 36.896 36.908 36.891 36.891 36.931 36.943 36.931 36.918 36.921 36.868 36.836 36.793 36.781 36.733 36.723 36.683 36.641 36.611 36.556 36.548 36.463 36.413 36.366 36.333 36.298 36.258 36.236 36.211 36.191
35.863 35.888 35.903 35.918 35.958 36.033 36.081 36.088 36.131 36.146 36.116 36.191 36.196 36.221 36.238 36.251 36.263 36.268 36.298 36.296 36.296 36.328 36.318 36.338 36.353 36.358 36.366 36.366 36.383 36.426 36.458 36.488 36.518 36.526 36.546 36.566 36.596 36.613 36.641 36.721 36.776 36.831 36.876 36.898 36.891 36.871 36.906 36.918 36.916 36.893 36.881 36.858 36.828 36.778 36.751 36.758 36.743 36.683 36.646 36.633 36.581 36.566 36.523 36.466 36.386 36.326 36.323 36.286 36.243 36.213 36.203
35.888 35.908 35.923 35.926 35.956 36.041 36.083 36.081 36.126 36.163 36.146 36.178 36.216 36.248 36.253 36.251 36.236 36.248 36.251 36.293 36.313 36.318 36.318 36.351 36.333 36.333 36.348 36.378 36.381 36.371 36.426 36.438 36.476 36.496 36.528 36.556 36.596 36.586 36.621 36.658 36.728 36.826 36.836 36.856 36.861 36.871 36.873 36.898 36.908 36.866 36.866 36.868 36.811 36.798 36.793 36.766 36.743 36.711 36.661 36.636 36.586 36.556 36.518 36.458 36.398 36.361 36.326 36.316 36.238 36.216 36.208
35.891 35.953 35.898 35.906 35.963 36.028 36.103 36.101 36.136 36.181 36.173 36.176 36.216 36.233 36.251 36.253 36.283 36.258 36.251 36.276 36.303 36.318 36.303 36.328 36.336 36.328 36.336 36.351 36.358 36.363 36.396 36.453 36.493 36.476 36.508 36.538 36.576 36.583 36.621 36.643 36.691 36.766 36.816 36.838 36.853 36.866 36.861 36.891 36.896 36.851 36.836 36.848 36.843 36.818 36.781 36.753 36.723 36.706 36.698 36.621 36.623 36.561 36.536 36.496 36.438 36.363 36.366 36.308 36.268 36.223 36.236
35.916 35.966 35.936 35.938 35.983 36.026 36.113 36.111 36.131 36.173 36.193 36.221 36.246 36.241 36.248 36.258 36.266 36.258 36.258 36.266 36.298 36.313 36.313 36.333 36.356 36.328 36.316 36.346 36.348 36.373 36.383 36.408 36.451 36.468 36.486 36.523 36.533 36.566 36.616 36.628 36.646 36.716 36.798 36.868 36.836 36.853 36.858 36.871 36.853 36.843 36.848 36.833 36.831 36.796 36.758 36.748 36.748 36.713 36.663 36.641 36.623 36.581 36.553 36.486 36.438 36.386 36.381 36.328 36.286 36.218 36.241
35.928 35.938 35.928 35.956 35.991 36.003 36.076 36.123 36.138 36.168 36.196 36.196 36.208 36.246 36.211 36.241 36.283 36.261 36.263 36.258 36.281 36.291 36.316 36.323 36.316 36.333 36.316 36.318 36.323 36.333 36.376 36.398 36.416 36.481 36.466 36.493 36.531 36.556 36.578 36.596 36.633 36.698 36.748 36.823 36.876 36.838 36.831 36.838 36.836 36.826 36.831 36.808 36.796 36.761 36.718 36.726 36.738 36.701 36.681 36.656 36.623 36.621 36.578 36.513 36.463 36.441 36.371 36.351 36.298 36.288 36.236
35.956 35.966 35.961 35.953 35.991 36.033 36.076 36.133 36.158 36.148 36.193 36.196 36.193 36.236 36.241 36.216 36.243 36.276 36.238 36.238 36.243 36.306 36.313 36.306 36.301 36.288 36.311 36.318 36.291 36.311 36.343 36.378 36.401 36.423 36.463 36.508 36.513 36.526 36.548 36.598 36.643 36.633 36.698 36.773 36.856 36.848 36.806 36.806 36.826 36.813 36.813 36.803 36.786 36.753 36.723 36.716 36.743 36.713 36.686 36.681 36.641 36.621 36.586 36.526 36.473 36.466 36.401 36.346 36.311 36.293 36.261
35.938 35.978 35.966 35.991 36.006 36.043 36.086 36.118 36.156 36.128 36.198 36.183 36.201 36.196 36.223 36.233 36.216 36.236 36.248 36.206 36.221 36.261 36.271 36.283 36.273 36.276 36.293 36.311 36.293 36.281 36.326 36.346 36.368 36.383 36.433 36.476 36.508 36.548 36.561 36.576 36.588 36.631 36.646 36.748 36.801 36.828 36.821 36.773 36.813 36.781 36.778 36.783 36.741 36.741 36.726 36.706 36.686 36.676 36.676 36.656 36.628 36.603 36.581 36.546 36.493 36.473 36.431 36.381 36.318 36.328 36.276
35.908 35.981 36.023 35.993 36.008 36.038 36.071 36.108 36.133 36.166 36.183 36.193 36.183 36.178 36.218 36.226 36.216 36.238 36.238 36.231 36.203 36.243 36.256 36.266 36.273 36.266 36.278 36.291 36.258 36.261 36.266 36.336 36.368 36.366 36.406 36.456 36.448 36.513 36.533 36.561 36.591 36.606 36.611 36.693 36.743 36.758 36.786 36.783 36.743 36.758 36.751 36.771 36.708 36.726 36.711 36.698 36.688 36.676 36.668 36.658 36.648 36.596 36.581 36.561 36.543 36.483 36.436 36.398 36.356 36.333 36.288
35.926 35.983 36.023 36.026 36.031 36.071 36.053 36.121 36.131 36.146 36.171 36.186 36.176 36.163 36.206 36.218 36.211 36.233 36.218 36.223 36.206 36.203 36.221 36.238 36.263 36.266 36.301 36.278 36.273 36.243 36.263 36.296 36.341 36.368 36.393 36.431 36.471 36.483 36.503 36.523 36.553 36.588 36.601 36.673 36.716 36.736 36.771 36.768 36.751 36.728 36.713 36.731 36.708 36.711 36.701 36.691 36.676 36.668 36.641 36.621 36.626 36.618 36.583 36.556 36.551 36.506 36.471 36.413 36.351 36.298 36.296
35.951 36.003 36.028 36.036 36.056 36.056 36.096 36.126 36.146 36.168 36.171 36.198 36.181 36.161 36.166 36.211 36.203 36.201 36.228 36.211 36.201 36.196 36.188 36.186 36.231 36.228 36.258 36.266 36.263 36.248 36.266 36.296 36.318 36.348 36.391 36.408 36.421 36.446 36.488 36.511 36.523 36.543 36.583 36.623 36.661 36.718 36.748 36.733 36.726 36.691 36.661 36.686 36.696 36.661 36.691 36.656 36.646 36.638 36.666 36.651 36.613 36.613 36.583 36.538 36.528 36.486 36.436 36.393 36.358 36.321 36.278
35.936 35.993 36.053 36.061 36.093 36.063 36.081 36.123 36.171 36.178 36.158 36.158 36.188 36.163 36.158 36.173 36.196 36.178 36.196 36.196 36.201 36.176 36.178 36.178 36.193 36.193 36.221 36.226 36.226 36.238 36.241 36.266 36.306 36.343 36.401 36.403 36.393 36.413 36.458 36.508 36.491 36.531 36.581 36.591 36.613 36.686 36.711 36.711 36.676 36.688 36.681 36.638 36.646 36.663 36.678 36.658 36.628 36.608 36.623 36.616 36.601 36.593 36.546 36.533 36.533 36.508 36.468 36.406 36.341 36.326 36.276
35.893 36.003 36.061 36.076 36.086 36.076 36.091 36.111 36.166 36.173 36.156 36.151 36.193 36.171 36.158 36.158 36.176 36.176 36.183 36.171 36.193 36.168 36.181 36.168 36.171 36.196 36.201 36.208 36.221 36.228 36.246 36.271 36.308 36.321 36.368 36.386 36.406 36.423 36.426 36.463 36.476 36.506 36.548 36.561 36.586 36.616 36.653 36.686 36.673 36.666 36.686 36.646 36.643 36.643 36.651 36.628 36.641 36.606 36.611 36.591 36.581 36.576 36.543 36.523 36.511 36.476 36.428 36.393 36.328 36.293 36.258
35.906 35.981 36.086 36.111 36.101 36.083 36.091 36.091 36.126 36.133 36.156 36.148 36.176 36.148 36.168 36.163 36.158 36.161 36.151 36.161 36.173 36.146 36.146 36.161 36.166 36.153 36.163 36.196 36.208 36.211 36.236 36.266 36.273 36.313 36.341 36.366 36.348 36.396 36.423 36.416 36.438 36.473 36.481 36.521 36.541 36.593 36.621 36.678 36.648 36.628 36.638 36.661 36.631 36.606 36.603 36.606 36.591 36.596 36.586 36.573 36.523 36.536 36.506 36.496 36.463 36.438 36.426 36.348 36.288 36.273 36.223
35.791 35.946 36.083 36.103 36.093 36.101 36.083 36.088 36.116 36.141 36.158 36.153 36.178 36.166 36.171 36.171 36.166 36.163 36.158 36.153 36.158 36.141 36.118 36.133 36.126 36.123 36.156 36.171 36.211 36.198 36.181 36.213 36.243 36.266 36.301 36.336 36.356 36.358 36.388 36.381 36.391 36.438 36.436 36.446 36.466 36.563 36.596 36.638 36.633 36.598 36.611 36.636 36.638 36.593 36.573 36.588 36.586 36.548 36.541 36.541 36.478 36.498 36.488 36.433 36.418 36.398 36.373 36.341 36.303 36.228 36.193
35.768 35.916 36.071 36.151 36.126 36.113 36.111 36.081 36.116 36.163 36.158 36.161 36.158 36.143 36.168 36.146 36.153 36.161 36.146 36.141 36.141 36.133 36.106 36.091 36.113 36.088 36.118 36.143 36.168 36.153 36.161 36.186 36.213 36.231 36.291 36.318 36.336 36.351 36.363 36.361 36.386 36.383 36.446 36.446 36.451 36.511 36.528 36.598 36.616 36.596 36.563 36.588 36.611 36.583 36.556 36.558 36.543 36.518 36.496 36.481 36.466 36.428 36.426 36.398 36.376 36.361 36.341 36.301 36.271 36.198 36.156
35.796 35.943 36.066 36.146 36.146 36.118 36.138 36.078 36.086 36.108 36.131 36.141 36.181 36.156 36.123 36.118 36.106 36.128 36.141 36.111 36.128 36.106 36.076 36.078 36.081 36.088 36.108 36.106 36.138 36.141 36.163 36.161 36.188 36.223 36.263 36.291 36.316 36.336 36.341 36.361 36.358 36.388 36.383 36.428 36.441 36.446 36.471 36.513 36.598 36.596 36.543 36.546 36.566 36.581 36.553 36.511 36.498 36.468 36.438 36.396 36.391 36.378 36.368 36.361 36.341 36.306 36.298 36.258 36.188 36.173 36.076
35.836 36.011 36.076 36.126 36.146 36.143 36.133 36.093 36.078 36.091 36.141 36.123 36.118 36.121 36.116 36.101 36.091 36.101 36.096 36.091 36.076 36.088 36.046 36.043 36.076 36.083 36.066 36.088 36.133 36.128 36.131 36.148 36.156 36.181 36.213 36.246 36.278 36.313 36.328 36.338 36.363 36.351 36.353 36.398 36.411 36.398 36.428 36.483 36.543 36.576 36.516 36.506 36.518 36.526 36.533 36.481 36.461 36.421 36.406 36.343 36.338 36.333 36.308 36.298 36.276 36.231 36.198 36.158 36.106 36.103 36.028
35.836 35.951 36.036 36.083 36.131 36.143 36.118 36.068 36.048 36.058 36.098 36.118 36.076 36.111 36.108 36.103 36.098 36.096 36.058 36.063 36.076 36.053 36.031 36.061 36.048 36.056 36.068 36.083 36.113 36.133 36.138 36.158 36.148 36.141 36.181 36.211 36.241 36.291 36.313 36.308 36.346 36.336 36.348 36.378 36.386 36.391 36.411 36.443 36.503 36.516 36.481 36.473 36.466 36.486 36.478 36.463 36.426 36.386 36.361 36.328 36.268 36.253 36.248 36.233 36.201 36.146 36.113 36.086 36.041 36.028 35.978
35.831 35.923 36.003 36.061 36.143 36.148 36.081 36.066 36.016 36.048 36.028 36.083 36.068 36.073 36.061 36.071 36.058 36.066 36.058 36.053 36.048 36.048 36.051 36.063 36.043 36.046 36.076 36.068 36.068 36.103 36.148 36.131 36.133 36.128 36.171 36.193 36.226 36.248 36.283 36.266 36.316 36.323 36.323 36.311 36.366 36.356 36.356 36.378 36.423 36.468 36.458 36.428 36.426 36.413 36.406 36.436 36.406 36.326 36.278 36.261 36.203 36.201 36.171 36.171 36.141 36.073 36.066 36.001 35.973 35.976 35.921
35.876 35.936 35.996 36.031 36.088 36.136 36.128 36.078 36.021 35.978 35.998 36.028 36.066 36.023 36.033 36.018 36.046 36.036 36.031 36.066 36.073 36.038 36.041 36.046 36.028 36.021 36.038 36.031 36.063 36.068 36.096 36.108 36.118 36.131 36.151 36.168 36.208 36.203 36.206 36.236 36.286 36.283 36.278 36.288 36.316 36.306 36.311 36.348 36.388 36.436 36.436 36.406 36.358 36.343 36.341 36.348 36.346 36.303 36.236 36.193 36.153 36.116 36.068 36.053 36.048 36.011 35.956 35.931 35.908 35.883 35.838
35.873 35.928 35.986 36.023 36.048 36.093 36.058 36.066 35.988 35.928 35.956 35.961 35.978 35.986 35.976 35.971 35.991 35.988 35.996 36.018 36.028 36.041 36.038 36.033 36.026 36.036 36.028 36.018 36.018 36.066 36.078 36.096 36.106 36.128 36.108 36.141 36.173 36.178 36.208 36.236 36.228 36.246 36.238 36.266 36.253 36.276 36.291 36.306 36.336 36.363 36.366 36.373 36.331 36.318 36.311 36.281 36.276 36.263 36.188 36.126 36.063 36.041 36.031 35.971 35.981 35.961 35.878 35.861 35.841 35.806 35.788
35.878 35.916 35.996 36.041 36.041 36.076 36.033 36.036 35.986 35.936 35.903 35.928 35.936 35.936 35.948 35.921 35.968 36.008 35.993 36.001 35.991 36.026 36.031 36.018 36.001 36.018 36.016 35.993 35.991 36.033 36.068 36.073 36.093 36.106 36.103 36.131 36.131 36.136 36.186 36.216 36.193 36.213 36.203 36.206 36.221 36.233 36.253 36.251 36.273 36.293 36.323 36.308 36.283 36.268 36.261 36.223 36.208 36.151 36.128 36.086 36.021 35.958 35.938 35.903 35.891 35.876 35.848 35.798 35.736 35.733 35.708
